 	Label	Area	Feret	FeretX	FeretY	FeretAngle	MinFeret	Central Nuclei	Total Myonuclei	Perinuclei
1	0001-0032	466.253	36.245	238	48	62.021	18.680	1	2	1
2	0003-0076	3074.669	97.541	171	125	84.114	45.660	0	1	1
3	0004-0060	859.467	46.499	396	82	71.175	24.009	3	3	0
4	0005-0065	980.532	49.258	359	87	60.832	28.436	2	2	0
5	0006-0063	389.211	28.800	241	77	69.677	19.005	1	3	2
6	0007-0085	2034.104	71.139	196	117	62.354	39.519	2	11	9
7	0008-0091	1762.957	64.368	245	112	45.630	43.615	1	3	2
8	0009-0108	1574.855	59.699	348	119	31.293	42.011	1	1	0
9	0011-0152	2857.551	82.102	110	190	67.810	48.827	2	3	1
10	0012-0144	2003.087	68.677	187	142	12.619	43.638	1	1	0
11	0013-0145	694.377	44.789	297	132	156.297	23.326	0	0	0
12	0014-0182	4912.667	94.920	125	193	172.126	76.692	3	3	0
13	0015-0185	3720.020	91.025	235	228	67.380	60.265	3	4	1
14	0016-0172	573.311	34.795	293	156	108.435	22.006	1	1	0
15	0017-0170	399.217	27.594	323	179	43.531	22.006	1	1	0
16	0018-0174	393.213	25.949	375	163	117.553	21.836	1	1	0
17	0019-0188	660.359	36.902	395	205	57.171	24.270	0	0	0
18	0020-0194	467.254	33.311	415	206	41.348	21.893	0	1	1
19	0021-0194	358.194	29.707	365	184	135.000	20.235	2	2	0
20	0022-0205	673.366	45.234	315	187	125.096	25.930	2	2	0
21	0023-0207	417.227	29.555	303	193	113.962	18.927	1	1	0
22	0024-0223	1606.872	65.752	255	251	56.793	35.816	1	5	4
23	0025-0229	2998.628	71.860	419	211	141.216	60.427	2	2	0
24	0026-0237	2648.438	77.719	60	251	31.849	48.002	4	5	1
25	0027-0248	4607.501	102.106	137	278	34.624	71.492	5	9	4
26	0028-0245	2139.161	60.819	363	220	126.304	46.012	1	1	0
27	0029-0238	415.225	31.631	294	251	55.305	19.000	1	1	0
28	0030-0243	686.373	43.944	307	260	48.691	22.129	0	0	0
29	0031-0252	990.538	44.284	411	231	108.435	30.008	1	1	0
30	0032-0266	2466.339	69.589	212	299	71.565	51.906	3	4	1
31	0033-0255	822.447	49.207	329	277	63.435	25.354	1	1	0
32	0034-0283	3338.813	84.195	6	293	13.046	51.879	2	2	0
33	0036-0278	857.466	45.012	92	288	36.870	27.288	1	1	0
34	0037-0287	1580.858	52.901	441	262	105.350	40.503	1	1	0
35	0038-0274	463.252	29.214	469	264	141.953	23.006	1	1	0
36	0039-0281	454.247	30.814	307	269	125.754	20.357	0	1	1
37	0040-0326	5552.014	117.233	305	372	53.326	71.369	6	7	1
38	0041-0314	3472.885	85.498	395	357	83.956	56.481	1	1	0
39	0042-0308	937.509	41.121	169	313	18.435	34.093	2	2	0
40	0043-0331	3823.076	84.142	186	345	28.393	69.126	3	3	0
41	0045-0368	1267.688	53.866	163	359	164.932	32.181	1	2	1
42	0046-0372	695.378	38.481	371	366	152.103	24.989	1	1	0
43	0048-0385	1016.552	47.815	234	369	127.349	32.356	2	9	7
44	0050-0401	1319.716	49.410	351	415	31.759	39.970	2	3	1
45	0051-0419	3558.932	101.299	390	415	170.910	45.511	3	4	1
46	0052-0420	661.359	43.023	100	438	54.462	21.807	1	2	1
47	0053-0445	2187.187	67.219	20	475	53.471	46.069	1	2	1
48	0054-0437	1234.670	49.054	230	456	39.207	36.438	1	1	0
49	0055-0451	1848.003	65.317	59	480	62.650	40.608	2	3	1
50	0056-0453	1186.644	55.486	94	470	33.977	30.360	1	2	1
51	0057-0458	1223.664	46.542	469	478	61.783	36.010	1	1	0
52	0058-0451	404.219	29.740	143	460	42.274	20.747	0	0	0
53	0059-0466	2090.135	59.833	410	450	141.789	43.372	1	2	1
54	0060-0466	502.273	46.542	184	478	28.217	15.005	0	0	0
55	0061-0473	918.499	42.213	249	463	166.293	30.025	0	0	0
56	0062-0482	1552.843	76.027	114	506	32.645	29.567	1	4	3
57	0063-0474	356.193	35.393	114	486	42.709	14.997	0	0	0
58	0064-0488	725.394	43.841	16	501	34.778	24.040	0	4	4
59	0065-0488	317.172	25.639	463	492	20.556	15.004	1	1	0
60	0442-0334	1598.868	74.937	300	461	25.710	30.288	1	2	1
61	0443-0387	760.413	40.089	371	433.500	146.706	25.109	2	4	2
62	0412-0311	3930.134	87.070	285.500	449	47.328	64.818	1	1	0
63	0368-0286	459.249	34.233	269	374	11.802	17.953	0	2	2
64	0321-0295	3416.855	78.008	266.500	356.500	49.160	63.303	1	1	0
65	0274-0277	1363.740	51.710	261	294.500	41.864	37.906	1	1	0
66	0359-0420	485.263	30.656	413.500	372.500	61.763	22.182	1	1	0
67	0377-0445	2025.099	75.333	408	387	10.713	41.278	1	3	2
68	0346-0446	630.342	39.867	433.500	364.500	70.201	26.317	0	0	0
69	0331-0470	600.326	39.371	452.500	320	154.411	21.219	1	1	0
70	0394-0483	790.429	38.562	485	375.500	99.707	32.009	0	0	0
71	0196-0351	303.165	28.451	347.500	182	100.125	15.504	1	1	0
72	0054-0453	3188.731	83.653	417	83	41.121	51.448	1	1	0
73	0117-0424	2450.330	67.976	397.500	136.500	34.509	47.483	0	2	2
74	0150-0443	1288.700	49.826	447.500	126	107.526	39.736	0	0	0
75	0059-0324	4136.246	114.396	304	3.500	106.771	52.486	3	3	0
76	0050-0267	539.293	35.365	261.500	33	98.130	22.006	0	0	0
77	0065-0116	4758.583	103.741	121	17	111.494	82.478	1	2	1
78	0121-0069	3440.868	86.726	31.500	149	30.114	60.116	1	3	2
79	0202-0084	2138.161	72.690	65.500	233	55.654	39.934	2	7	5
80	0438-0194	981.533	56.238	172	455.500	38.501	25.323	1	1	0
81	0424-0141	847.460	37.865	123	427.500	12.200	31.002	3	8	5
82	0404-0222	1722.935	57.333	210	378	113.658	42.121	2	4	2
83	0337-0156	1798.977	55.821	129	338	12.417	43.197	1	5	4
84	0296-0144	1180.641	62.667	113	298.500	8.259	24.007	1	1	0
85	0328-0093	1541.837	63.342	64	344.500	21.297	31.165	2	5	3
86	0370-0096	3280.781	79.451	57.500	369.500	10.886	56.285	1	1	0
87	0380-0150	858.466	42.059	131.500	394	25.346	28.508	0	4	4
88	0399-0177	908.493	44.761	155	395.500	166.430	28.940	1	5	4
89	0402-0054	1649.896	64.719	22	403	171.557	33.936	2	5	3
90	0040-0208	270.147	23.970	197	34.500	156.644	16.317	0	4	4
