 	Label	Area	Feret	FeretX	FeretY	FeretAngle	MinFeret	Central Nuclei	Total Myonuclei	Perinuclei
1	0001-0006	437.738	28.512	149	2	142.125	20.005	1	1	0
2	0002-0013	869.222	46.110	92	6	130.601	30.008	1	1	0
3	0003-0012	306.416	24.755	292	9	135.000	17.505	0	0	0
4	0004-0019	1532.082	52.036	225	13	144.782	40.011	1	1	0
5	0005-0020	831.702	41.014	280	14	127.569	27.507	1	1	0
6	0006-0023	1825.991	67.565	484	15	141.009	40.260	1	1	0
7	0007-0027	1832.245	62.116	159	16	139.899	50.014	2	2	0
8	0008-0028	956.769	44.242	248	23	137.291	32.509	0	0	0
9	0009-0025	306.416	24.755	114	22	135.000	17.505	0	0	0
10	0010-0028	662.860	39.062	93	23	140.194	25.007	0	0	0
11	0011-0036	1838.498	59.018	69	46	53.616	45.012	1	1	0
12	0012-0045	4020.933	93.634	108	31	145.886	65.425	3	3	0
13	0013-0036	631.593	37.175	183	31	132.274	25.007	1	1	0
14	0014-0044	2451.331	88.483	222	32	137.291	42.937	1	2	1
15	0015-0039	794.181	41.620	470	43	32.735	25.007	0	0	0
16	0016-0041	1219.412	57.079	491	35	151.189	29.425	0	0	0
17	0017-0054	3451.874	85.060	24	52	155.695	60.664	1	2	1
18	0018-0052	1038.064	51.553	171	44	129.094	30.060	1	1	0
19	0019-0059	2951.602	85.536	484	46	127.875	53.869	4	4	0
20	0020-0056	1769.711	56.694	460	64	41.424	45.012	0	0	0
21	0021-0055	1331.973	50.014	97	50	143.130	37.510	1	1	0
22	0022-0057	1181.892	55.072	145	49	129.472	31.828	1	1	0
23	0024-0068	2545.132	84.876	219	56	135.000	51.115	1	1	0
24	0025-0063	494.018	31.828	190	59	135.000	22.506	1	1	0
25	0026-0066	1006.797	45.082	134	63	146.310	32.509	1	1	0
26	0027-0073	2345.023	73.844	18	65	151.699	45.012	3	3	0
27	0028-0071	769.168	42.438	479	65	135.000	30.008	1	1	0
28	0029-0071	775.421	37.510	114	67	143.130	27.507	0	0	0
29	0030-0073	950.516	48.036	98	67	141.340	30.008	1	2	1
30	0031-0088	2326.263	73.886	52	75	113.962	45.012	2	2	0
31	0032-0080	750.407	39.062	190	75	140.194	27.507	2	2	0
32	0033-0085	1131.864	48.554	250	77	124.509	32.509	1	1	0
33	0034-0082	812.941	39.539	440	78	145.305	25.007	0	0	0
34	0035-0089	1632.136	57.570	478	81	145.620	40.011	1	1	0
35	0036-0094	1644.643	66.067	69	105	60.524	37.510	2	2	0
36	0037-0090	1519.575	58.593	123	84	140.194	40.059	1	1	0
37	0038-0092	1663.403	63.755	99	84	138.180	38.815	2	2	0
38	0039-0090	963.023	43.023	147	97	54.462	30.008	1	1	0
39	0040-0089	850.462	41.620	223	84	147.265	27.507	0	0	0
40	0041-0096	1988.580	63.902	460	86	120.579	43.343	1	1	0
41	0042-0098	2870.308	80.061	17	86	128.660	50.058	1	1	0
42	0043-0094	1407.014	58.379	207	86	133.264	35.365	0	0	0
43	0044-0094	781.674	40.708	500	100	47.490	27.507	0	1	1
44	0045-0093	437.738	30.112	188	89	138.366	20.005	1	1	0
45	0046-0101	1775.964	55.524	382	111	54.162	42.512	0	0	0
46	0047-0099	306.416	24.755	87	96	135.000	17.505	0	0	0
47	0048-0105	437.738	30.112	176	101	131.634	20.005	1	1	0
48	0049-0108	1056.824	48.036	200	101	128.660	32.509	1	1	0
49	0050-0113	1844.752	64.873	477	102	117.553	37.510	1	1	0
50	0051-0117	2720.227	79.473	125	132	65.854	55.340	3	3	0
51	0052-0109	625.339	36.065	166	103	123.690	22.506	0	0	0
52	0053-0111	800.435	39.062	215	106	129.806	27.507	1	1	0
53	0054-0114	1213.159	53.165	41	121	41.186	32.415	1	1	0
54	0055-0113	812.941	42.512	503	121	61.928	22.506	0	0	0
55	0056-0117	1025.557	49.511	88	110	135.000	33.597	0	1	1
56	0057-0119	669.113	38.171	492	113	121.608	22.506	1	1	0
57	0058-0121	487.765	30.112	194	117	131.634	22.506	1	1	0
58	0059-0125	887.982	44.523	51	132	51.843	30.008	1	2	1
59	0060-0127	1356.987	54.901	67	118	120.069	35.010	1	1	0
60	0061-0123	662.860	37.175	149	118	132.274	25.007	1	1	0
61	0062-0125	750.407	39.062	177	119	129.806	27.507	0	1	1
62	0063-0126	1050.570	44.242	205	119	132.709	32.509	3	3	0
63	0064-0134	2294.996	84.950	163	122	137.386	45.534	1	1	0
64	0065-0128	737.901	41.014	261	123	142.431	25.007	0	0	0
65	0066-0131	894.235	45.906	468	126	150.642	27.395	1	1	0
66	0067-0135	769.168	38.171	83	131	148.392	25.007	0	0	0
67	0068-0137	1113.104	44.523	497	131	128.157	35.010	1	1	0
68	0069-0148	2595.159	76.342	144	134	121.608	45.012	2	2	0
69	0070-0148	2388.797	74.351	33	139	132.274	47.743	0	1	1
70	0071-0139	306.416	24.755	132	136	135.000	17.505	0	0	0
71	0072-0145	1638.389	56.196	208	142	147.724	42.512	0	1	1
72	0073-0144	1069.331	43.744	485	152	59.036	32.509	1	1	0
73	0075-0149	1113.104	49.321	69	141	120.466	32.258	0	0	0
74	0076-0149	731.647	41.014	95	144	142.431	25.007	0	0	0
75	0077-0148	437.738	30.112	245	144	138.366	20.005	0	0	0
76	0078-0150	650.353	35.541	162	145	140.711	25.007	0	0	0
77	0079-0161	1031.810	44.242	92	155	132.709	32.509	0	0	0
78	0080-0163	850.462	40.322	110	170	60.255	27.507	0	0	0
79	0081-0166	1269.439	57.024	178	157	127.875	34.668	0	0	0
80	0082-0165	1682.163	55.524	246	160	144.162	37.510	0	2	2
81	0083-0170	831.702	49.637	198	164	139.086	31.828	1	1	0
82	0084-0184	1194.398	50.014	66	177	126.870	32.509	0	0	0
83	0085-0188	1669.656	58.539	90	199	70.017	35.010	0	0	0
84	0086-0185	637.846	35.541	229	181	140.711	25.007	0	0	0
85	0087-0183	393.964	28.512	262	180	142.125	17.505	0	0	0
86	0088-0187	544.045	32.024	51	182	128.660	22.506	0	0	0
87	0089-0192	1569.602	62.517	135	182	126.870	36.376	1	1	0
88	0090-0192	431.484	30.112	220	188	131.634	20.005	0	0	0
89	0091-0198	1331.973	56.694	6	190	138.576	35.787	0	1	1
90	0092-0193	306.416	24.755	60	190	135.000	17.505	0	0	0
91	0093-0200	637.846	37.175	39	195	132.274	25.007	0	0	0
92	0094-0204	856.715	41.620	175	209	32.735	30.008	0	0	0
93	0095-0204	669.113	39.539	424	211	55.305	22.506	0	0	0
94	0096-0210	1569.602	57.024	55	201	127.875	40.011	1	2	1
95	0097-0206	687.873	34.013	112	201	126.027	27.507	0	0	0
96	0098-0208	950.516	48.554	124	202	145.491	27.958	1	1	0
97	0099-0210	931.756	47.775	75	204	137.121	31.313	0	0	0
98	0100-0210	1188.145	50.014	455	205	143.130	32.509	2	2	0
99	0101-0208	306.416	24.755	98	205	135.000	17.505	0	0	0
100	0102-0216	1256.932	50.014	153	208	126.870	34.330	1	2	1
101	0103-0213	556.552	35.541	410	208	129.289	22.506	0	0	0
102	0104-0211	306.416	24.755	439	208	135.000	17.505	1	1	0
103	0105-0215	1088.091	41.620	476	220	32.735	35.010	1	1	0
104	0106-0220	1338.227	56.196	24	213	147.724	34.571	2	2	0
105	0107-0224	1031.810	45.974	107	218	135.000	32.509	0	0	0
106	0108-0222	481.511	31.828	122	227	45.000	22.506	0	0	0
107	0109-0231	1869.765	67.100	136	243	63.435	40.011	3	4	1
108	0110-0231	1369.494	57.024	87	222	127.875	36.759	1	1	0
109	0112-0236	1344.480	54.844	170	226	114.228	30.008	1	1	0
110	0113-0243	2557.639	97.109	23	227	124.509	42.591	1	1	0
111	0114-0232	600.326	37.175	275	227	132.274	25.007	0	0	0
112	0115-0238	1944.806	66.020	44	230	142.696	41.303	1	1	0
113	0116-0245	1663.403	60.483	180	256	60.255	37.510	2	2	0
114	0117-0248	944.263	47.775	142	255	47.121	31.210	1	1	0
115	0118-0253	1088.091	48.102	280	262	62.103	27.507	1	1	0
116	0119-0252	1000.543	46.110	111	246	139.399	30.008	1	1	0
117	0120-0260	1675.910	63.755	68	250	131.820	44.206	2	2	0
118	0121-0258	850.462	48.102	292	250	117.897	22.506	0	0	0
119	0122-0256	537.792	30.525	160	251	124.992	22.506	1	1	0
120	0123-0259	387.710	28.292	446	255	135.000	20.005	0	0	0
121	0124-0265	994.290	43.744	140	261	149.036	30.008	0	0	0
122	0125-0266	1138.118	48.036	225	260	141.340	35.010	1	2	1
123	0126-0266	781.674	40.708	30	260	132.510	27.507	1	1	0
124	0127-0273	1432.027	50.325	49	264	116.565	37.510	0	0	0
125	0128-0276	3145.458	89.537	431	267	144.090	49.207	0	0	0
126	0129-0273	1244.426	46.110	91	281	40.601	37.510	1	1	0
127	0130-0280	1582.109	68.255	207	268	118.443	32.478	1	1	0
128	0131-0277	2113.648	69.481	393	271	149.744	37.510	2	2	0
129	0132-0280	1256.932	55.524	156	289	54.162	32.432	1	1	0
130	0133-0277	443.991	30.112	113	273	138.366	20.005	0	0	0
131	0134-0281	637.846	37.510	171	287	53.130	22.506	1	1	0
132	0135-0281	531.539	34.013	61	287	53.973	20.005	0	0	0
133	0136-0281	512.778	33.643	131	276	131.987	22.506	0	0	0
134	0137-0289	3095.431	79.787	262	281	147.804	58.067	0	0	0
135	0138-0283	531.539	34.013	222	278	126.027	20.005	0	0	0
136	0139-0284	944.263	44.523	302	290	38.157	30.008	0	1	1
137	0140-0283	393.964	28.292	33	279	135.000	20.005	0	0	0
138	0141-0294	3601.956	83.277	467	286	138.652	60.120	2	2	0
139	0142-0287	831.702	40.322	74	294	60.255	25.007	0	0	0
140	0143-0291	1281.946	61.762	234	281	121.759	30.707	1	1	0
141	0144-0286	619.086	36.065	497	282	146.310	22.506	0	0	0
142	0145-0297	1926.046	63.755	15	288	131.820	47.513	1	1	0
143	0146-0293	887.982	40.322	397	288	150.255	27.507	1	1	0
144	0147-0295	875.475	41.014	427	289	127.569	30.008	0	1	1
145	0148-0300	2157.421	78.124	98	291	140.194	47.469	2	3	1
146	0149-0307	3057.910	81.914	156	293	121.264	55.015	1	1	0
147	0150-0301	1081.837	49.321	443	310	59.534	27.507	1	1	0
148	0151-0310	3620.716	100.027	191	294	126.870	53.047	2	2	0
149	0152-0304	1319.466	50.325	502	313	63.435	32.509	1	1	0
150	0153-0304	1338.227	51.553	45	297	140.906	40.011	0	1	1
151	0154-0307	1469.548	58.593	458	298	129.806	36.759	2	3	1
152	0155-0309	1719.684	60.120	378	300	135.000	44.275	0	0	0
153	0156-0310	694.127	38.171	181	304	121.608	22.506	0	0	0
154	0157-0316	2326.263	65.210	91	309	147.529	52.514	1	2	1
155	0158-0315	944.263	46.110	319	322	49.399	30.008	1	2	1
156	0159-0318	1394.507	57.024	73	309	127.875	35.010	1	1	0
157	0161-0316	800.435	42.438	122	322	45.000	30.008	0	1	1
158	0162-0317	906.742	44.523	400	310	128.157	30.008	0	1	1
159	0163-0321	1657.150	58.379	141	314	133.264	38.901	1	1	0
160	0164-0321	1025.557	46.515	62	314	126.254	32.432	1	1	0
161	0165-0326	1588.362	66.445	352	314	109.799	32.509	1	4	3
162	0166-0321	637.846	36.065	270	315	123.690	22.506	0	0	0
163	0167-0323	525.285	32.024	190	318	128.660	22.506	1	1	0
164	0168-0326	938.009	42.585	243	320	139.764	32.509	1	2	1
165	0169-0327	1488.308	55.524	426	322	144.162	37.510	1	1	0
166	0170-0328	1069.331	43.023	222	321	125.538	35.010	1	2	1
167	0171-0327	443.991	30.112	452	332	48.366	20.005	1	1	0
168	0172-0341	2051.114	79.078	330	356	71.565	32.509	1	1	0
169	0173-0338	2526.372	84.024	127	330	143.471	47.519	1	1	0
170	0174-0333	387.710	28.292	175	329	135.000	20.005	0	0	0
171	0175-0342	3414.354	81.147	380	329	123.690	64.234	2	3	1
172	0176-0338	950.516	45.906	467	346	60.642	27.507	0	0	0
173	0177-0339	1225.665	48.554	110	347	55.491	32.509	0	0	0
174	0178-0342	2138.661	86.228	413	332	150.461	37.816	3	3	0
175	0179-0344	1807.231	65.210	90	355	57.529	47.513	0	1	1
176	0181-0346	1932.299	69.165	54	357	49.399	41.382	0	0	0
177	0182-0341	587.819	35.541	156	347	50.711	22.506	1	1	0
178	0183-0346	1788.471	59.018	209	352	36.384	42.307	1	2	1
179	0184-0343	963.023	48.036	253	351	51.340	30.008	0	0	0
180	0186-0339	393.964	28.512	294	336	142.125	17.505	1	1	0
181	0187-0347	1031.810	57.134	502	358	66.801	22.506	1	2	1
182	0188-0341	306.416	24.755	344	338	135.000	17.505	0	0	0
183	0189-0344	575.312	34.013	77	339	126.027	22.506	0	0	0
184	0190-0345	306.416	24.755	320	342	135.000	17.505	0	0	0
185	0192-0355	1069.331	46.983	194	347	115.201	30.008	2	2	0
186	0193-0359	2182.435	68.666	473	371	56.889	52.788	4	4	0
187	0195-0358	1369.494	56.694	300	350	131.424	38.901	0	2	2
188	0196-0357	925.502	44.523	449	350	128.157	30.008	1	1	0
189	0197-0361	1719.684	55.917	121	351	116.565	42.512	0	0	0
190	0198-0357	769.168	38.171	142	352	148.392	25.007	0	0	0
191	0199-0360	1181.892	46.110	101	367	40.601	35.010	0	0	0
192	0200-0363	2194.942	74.602	371	353	140.440	45.058	1	1	0
193	0201-0362	881.729	46.110	76	369	49.399	30.008	0	0	0
194	0202-0373	4127.241	88.093	409	362	145.408	63.303	3	4	1
195	0203-0366	637.846	33.643	252	371	41.987	25.007	0	0	0
196	0204-0378	3132.951	99.180	45	395	56.310	61.517	1	1	0
197	0205-0370	919.249	46.110	437	364	139.399	30.060	1	2	1
198	0206-0375	1507.068	69.526	146	367	142.306	35.969	1	1	0
199	0208-0384	1450.788	64.049	246	394	51.340	34.653	1	1	0
200	0209-0377	306.416	24.755	359	374	135.000	17.505	0	0	0
201	0210-0379	437.738	30.112	133	375	131.634	20.005	0	0	0
202	0211-0379	393.964	28.292	480	375	135.000	20.005	0	0	0
203	0213-0392	2207.448	66.586	381	404	55.713	52.514	1	1	0
204	0214-0392	1919.792	61.762	189	403	58.241	46.469	1	1	0
205	0215-0387	581.566	35.365	453	392	45.000	25.007	1	1	0
206	0216-0395	1356.987	65.210	319	405	57.529	35.177	2	2	0
207	0217-0387	306.416	24.755	491	384	135.000	17.505	0	1	1
208	0218-0391	587.819	34.741	443	385	120.256	20.005	0	0	0
209	0219-0391	762.914	41.014	99	396	37.569	27.507	0	0	0
210	0220-0389	306.416	24.755	265	386	135.000	17.505	0	0	0
211	0221-0392	519.032	33.643	139	387	131.987	22.506	0	0	0
212	0222-0392	612.833	37.175	471	387	137.726	25.007	0	0	0
213	0223-0399	2326.263	64.873	159	411	62.447	45.012	1	1	0
214	0224-0398	706.634	39.062	355	404	50.194	25.007	0	1	1
215	0225-0397	744.154	37.510	429	393	143.130	27.507	0	1	1
216	0226-0400	575.312	36.065	308	406	56.310	20.005	1	1	0
217	0227-0405	1219.412	55.524	102	414	54.162	33.358	0	0	0
218	0228-0401	581.566	33.643	460	405	41.987	25.007	1	1	0
219	0229-0401	737.901	43.744	290	406	30.964	22.506	1	2	1
220	0230-0408	1650.896	57.570	250	418	55.620	40.011	1	1	0
221	0231-0409	1638.389	64.049	420	399	128.660	38.901	0	1	1
222	0232-0406	787.928	39.062	139	412	50.194	27.507	0	1	1
223	0233-0405	537.792	34.013	345	411	53.973	20.005	1	1	0
224	0234-0409	1106.851	48.102	198	401	117.897	30.008	0	0	0
225	0235-0405	393.964	28.512	394	402	142.125	17.505	0	0	0
226	0236-0419	3383.087	95.714	446	404	123.275	55.057	3	3	0
227	0237-0410	1156.878	43.744	174	403	120.964	35.010	0	0	0
228	0238-0411	931.756	48.036	487	419	51.340	30.008	0	1	1
229	0240-0417	1300.706	49.321	473	408	120.466	37.365	1	1	0
230	0241-0420	1388.254	53.047	53	429	45.000	37.510	1	1	0
231	0242-0419	519.032	34.013	283	425	53.973	20.005	0	0	0
232	0243-0422	306.416	24.755	193	419	135.000	17.505	0	0	0
233	0244-0423	437.738	28.512	264	419	127.875	20.005	0	0	0
234	0245-0426	869.222	44.523	383	433	51.843	27.507	1	1	0
235	0246-0427	938.009	41.620	397	434	57.265	30.008	0	0	0
236	0247-0426	431.484	30.112	341	422	131.634	20.005	0	1	1
237	0248-0429	637.846	36.065	68	435	56.310	22.506	1	1	0
238	0249-0434	2332.516	69.526	419	423	127.694	52.514	1	1	0
239	0250-0432	1713.430	57.024	138	425	142.125	42.512	0	0	0
240	0251-0433	2251.222	71.171	236	433	161.565	47.513	0	0	0
241	0252-0430	594.073	34.013	125	435	36.027	22.506	0	0	0
242	0253-0436	1356.987	65.449	493	427	133.452	40.879	2	2	0
243	0254-0442	2989.123	95.551	466	456	47.121	49.198	4	4	0
244	0255-0436	1069.331	44.523	160	430	141.843	32.509	0	0	0
245	0256-0437	687.873	34.013	49	441	36.027	27.507	1	1	0
246	0258-0438	350.190	26.583	310	434	131.186	17.505	0	0	0
247	0259-0439	350.190	26.583	109	435	131.186	17.505	0	0	0
248	0260-0439	437.738	30.112	331	444	48.366	20.005	0	0	0
249	0261-0445	2326.263	66.067	383	453	29.476	50.014	0	1	1
250	0262-0441	806.688	39.539	61	438	145.305	27.507	0	0	0
251	0263-0446	737.901	37.510	180	452	53.130	27.507	0	0	0
252	0264-0447	850.462	42.438	270	453	45.000	30.008	1	1	0
253	0266-0451	781.674	38.901	333	457	45.000	27.507	0	0	0
254	0267-0455	1100.598	45.906	192	447	119.358	30.008	0	0	0
255	0268-0457	1707.177	62.517	248	447	126.870	39.329	1	1	0
256	0269-0455	956.769	41.014	362	460	37.569	30.008	0	0	0
257	0270-0459	1738.444	59.282	424	449	117.646	40.011	1	1	0
258	0272-0457	531.539	30.525	59	452	124.992	22.506	0	0	0
259	0273-0459	769.168	39.539	403	466	55.305	25.007	0	1	1
260	0274-0464	994.290	47.183	268	456	122.005	25.007	1	2	1
261	0275-0459	350.190	26.583	346	456	138.814	17.505	0	0	0
262	0277-0468	2088.634	68.026	470	479	53.973	45.974	1	2	1
263	0278-0468	1388.254	50.014	239	460	126.870	40.011	0	0	0
264	0279-0470	1063.077	48.102	366	479	62.103	27.507	0	0	0
265	0280-0473	1050.570	43.744	353	481	59.036	32.509	1	1	0
266	0281-0478	2213.702	61.049	327	488	55.008	50.014	0	0	0
267	0282-0476	1400.760	52.036	444	485	54.782	40.011	1	2	1
268	0283-0475	594.073	35.541	401	471	140.711	22.506	0	0	0
269	0284-0482	1550.842	59.650	421	472	123.024	36.910	0	0	0
270	0286-0484	2945.349	77.883	153	496	42.397	57.516	1	1	0
271	0287-0484	994.290	47.183	247	480	147.995	29.916	0	0	0
272	0288-0485	525.285	34.013	316	491	53.973	20.005	0	0	0
273	0289-0491	1838.498	57.024	383	499	52.125	42.512	0	0	0
274	0290-0492	2019.847	64.535	407	482	125.538	45.012	1	2	1
275	0292-0499	800.435	41.014	439	505	37.569	27.507	0	1	1
276	0293-0505	637.846	37.510	368	510	36.870	22.506	1	1	0
