 	Label	Area	Feret	FeretX	FeretY	FeretAngle	MinFeret	Central Nuclei	Total Myonuclei	Perinuclei
1	0001-0023	5959.485	108.571	422	44	75.324	77.521	3	3	0
2	0002-0013	387.710	28.292	310	9	135.000	20.005	0	0	0
3	0004-0025	350.190	26.583	471	21	131.186	17.505	0	0	0
4	0008-0054	3120.444	77.036	290	41	125.754	54.585	2	3	1
5	0010-0056	912.996	43.744	321	51	149.036	27.507	0	0	0
6	0011-0058	443.991	30.112	255	54	131.634	20.005	0	0	0
7	0012-0063	1088.091	46.110	486	56	139.399	35.010	0	1	1
8	0014-0065	306.416	24.755	318	62	135.000	17.505	0	0	0
9	0016-0090	1663.403	64.873	294	79	117.553	36.168	2	2	0
10	0017-0099	531.539	33.643	129	94	131.987	22.506	0	0	0
11	0018-0098	487.765	31.828	211	103	45.000	22.506	0	1	1
12	0019-0099	350.190	26.583	285	95	131.186	17.505	0	0	0
13	0022-0118	350.190	26.583	354	114	131.186	17.505	0	0	0
14	0023-0120	881.729	44.523	466	115	141.843	27.507	1	2	1
15	0024-0139	3920.879	104.011	247	121	117.181	50.929	1	3	2
16	0025-0126	306.416	24.755	304	123	135.000	17.505	0	0	0
17	0026-0138	2207.448	74.937	435	125	115.710	37.510	2	2	0
18	0027-0138	1544.589	57.079	453	148	61.189	35.010	0	1	1
19	0028-0135	912.996	45.082	466	143	56.310	27.507	0	0	0
20	0030-0147	3164.218	87.094	224	135	129.174	51.444	2	4	2
21	0031-0141	806.688	42.585	476	147	40.236	30.008	1	2	1
22	0032-0152	1800.978	56.196	295	162	57.724	45.012	1	1	0
23	0033-0160	2882.815	80.644	158	146	119.745	69.698	3	3	0
24	0034-0154	988.036	47.183	396	146	122.005	27.507	2	2	0
25	0035-0158	2138.661	61.049	211	149	124.992	52.009	1	2	1
26	0036-0160	2395.050	69.526	171	149	127.694	53.755	1	1	0
27	0037-0157	1538.335	50.635	455	151	159.775	40.011	0	0	0
28	0038-0155	387.710	28.292	318	151	135.000	20.005	1	1	0
29	0039-0160	1063.077	47.775	356	154	132.879	32.509	2	2	0
30	0040-0167	1663.403	60.535	343	157	128.290	41.873	1	2	1
31	0042-0171	1888.525	57.570	327	182	55.620	40.011	2	2	0
32	0043-0174	2069.874	65.640	229	164	130.365	47.513	1	1	0
33	0044-0168	350.190	26.583	248	165	138.814	17.505	0	1	1
34	0046-0178	2101.141	63.657	476	187	45.000	45.012	1	1	0
35	0048-0176	994.290	43.023	387	181	35.538	32.509	0	0	0
36	0049-0180	1094.344	50.635	310	189	57.095	32.422	0	0	0
37	0050-0182	856.715	43.744	250	175	120.964	25.007	0	0	0
38	0051-0182	306.416	24.755	346	179	135.000	17.505	0	0	0
39	0052-0186	950.516	48.036	395	193	38.660	29.130	1	1	0
40	0053-0191	850.462	42.512	327	184	118.072	25.007	1	1	0
41	0054-0193	1063.077	42.512	296	191	151.928	32.509	2	2	0
42	0055-0199	1926.046	69.526	332	210	52.306	57.516	1	1	0
43	0056-0196	1031.810	43.023	238	189	125.538	32.509	1	2	1
44	0057-0196	437.738	28.512	357	192	142.125	20.005	0	1	1
45	0059-0200	612.833	35.365	250	206	45.000	25.007	0	0	0
46	0060-0201	519.032	33.643	404	206	48.013	22.506	0	0	0
47	0061-0207	750.407	38.171	289	201	121.608	25.007	0	0	0
48	0062-0206	494.018	32.024	320	201	128.660	20.005	0	0	0
49	0063-0210	1019.303	47.775	302	203	132.879	32.509	0	0	0
50	0064-0214	1607.123	51.553	257	207	129.094	42.512	2	3	1
51	0065-0210	475.258	31.828	238	206	135.000	22.506	0	0	0
52	0067-0226	2632.679	74.937	328	240	64.290	55.015	3	3	0
53	0068-0219	1369.494	52.752	345	226	31.430	32.509	1	1	0
54	0069-0220	612.833	37.175	188	215	132.274	25.007	0	1	1
55	0070-0224	969.276	42.585	233	219	139.764	32.509	1	1	0
56	0072-0225	431.484	30.112	294	221	131.634	20.005	1	1	0
57	0073-0233	1532.082	57.024	368	242	52.125	40.011	1	1	0
58	0077-0242	2989.123	88.483	183	229	132.709	56.333	0	0	0
59	0079-0243	975.530	43.023	289	236	125.538	30.008	2	2	0
60	0080-0248	1169.385	50.014	264	240	126.870	35.010	1	2	1
61	0081-0262	2144.914	91.574	209	247	124.992	35.924	0	0	0
62	0082-0255	487.765	32.024	330	250	128.660	20.005	1	1	0
63	0083-0259	1244.426	47.183	318	251	122.005	37.510	1	1	0
64	0084-0261	1457.041	55.355	358	251	108.435	35.010	1	1	0
65	0085-0261	1857.258	58.593	291	255	140.194	45.012	1	1	0
66	0086-0265	1763.457	57.570	257	256	124.380	45.366	0	0	0
67	0087-0263	706.634	41.014	480	270	52.431	25.007	1	1	0
68	0088-0272	2370.037	97.655	185	259	140.194	42.318	1	1	0
69	0089-0273	2688.960	80.528	277	259	115.769	47.513	1	1	0
70	0091-0274	1438.281	53.165	367	266	131.186	37.510	1	1	0
71	0092-0273	350.190	26.583	244	269	131.186	17.505	1	1	0
72	0093-0276	787.928	39.539	451	283	55.305	27.507	1	2	1
73	0094-0282	1694.670	68.026	292	271	126.027	38.385	2	2	0
74	0096-0282	1075.584	44.242	123	276	132.709	35.010	0	0	0
75	0097-0287	1213.159	65.640	98	297	49.635	34.310	2	2	0
76	0099-0284	700.380	39.539	226	278	124.695	25.007	0	1	1
77	0100-0290	794.181	53.165	51	298	48.814	29.508	0	0	0
78	0101-0291	812.941	41.620	381	298	57.265	25.007	0	0	0
79	0102-0288	306.416	24.755	215	285	135.000	17.505	0	0	0
80	0103-0291	437.738	30.112	204	287	138.366	20.005	1	1	0
81	0104-0302	3039.150	91.574	360	293	145.008	57.309	1	3	2
82	0105-0292	443.991	30.112	85	288	131.634	20.005	0	0	0
83	0106-0312	5678.083	149.205	124	291	140.440	87.500	3	4	1
84	0107-0297	812.941	44.242	191	291	132.709	29.508	0	2	2
85	0109-0299	869.222	39.539	154	293	124.695	30.008	0	1	1
86	0110-0296	306.416	24.755	167	293	135.000	17.505	0	0	0
87	0111-0303	1650.896	68.984	243	312	43.531	45.508	0	2	2
88	0113-0304	931.756	44.242	177	311	47.291	30.008	0	0	0
89	0115-0314	1644.643	60.483	325	324	60.255	35.010	1	1	0
90	0116-0309	350.190	26.583	192	306	138.814	17.505	0	0	0
91	0117-0321	1050.570	46.515	245	326	36.254	32.509	3	3	0
92	0118-0327	1394.507	57.134	385	338	66.801	30.008	1	2	1
93	0119-0328	1494.561	58.164	398	339	64.537	32.509	0	0	0
94	0120-0340	3395.593	107.964	205	361	76.608	47.513	1	1	0
95	0121-0323	393.964	28.292	421	327	45.000	20.005	0	0	0
96	0122-0324	443.991	30.112	176	320	131.634	20.005	1	2	1
97	0123-0324	393.964	28.292	283	328	45.000	20.005	0	0	0
98	0124-0323	306.416	24.755	485	320	135.000	17.505	1	1	0
99	0125-0330	581.566	34.013	189	336	53.973	22.506	0	0	0
100	0126-0338	1231.919	50.014	253	333	143.130	35.010	1	2	1
101	0127-0342	1675.910	63.902	326	353	59.421	37.510	1	1	0
102	0129-0338	769.168	42.585	239	345	49.764	27.507	1	1	0
103	0130-0342	1619.629	54.098	108	335	146.310	42.512	2	4	2
104	0131-0340	656.606	37.510	128	334	126.870	22.506	0	1	1
105	0132-0351	4996.463	122.022	287	369	45.830	76.142	0	0	0
106	0133-0352	1557.095	75.228	191	338	111.448	36.380	1	1	0
107	0134-0353	1951.059	66.445	389	341	109.799	37.510	0	1	1
108	0135-0348	387.710	28.292	376	352	45.000	20.005	1	1	0
109	0136-0351	350.190	26.583	485	347	131.186	17.505	0	1	1
110	0137-0358	481.511	32.605	276	353	122.471	17.505	0	1	1
111	0138-0368	1256.932	46.110	333	375	40.601	37.510	1	1	0
112	0139-0365	575.312	35.541	373	370	39.289	22.506	0	1	1
113	0140-0368	925.502	41.014	203	363	142.431	30.008	0	0	0
114	0141-0374	1338.227	62.517	302	384	53.130	31.134	0	0	0
115	0142-0370	443.991	30.112	147	375	48.366	20.005	0	0	0
116	0143-0370	387.710	28.292	173	374	45.000	20.005	0	0	0
117	0144-0373	762.914	38.171	89	369	148.392	25.007	1	1	0
118	0145-0373	306.416	24.755	113	370	135.000	17.505	0	0	0
119	0146-0381	2282.489	66.586	321	370	124.287	51.673	1	1	0
120	0147-0375	487.765	30.112	291	371	131.634	22.506	0	1	1
121	0148-0379	306.416	24.755	355	376	135.000	17.505	0	0	0
122	0149-0385	1244.426	45.906	176	393	60.642	35.010	2	2	0
123	0150-0382	487.765	30.525	162	378	145.008	20.005	0	0	0
124	0151-0384	437.738	30.112	148	389	48.366	20.005	0	0	0
125	0152-0395	3314.299	91.813	330	407	29.358	63.197	5	6	1
126	0153-0391	400.217	28.292	162	387	135.000	20.005	0	1	1
127	0154-0394	612.833	35.365	393	399	45.000	25.007	0	0	0
128	0155-0401	1094.344	47.183	165	397	147.995	27.507	0	2	2
129	0156-0404	1550.842	58.379	310	396	136.736	39.731	1	1	0
130	0157-0406	2088.634	74.937	276	410	25.710	45.012	1	2	1
131	0159-0409	387.710	28.292	354	413	45.000	20.005	0	0	0
132	0161-0413	544.045	35.541	177	419	50.711	22.506	0	0	0
133	0162-0417	875.475	43.023	131	410	125.538	27.507	0	0	0
134	0163-0420	1550.842	53.165	330	429	48.814	40.011	1	1	0
135	0164-0423	2576.399	77.883	305	412	137.603	54.667	1	2	1
136	0166-0421	306.416	24.755	237	418	135.000	17.505	0	1	1
137	0167-0435	1538.335	62.667	246	424	118.610	37.400	1	3	2
138	0168-0435	1794.724	57.570	435	429	145.620	42.512	1	1	0
139	0169-0433	756.661	36.065	485	429	146.310	27.507	0	0	0
140	0171-0438	531.539	32.024	164	433	128.660	22.506	1	1	0
141	0172-0445	2557.639	70.818	280	455	47.862	52.514	0	1	1
142	0175-0452	2138.661	61.914	261	461	46.637	50.014	2	2	0
143	0176-0447	437.738	30.112	409	452	48.366	20.005	1	1	0
144	0177-0449	831.702	39.062	433	444	140.194	27.507	1	2	1
145	0178-0458	1794.724	76.055	311	472	62.592	41.381	2	3	1
146	0179-0459	437.738	28.512	207	455	142.125	20.005	0	0	0
147	0180-0458	306.416	24.755	248	455	135.000	17.505	0	0	0
148	0181-0460	650.353	37.175	381	455	132.274	25.007	1	1	0
149	0182-0458	393.964	28.512	424	455	142.125	17.505	0	0	0
150	0184-0465	1700.923	64.097	275	461	159.444	32.509	1	2	1
151	0186-0468	650.353	35.541	497	463	129.289	25.007	1	2	1
152	0187-0476	700.380	37.510	399	471	143.130	25.007	0	0	0
153	0188-0476	662.860	37.510	373	481	36.870	22.506	0	0	0
154	0189-0486	1919.792	84.024	369	497	36.529	37.733	0	0	0
155	0190-0484	443.991	30.112	228	480	131.634	20.005	0	0	0
156	0191-0492	694.127	38.171	336	486	121.608	22.506	1	1	0
157	0192-0494	681.620	37.510	444	488	126.870	25.007	1	2	1
158	0145-0330	562.806	36.458	327	138.667	100.539	22.144	0	0	0
159	0137-0341	2795.268	78.534	328.500	125.500	131.558	50.343	0	0	0
160	0143-0314	600.326	38.028	311.833	136	99.462	19.999	1	1	0
