 	Label	Area	Feret	FeretX	FeretY	FeretAngle	MinFeret	Central Nuclei	Total Myonuclei	Perinuclei
1	0001-0009	1338.227	50.635	428	16	32.905	37.510	2	2	0
2	0002-0016	1563.349	50.014	33	8	126.870	40.011	1	2	1
3	0003-0018	2119.901	69.165	7	28	40.601	45.509	1	1	0
4	0004-0015	1169.385	51.553	88	9	140.906	32.509	1	1	0
5	0005-0016	825.448	37.510	118	10	126.870	30.008	0	0	0
6	0006-0021	1951.059	57.079	68	31	61.189	45.012	2	2	0
7	0007-0019	1757.204	60.483	373	24	29.745	40.011	2	2	0
8	0008-0021	1050.570	48.554	49	13	124.509	30.008	1	1	0
9	0009-0021	1350.733	51.553	399	27	39.094	38.862	1	1	0
10	0010-0019	862.969	43.744	191	14	149.036	25.007	1	1	0
11	0011-0021	687.873	37.510	224	27	53.130	25.007	1	1	0
12	0012-0021	387.710	28.292	164	25	45.000	20.005	1	1	0
13	0013-0022	712.887	37.175	459	28	42.274	27.507	1	1	0
14	0014-0022	387.710	28.292	133	26	45.000	20.005	0	1	1
15	0015-0026	1106.851	47.183	177	19	122.005	30.008	1	1	0
16	0016-0026	862.969	41.014	419	32	37.569	30.008	0	0	0
17	0017-0038	4252.309	90.613	130	33	152.021	70.019	2	2	0
18	0018-0033	1169.385	53.047	191	41	45.000	36.759	1	1	0
19	0019-0031	912.996	41.620	439	36	32.735	27.507	0	0	0
20	0020-0032	694.127	35.541	43	27	129.289	27.507	1	2	1
21	0021-0032	681.620	41.014	486	37	37.569	25.007	1	2	1
22	0022-0038	1932.299	59.650	19	28	123.024	45.012	2	2	0
23	0023-0042	2495.105	76.342	86	29	121.608	47.521	2	3	1
24	0024-0041	1238.172	55.524	212	50	54.162	32.509	0	0	0
25	0025-0036	525.285	32.024	366	33	141.340	22.506	0	1	1
26	0026-0039	1169.385	50.325	383	34	153.435	30.008	0	0	0
27	0027-0040	475.258	32.024	167	35	128.660	20.005	1	1	0
28	0028-0044	825.448	40.708	230	49	42.510	30.008	1	1	0
29	0029-0046	719.140	39.062	429	51	39.806	25.007	1	1	0
30	0030-0049	1081.837	46.515	38	55	36.254	30.008	1	3	2
31	0031-0050	925.502	40.322	116	43	119.745	30.008	0	0	0
32	0032-0049	894.235	43.023	270	45	144.462	27.507	0	0	0
33	0033-0049	387.710	28.292	190	45	135.000	20.005	1	1	0
34	0034-0056	2019.847	66.020	68	46	127.304	43.695	1	1	0
35	0035-0052	675.367	39.062	449	58	50.194	25.007	0	1	1
36	0036-0054	487.765	30.525	178	49	124.992	20.005	0	0	0
37	0037-0055	612.833	35.541	374	61	50.711	25.007	0	0	0
38	0038-0057	581.566	35.541	4	63	50.711	22.506	0	0	0
39	0039-0063	2119.901	75.228	223	59	158.552	37.756	4	4	0
40	0040-0070	2964.109	78.523	456	83	52.765	55.711	1	1	0
41	0041-0062	437.738	28.512	501	58	127.875	20.005	0	0	0
42	0042-0066	1769.711	58.539	41	70	19.983	37.510	1	1	0
43	0043-0066	2088.634	70.597	90	74	22.932	36.728	2	2	0
44	0044-0065	1069.331	50.635	399	70	32.905	30.008	1	1	0
45	0045-0066	581.566	35.541	274	72	50.711	22.506	1	1	0
46	0046-0067	650.353	38.901	379	73	45.000	26.524	0	0	0
47	0047-0070	1256.932	54.098	138	63	146.310	34.363	2	2	0
48	0048-0068	644.100	35.541	288	63	129.289	25.007	1	1	0
49	0049-0073	2895.322	82.257	162	76	19.537	47.513	3	3	0
50	0050-0074	2213.702	66.020	481	85	52.696	51.004	0	0	0
51	0051-0072	925.502	46.110	18	78	40.601	30.008	0	0	0
52	0052-0073	706.634	41.014	121	78	37.569	25.007	1	1	0
53	0053-0076	806.688	37.510	199	70	126.870	27.507	0	0	0
54	0054-0077	1125.611	49.637	406	83	40.914	35.010	0	0	0
55	0055-0077	787.928	41.014	2	71	127.569	27.507	1	1	0
56	0056-0077	1100.598	47.183	67	72	147.995	30.008	1	1	0
57	0057-0076	644.100	37.175	214	71	132.274	25.007	1	1	0
58	0058-0077	487.765	31.828	320	82	45.000	22.506	0	0	0
59	0059-0078	487.765	32.024	363	74	141.340	20.005	0	0	0
60	0060-0085	1375.747	54.844	36	77	133.152	39.007	2	2	0
61	0061-0083	687.873	38.901	55	89	45.000	27.507	1	1	0
62	0062-0085	1150.625	44.242	228	91	42.709	35.010	1	1	0
63	0063-0083	531.539	32.605	93	79	147.529	20.005	1	1	0
64	0064-0083	393.964	28.292	150	87	45.000	20.005	0	1	1
65	0065-0085	837.955	39.062	269	91	39.806	30.008	1	1	0
66	0066-0083	475.258	31.828	425	88	45.000	22.506	0	0	0
67	0067-0085	675.367	37.175	347	90	42.274	27.507	1	1	0
68	0068-0084	306.416	24.755	115	81	135.000	17.505	0	0	0
69	0069-0086	575.312	33.643	133	81	131.987	25.007	1	1	0
70	0070-0090	556.552	35.541	162	96	50.711	22.506	1	1	0
71	0071-0097	2732.734	69.661	66	92	158.962	50.014	2	2	0
72	0072-0095	1450.788	52.036	206	89	144.782	40.011	0	0	0
73	0073-0096	994.290	41.620	192	89	122.735	32.509	1	1	0
74	0074-0097	1163.131	57.024	401	104	37.875	30.737	0	0	0
75	0075-0104	3695.756	79.748	468	114	41.186	62.517	0	0	0
76	0076-0097	581.566	36.065	125	93	146.310	20.005	1	1	0
77	0077-0097	469.005	31.828	380	102	45.000	22.506	0	0	0
78	0078-0098	431.484	30.112	147	94	138.366	20.005	0	0	0
79	0079-0100	481.511	31.828	170	105	45.000	22.506	1	1	0
80	0080-0102	306.416	24.755	341	99	135.000	17.505	0	1	1
81	0081-0111	1094.344	46.515	18	118	53.746	32.509	1	1	0
82	0082-0108	487.765	32.024	132	112	38.660	20.005	1	1	0
83	0083-0109	656.606	35.541	187	104	140.711	25.007	1	1	0
84	0084-0111	862.969	43.023	301	118	54.462	27.507	1	2	1
85	0085-0109	581.566	35.541	252	114	39.289	22.506	1	1	0
86	0086-0108	306.416	24.755	418	105	135.000	17.505	0	0	0
87	0087-0114	900.489	40.322	87	111	150.255	30.008	1	1	0
88	0088-0114	644.100	39.062	199	120	50.194	25.007	0	1	1
89	0089-0112	306.416	24.755	117	109	135.000	17.505	0	0	0
90	0090-0113	350.190	26.583	212	109	131.186	17.505	0	0	0
91	0091-0116	1306.960	48.554	433	122	34.509	35.010	1	1	0
92	0092-0117	950.516	43.023	228	123	35.538	30.008	0	0	0
93	0093-0117	437.738	30.112	158	113	138.366	20.005	1	1	0
94	0094-0120	1063.077	48.036	284	128	51.340	32.509	1	2	1
95	0095-0118	393.964	28.512	44	114	127.875	17.505	1	1	0
96	0096-0122	825.448	41.620	402	115	122.735	25.007	0	0	0
97	0097-0121	581.566	35.365	127	126	45.000	25.007	1	1	0
98	0098-0124	950.516	44.523	54	117	128.157	30.008	1	1	0
99	0099-0122	393.964	28.292	421	126	45.000	20.005	0	1	1
100	0100-0130	2989.123	77.238	461	121	150.945	52.514	0	0	0
101	0101-0127	1100.598	45.082	140	124	146.310	32.509	1	1	0
102	0102-0133	2288.743	72.907	369	146	59.036	44.461	1	1	0
103	0103-0126	387.710	28.292	332	122	135.000	20.005	0	0	0
104	0104-0131	1725.937	60.224	493	122	131.634	42.438	2	2	0
105	0105-0127	512.778	33.643	299	132	41.987	22.506	0	0	0
106	0106-0127	306.416	24.755	7	124	135.000	17.505	1	1	0
107	0107-0130	975.530	43.023	99	134	35.538	30.008	0	0	0
108	0108-0134	1200.652	47.775	441	141	47.121	35.010	1	1	0
109	0109-0138	1901.032	60.483	313	128	119.745	48.462	3	3	0
110	0110-0137	475.258	32.024	14	142	51.340	20.005	0	0	0
111	0111-0140	1269.439	54.844	421	134	136.848	35.255	1	1	0
112	0112-0141	600.326	33.643	401	146	41.987	25.007	1	1	0
113	0113-0144	819.195	39.062	257	140	140.194	30.008	0	0	0
114	0114-0144	350.190	26.583	28	140	131.186	17.505	0	1	1
115	0115-0145	569.059	34.013	174	149	36.027	22.506	1	1	0
116	0116-0146	487.765	31.828	63	151	45.000	22.506	1	1	0
117	0117-0149	831.702	42.585	481	154	40.236	30.008	2	2	0
118	0118-0153	994.290	40.322	111	158	29.745	32.509	1	1	0
119	0119-0153	393.964	28.292	160	157	45.000	20.005	1	1	0
120	0120-0155	575.312	35.365	45	150	135.000	25.007	1	1	0
121	0122-0157	350.190	26.583	210	154	138.814	17.505	0	0	0
122	0123-0166	1607.123	71.083	411	157	140.711	34.622	1	1	0
123	0124-0163	681.620	37.510	347	167	36.870	25.007	0	1	1
124	0125-0165	1081.837	46.983	157	160	154.799	30.008	0	0	0
125	0126-0169	963.023	41.620	294	174	32.735	32.509	1	1	0
126	0127-0168	587.819	33.643	469	172	41.987	25.007	1	1	0
127	0128-0170	931.756	41.014	6	164	127.569	30.008	0	0	0
128	0129-0167	306.416	24.755	113	164	135.000	17.505	0	0	0
129	0130-0171	706.634	39.062	33	167	140.194	27.507	1	1	0
130	0131-0172	1038.064	43.023	482	178	35.538	32.509	2	2	0
131	0132-0171	612.833	38.171	383	175	31.608	20.005	0	0	0
132	0133-0173	581.566	35.541	139	179	50.711	22.506	0	0	0
133	0134-0173	481.511	32.024	280	168	128.660	20.005	0	0	0
134	0135-0174	900.489	41.014	94	169	142.431	27.507	2	2	0
135	0136-0179	612.833	36.065	235	185	56.310	22.506	1	1	0
136	0137-0182	1338.227	58.379	403	174	133.264	36.905	1	1	0
137	0138-0184	794.181	42.512	248	192	61.928	25.007	1	1	0
138	0139-0182	762.914	37.510	331	178	143.130	27.507	0	1	1
139	0141-0191	2263.729	76.055	436	181	136.332	47.365	3	3	0
140	0142-0189	1425.774	53.517	127	195	37.405	40.011	2	2	0
141	0143-0192	1544.589	59.440	295	181	112.249	32.509	0	0	0
142	0144-0191	1901.032	57.134	351	202	66.801	47.513	1	1	0
143	0145-0192	1438.281	51.553	148	200	39.094	40.011	1	1	0
144	0146-0199	1901.032	61.762	465	189	121.759	40.011	3	3	0
145	0147-0199	1038.064	50.325	44	190	116.565	27.507	0	0	0
146	0148-0193	306.416	24.755	79	190	135.000	17.505	1	1	0
147	0149-0196	694.127	34.013	269	193	143.973	27.507	0	0	0
148	0150-0197	469.005	31.828	2	193	135.000	22.506	1	1	0
149	0151-0205	1838.498	57.079	372	215	61.189	40.011	2	2	0
150	0152-0200	306.416	24.755	335	197	135.000	17.505	0	1	1
151	0153-0207	2063.620	79.748	402	197	138.814	39.011	2	2	0
152	0154-0204	912.996	44.523	118	210	38.157	27.507	0	0	0
153	0155-0208	550.299	34.013	68	204	143.973	20.005	1	1	0
154	0156-0210	963.023	47.775	430	204	137.121	31.313	1	1	0
155	0157-0209	350.190	26.583	8	205	131.186	17.505	0	0	0
156	0158-0209	644.100	37.510	272	214	36.870	22.506	0	1	1
157	0159-0209	350.190	26.583	311	205	131.186	17.505	0	1	1
158	0160-0213	794.181	39.142	449	209	153.435	25.007	0	1	1
159	0161-0215	350.190	26.583	136	211	131.186	17.505	0	0	0
160	0162-0220	1356.987	51.553	98	213	129.094	37.510	0	1	1
161	0163-0220	581.566	33.643	37	215	131.987	25.007	0	0	0
162	0164-0225	2357.530	67.100	116	219	153.435	47.513	1	1	0
163	0165-0224	1738.444	69.661	294	220	158.962	30.008	1	1	0
164	0166-0228	1857.258	62.116	325	219	130.101	45.012	2	2	0
165	0167-0222	769.168	40.322	348	227	29.745	22.506	1	1	0
166	0168-0226	1438.281	50.635	465	221	147.095	40.011	1	1	0
167	0169-0224	537.792	33.643	50	229	48.013	22.506	0	0	0
168	0170-0229	3057.910	85.060	256	233	24.305	50.340	2	2	0
169	0171-0225	712.887	37.175	364	231	47.726	25.007	1	1	0
170	0172-0225	387.710	28.292	156	229	45.000	20.005	0	1	1
171	0173-0228	837.955	39.539	14	235	55.305	27.507	1	1	0
172	0174-0228	644.100	36.065	27	222	123.690	22.506	1	1	0
173	0175-0233	1738.444	69.526	74	222	127.694	42.438	2	2	0
174	0176-0231	1675.910	57.570	382	222	124.380	41.378	1	1	0
175	0177-0230	700.380	39.062	222	235	39.806	25.007	0	0	0
176	0178-0232	956.769	47.775	184	239	42.879	31.828	1	1	0
177	0179-0233	1331.973	61.509	428	228	153.435	28.778	0	1	1
178	0180-0233	644.100	35.541	38	239	50.711	25.007	0	1	1
179	0181-0236	700.380	37.510	348	242	53.130	25.007	1	1	0
180	0182-0241	1650.896	57.570	403	233	145.620	41.614	1	1	0
181	0183-0241	1231.919	46.983	56	233	115.201	32.509	0	1	1
182	0184-0238	306.416	24.755	102	235	135.000	17.505	0	1	1
183	0185-0243	787.928	41.620	305	236	122.735	25.007	0	0	0
184	0186-0243	856.715	42.438	477	238	135.000	30.008	0	0	0
185	0187-0250	2194.942	79.591	113	261	43.727	44.206	1	1	0
186	0188-0248	1482.055	51.553	18	241	129.094	42.512	0	0	0
187	0189-0245	644.100	39.062	431	240	140.194	25.007	0	0	0
188	0190-0245	306.416	24.755	242	242	135.000	17.505	0	0	0
189	0191-0245	350.190	26.583	448	242	138.814	17.505	0	0	0
190	0192-0263	3126.697	101.270	32	282	69.775	41.347	2	2	0
191	0193-0250	531.539	34.013	392	254	36.027	20.005	1	1	0
192	0194-0252	481.511	32.024	100	247	128.660	20.005	1	1	0
193	0195-0258	2238.715	66.067	335	247	119.476	47.513	1	2	1
194	0196-0252	719.140	39.062	354	247	140.194	27.507	1	1	0
195	0197-0251	431.484	30.112	467	247	138.366	20.005	1	1	0
196	0198-0251	306.416	24.755	75	248	135.000	17.505	0	0	0
197	0199-0260	1369.494	54.901	85	270	59.931	35.010	2	2	0
198	0200-0256	606.579	33.643	157	261	41.987	25.007	0	0	0
199	0201-0259	938.009	42.585	274	264	40.236	30.008	1	1	0
200	0202-0258	819.195	43.744	191	263	30.964	22.506	1	1	0
201	0203-0270	1500.815	66.445	64	258	109.799	27.507	1	1	0
202	0204-0262	587.819	34.013	402	258	143.973	22.506	0	0	0
203	0205-0268	1375.747	55.524	440	259	125.838	37.510	1	1	0
204	0206-0264	694.127	41.620	245	269	32.735	22.506	1	1	0
205	0207-0265	769.168	37.510	378	260	143.130	27.507	0	0	0
206	0208-0267	925.502	45.974	461	261	135.000	32.432	1	1	0
207	0209-0269	756.661	39.539	312	263	124.695	25.007	1	1	0
208	0210-0273	1707.177	60.535	361	264	128.290	41.328	0	0	0
209	0211-0274	1550.842	52.752	188	267	148.570	40.011	1	1	0
210	0212-0269	350.190	26.583	420	266	138.814	17.505	0	1	1
211	0213-0273	519.032	33.643	229	278	48.013	22.506	0	0	0
212	0214-0275	750.407	40.708	174	269	132.510	27.507	0	0	0
213	0215-0275	662.860	39.062	389	281	50.194	25.007	1	1	0
214	0216-0278	969.276	43.023	282	271	125.538	32.509	1	1	0
215	0217-0276	512.778	33.643	247	281	41.987	22.506	0	0	0
216	0218-0280	1050.570	41.620	53	273	122.735	32.509	0	0	0
217	0219-0280	400.217	28.292	155	276	135.000	20.005	1	1	0
218	0220-0286	1582.109	52.752	324	281	148.570	37.510	1	1	0
219	0221-0286	650.353	37.175	403	281	137.726	25.007	1	1	0
220	0222-0287	862.969	42.512	431	284	151.928	25.007	1	2	1
221	0223-0295	2057.367	65.640	6	285	130.365	45.012	3	3	0
222	0224-0289	475.258	31.828	133	294	45.000	22.506	0	1	1
223	0225-0288	306.416	24.755	199	285	135.000	17.505	0	0	0
224	0226-0291	912.996	42.512	383	289	151.928	27.507	1	1	0
225	0227-0296	1388.254	53.517	72	304	52.595	35.010	2	2	0
226	0228-0304	3289.286	98.420	85	322	62.784	46.656	0	0	0
227	0229-0294	1131.864	44.523	167	289	141.843	35.010	2	2	0
228	0230-0296	1819.738	56.694	31	304	41.424	42.512	0	0	0
229	0231-0302	1907.285	65.640	108	290	107.745	37.510	2	2	0
230	0232-0298	1050.570	46.515	58	306	53.746	32.145	1	2	1
231	0233-0296	537.792	32.024	227	293	141.340	22.506	1	1	0
232	0234-0299	712.887	40.708	404	294	137.490	27.507	0	0	0
233	0235-0302	837.955	43.023	500	295	125.538	25.007	1	1	0
234	0236-0300	393.964	28.292	139	304	45.000	20.005	0	0	0
235	0237-0301	700.380	35.541	329	306	39.289	27.507	1	1	0
236	0238-0303	569.059	34.013	293	298	126.027	22.506	0	0	0
237	0239-0305	637.846	34.013	208	302	143.973	25.007	1	1	0
238	0240-0307	644.100	35.541	147	313	50.711	25.007	0	0	0
239	0241-0308	525.285	34.741	266	302	120.256	17.505	0	1	1
240	0242-0311	2038.607	62.717	440	306	156.501	47.513	2	2	0
241	0243-0308	631.593	37.175	279	303	132.274	25.007	1	1	0
242	0244-0309	1056.824	48.036	378	303	141.340	30.008	0	0	0
243	0245-0309	531.539	33.643	185	314	41.987	22.506	0	0	0
244	0246-0309	393.964	28.292	246	313	45.000	20.005	1	1	0
245	0247-0313	650.353	38.901	123	319	45.000	27.507	0	1	1
246	0248-0316	875.475	44.523	325	309	128.157	30.008	1	1	0
247	0249-0321	1569.602	63.902	49	310	120.579	35.010	2	2	0
248	0250-0320	1557.095	59.018	9	330	53.616	37.510	1	1	0
249	0251-0321	1838.498	54.844	32	331	65.772	42.512	1	1	0
250	0252-0318	725.394	41.620	71	311	122.735	22.506	1	1	0
251	0253-0316	387.710	28.292	476	312	135.000	20.005	0	0	0
252	0254-0317	393.964	28.292	218	321	45.000	20.005	0	0	0
253	0255-0319	562.806	35.365	205	314	135.000	25.007	0	1	1
254	0256-0324	1200.652	47.183	407	317	122.005	32.509	1	1	0
255	0257-0320	306.416	24.755	238	317	135.000	17.505	0	0	0
256	0258-0326	1682.163	57.024	370	317	127.875	44.551	0	0	0
257	0259-0332	2351.277	82.787	430	317	115.017	44.115	1	2	1
258	0260-0327	1932.299	61.914	130	335	43.363	45.012	1	1	0
259	0261-0323	600.326	35.365	182	328	45.000	25.007	0	0	0
260	0262-0322	650.353	36.065	462	319	146.310	22.506	0	1	1
261	0263-0330	1694.670	59.650	105	321	123.024	37.510	1	1	0
262	0264-0325	531.539	32.024	341	330	51.340	22.506	0	0	0
263	0265-0336	2626.426	67.333	262	342	31.329	55.015	3	3	0
264	0266-0333	912.996	47.183	422	325	122.005	25.007	0	1	1
265	0267-0335	1288.199	53.692	86	326	117.759	30.008	1	1	0
266	0268-0331	531.539	31.828	499	336	45.000	22.506	0	1	1
267	0269-0331	306.416	24.755	228	328	135.000	17.505	1	1	0
268	0270-0333	512.778	33.643	251	338	48.013	22.506	0	0	0
269	0271-0335	581.566	32.024	70	330	128.660	25.007	1	1	0
270	0272-0338	988.036	47.183	208	346	57.995	30.008	2	2	0
271	0273-0333	350.190	26.583	393	330	138.814	17.505	2	2	0
272	0274-0337	1088.091	43.023	36	343	35.538	32.509	0	0	0
273	0275-0337	644.100	39.062	291	331	129.806	25.007	0	0	0
274	0276-0341	3020.390	80.061	454	331	141.340	50.868	1	1	0
275	0277-0336	350.190	26.583	24	332	131.186	17.505	0	0	0
276	0278-0338	1150.625	50.635	182	344	32.905	30.008	1	1	0
277	0279-0338	393.964	28.292	331	334	135.000	20.005	0	1	1
278	0280-0344	1375.747	65.449	153	353	43.452	33.138	1	1	0
279	0281-0344	1413.267	52.036	353	352	35.218	37.510	2	2	0
280	0282-0350	2413.810	64.049	128	343	141.340	50.014	1	1	0
281	0283-0349	1300.706	54.098	222	340	123.690	35.010	1	1	0
282	0284-0358	3283.032	96.236	487	341	114.567	48.383	2	2	0
283	0285-0347	1006.797	47.183	101	343	147.995	27.507	0	0	0
284	0286-0350	1056.824	44.734	243	358	63.435	30.008	1	1	0
285	0287-0348	837.955	37.510	312	342	126.870	30.008	2	2	0
286	0288-0352	1513.322	57.024	378	343	127.875	40.011	1	2	1
287	0289-0352	1019.303	46.983	60	344	115.201	27.507	1	1	0
288	0290-0361	2701.467	74.351	76	347	109.654	50.014	0	0	0
289	0291-0361	3082.924	77.036	28	355	144.246	64.686	1	1	0
290	0292-0354	656.606	41.014	339	348	127.569	24.603	0	0	0
291	0293-0355	837.955	42.585	403	350	139.764	30.008	0	0	0
292	0294-0352	350.190	26.583	449	349	138.814	17.505	0	2	2
293	0295-0364	3270.526	78.483	168	379	67.521	57.516	3	3	0
294	0296-0356	944.263	42.585	255	350	130.236	32.509	2	2	0
295	0297-0357	1288.199	50.325	272	353	153.435	30.008	1	1	0
296	0298-0363	1619.629	60.535	5	355	128.290	43.866	2	2	0
297	0299-0361	1700.923	57.134	296	359	156.801	37.510	1	1	0
298	0300-0359	931.756	50.325	421	355	153.435	22.506	0	0	0
299	0301-0365	1444.534	54.844	98	372	43.152	40.011	1	1	0
300	0302-0367	1575.856	58.164	189	378	64.537	32.509	1	1	0
301	0303-0362	393.964	28.512	324	358	127.875	17.505	0	0	0
302	0304-0362	494.018	30.112	470	358	131.634	22.506	0	0	0
303	0305-0368	1338.227	56.196	119	359	122.276	32.509	1	1	0
304	0306-0369	519.032	33.643	209	374	48.013	22.506	1	1	0
305	0307-0380	2194.942	78.483	58	366	112.479	34.473	2	2	0
306	0308-0377	2738.987	84.062	351	370	149.621	48.758	1	1	0
307	0309-0375	3101.684	83.875	384	367	153.435	47.513	3	3	0
308	0310-0371	469.005	31.828	232	367	135.000	22.506	1	1	0
309	0311-0378	4033.440	96.592	253	384	21.251	57.516	1	1	0
310	0312-0372	481.511	30.525	419	369	145.008	20.005	0	1	1
311	0313-0377	2119.901	74.937	450	370	154.290	40.011	1	1	0
312	0314-0377	1094.344	43.023	334	384	54.462	35.010	1	1	0
313	0315-0387	4108.481	88.695	298	375	130.426	68.735	3	3	0
314	0316-0387	2076.127	69.661	216	400	68.962	40.011	0	1	1
315	0317-0379	537.792	33.643	27	375	138.013	22.506	0	0	0
316	0318-0387	2219.955	60.483	144	395	29.745	52.514	1	1	0
317	0319-0390	1788.471	64.049	38	400	51.340	42.438	1	1	0
318	0320-0388	1300.706	50.014	443	380	126.870	37.510	1	1	0
319	0321-0393	4202.281	88.695	79	389	158.499	60.016	3	3	0
320	0322-0384	306.416	24.755	429	381	135.000	17.505	1	1	0
321	0323-0385	506.525	31.828	479	381	135.000	22.506	1	1	0
322	0324-0391	1588.362	62.116	15	382	130.101	38.356	1	1	0
323	0325-0387	494.018	32.024	201	392	51.340	20.005	1	1	0
324	0326-0393	1957.313	64.535	174	384	144.462	43.941	1	1	0
325	0327-0389	525.285	33.643	228	394	48.013	22.506	0	0	0
326	0328-0402	3220.498	96.495	348	386	121.218	51.110	2	2	0
327	0329-0395	1807.231	60.535	416	387	141.710	44.354	2	2	0
328	0330-0393	1131.864	50.635	120	399	32.905	32.509	1	1	0
329	0331-0392	719.140	39.062	459	398	39.806	27.507	0	0	0
330	0332-0401	2107.394	66.020	377	394	142.696	49.341	1	1	0
331	0333-0407	3251.765	82.825	334	393	118.887	54.799	3	3	0
332	0334-0400	700.380	35.541	266	397	140.711	27.507	1	1	0
333	0335-0401	862.969	39.539	291	408	55.305	30.008	0	0	0
334	0336-0405	1350.733	50.635	161	400	147.095	37.133	1	2	1
335	0337-0416	3601.956	93.634	62	402	124.114	55.791	4	4	0
336	0338-0417	4139.747	98.038	436	435	52.253	61.232	2	4	2
337	0339-0406	731.647	40.708	227	412	42.510	27.507	0	0	0
338	0340-0415	2026.100	76.219	463	427	48.991	40.670	0	0	0
339	0341-0411	881.729	42.585	42	417	40.236	30.008	0	0	0
340	0343-0413	1163.131	46.110	485	421	40.601	35.010	1	2	1
341	0344-0416	1888.525	57.024	20	422	37.875	47.513	1	3	2
342	0345-0420	3570.689	83.239	174	428	32.735	60.016	4	4	0
343	0346-0414	881.729	42.585	420	408	130.236	30.008	0	0	0
344	0347-0417	2057.367	76.055	138	411	152.592	40.011	1	1	0
345	0348-0422	3645.729	101.177	256	409	140.013	58.352	2	2	0
346	0349-0417	1119.358	46.515	208	425	53.746	35.010	1	1	0
347	0350-0418	1375.747	56.694	91	426	41.424	37.510	0	0	0
348	0351-0424	2782.761	69.481	397	418	149.744	57.516	1	1	0
349	0352-0418	400.217	28.292	290	414	135.000	20.005	0	0	0
350	0353-0425	2438.824	66.586	376	414	124.287	50.014	3	5	2
351	0354-0429	3276.779	74.937	115	416	115.710	57.516	2	2	0
352	0355-0429	1475.801	48.102	52	421	117.897	40.011	0	0	0
353	0356-0427	306.416	24.755	37	424	135.000	17.505	0	0	0
354	0357-0429	393.964	28.512	251	425	127.875	17.505	0	0	0
355	0358-0433	1181.892	47.775	328	440	42.879	35.010	1	1	0
356	0359-0439	2901.575	75.020	354	427	126.870	55.015	2	2	0
357	0360-0433	694.127	36.065	241	427	123.690	25.007	0	0	0
358	0361-0441	1894.779	73.547	147	453	54.689	36.323	1	2	1
359	0362-0434	544.045	32.024	470	429	128.660	22.506	0	0	0
360	0363-0436	750.407	37.510	314	442	53.130	27.507	0	0	0
361	0364-0437	862.969	38.171	90	431	121.608	30.008	0	0	0
362	0365-0446	1844.752	67.333	169	434	111.801	35.010	3	3	0
363	0366-0447	3101.684	81.416	208	457	42.510	60.016	3	5	2
364	0367-0449	3120.444	77.238	414	463	60.945	64.024	3	4	1
365	0368-0441	437.738	30.112	32	437	138.366	20.005	0	0	0
366	0369-0457	5134.037	106.829	69	437	110.556	77.218	4	6	2
367	0370-0442	625.339	35.541	255	437	129.289	25.007	0	0	0
368	0371-0448	1507.068	62.517	189	458	53.130	37.510	1	1	0
369	0372-0447	1150.625	52.574	454	457	64.654	27.507	1	1	0
370	0373-0450	2445.077	69.526	274	439	127.694	52.514	3	4	1
371	0374-0461	5296.626	118.036	379	441	126.384	61.020	2	2	0
372	0375-0453	2520.118	70.064	295	441	124.824	45.012	2	2	0
373	0376-0451	1338.227	56.694	46	443	131.424	33.597	1	1	0
374	0377-0455	2294.996	63.263	236	467	71.565	50.927	1	1	0
375	0379-0457	1907.285	64.097	105	445	110.556	37.510	2	2	0
376	0380-0458	2926.589	70.464	323	446	117.474	55.015	3	3	0
377	0382-0453	644.100	35.541	156	459	50.711	25.007	1	1	0
378	0383-0462	2857.802	80.061	22	452	141.340	49.908	1	1	0
379	0384-0464	3076.670	79.473	434	450	114.146	55.015	0	0	0
380	0385-0467	2738.987	84.618	343	453	124.160	50.014	2	2	0
381	0386-0473	3314.299	94.365	366	458	122.005	51.181	4	4	0
382	0387-0473	2257.476	67.100	254	461	116.565	46.682	2	2	0
383	0388-0474	2438.824	70.464	195	462	117.474	42.512	2	2	0
384	0389-0466	443.991	30.112	459	462	131.634	20.005	0	0	0
385	0390-0472	1532.082	56.196	178	463	122.276	35.010	0	0	0
386	0391-0473	1600.869	58.164	270	463	115.463	37.510	0	1	1
387	0392-0475	2182.435	67.333	152	464	121.329	50.014	1	1	0
388	0393-0470	650.353	39.539	494	464	124.695	22.506	1	1	0
389	0394-0480	2576.399	80.061	53	496	75.530	50.014	0	1	1
390	0395-0477	1988.580	61.049	216	488	55.008	42.512	2	2	0
391	0396-0479	1663.403	53.866	93	469	111.801	40.011	2	2	0
392	0397-0476	944.263	44.523	306	470	141.843	30.008	1	1	0
393	0398-0489	2951.602	75.932	290	504	72.759	52.514	4	4	0
394	0399-0488	3720.770	94.531	324	476	142.524	57.178	3	3	0
395	0400-0481	525.285	32.605	148	476	122.471	20.005	0	1	1
396	0401-0487	3007.883	84.062	414	478	149.621	50.232	2	2	0
397	0402-0486	2657.693	77.682	464	478	146.821	47.513	0	1	1
398	0403-0488	1400.760	59.650	237	478	123.024	33.880	1	2	1
399	0404-0484	393.964	28.292	121	480	135.000	20.005	0	1	1
400	0405-0484	306.416	24.755	70	481	135.000	17.505	0	0	0
401	0406-0485	431.484	30.112	451	490	48.366	20.005	0	0	0
402	0407-0491	881.729	41.014	173	485	127.569	30.008	1	1	0
403	0408-0493	1025.557	43.023	312	486	125.538	32.509	1	1	0
404	0409-0500	2182.435	63.114	218	493	146.310	47.513	3	3	0
405	0410-0500	387.710	28.292	71	504	45.000	20.005	0	0	0
