 	Label	Area	Feret	FeretX	FeretY	FeretAngle	MinFeret	Perinuclei
1	0001-0066	9161324.786	5398.715	1741	5	132.594	2504.384	NaN
2	0002-0075	9637984.878	5323.408	863	3	119.189	3207.784	NaN
3	0003-0016	272230.440	888.809	1696	29	64.359	440.727	NaN
4	0004-0017	242439.185	968.988	1676	5	124.216	424.149	NaN
5	0005-0092	11527161.407	5403.280	399	176	85.236	3516.776	NaN
6	0006-0065	4435815.253	3685.340	497	9	105.124	1538.462	NaN
7	0007-0067	9201388.889	4700.296	1507	10	128.355	2778.081	NaN
8	0008-0015	50336.949	317.292	225	12	135.000	224.359	NaN
9	0009-0116	13881697.896	6662.967	2300	218	78.906	3410.557	NaN
10	0010-0120	14572033.202	7074.917	1060	19	113.778	3554.775	NaN
11	0011-0033	572197.567	1111.214	1655	18	123.232	846.199	NaN
12	0012-0067	2942143.327	3160.750	2259	18	96.404	1378.205	NaN
13	0013-0034	50336.949	317.292	1334	31	135.000	224.359	NaN
14	0014-0076	3867726.824	3205.128	1192	35	143.130	1755.939	NaN
15	0015-0086	7382067.719	5342.575	1995	42	146.501	2044.568	NaN
16	0016-0062	1352933.925	2266.821	1849	35	133.854	951.875	NaN
17	0017-0091	3352029.915	3173.724	701	50	123.048	1793.848	NaN
18	0018-0091	2625739.645	2413.868	2489	128	79.287	1595.976	NaN
19	0019-0134	12485618.014	6102.971	1706	55	127.532	3228.340	NaN
20	0020-0205	19628328.402	9769.071	251	56	102.121	3621.795	NaN
21	0021-0106	3710552.268	3455.598	1299	71	130.486	1730.588	NaN
22	0022-0098	2456237.673	2743.710	1617	135	52.595	1556.279	NaN
23	0023-0075	265039.448	863.007	2512	64	121.329	502.677	NaN
24	0024-0144	15430843.195	7381.056	1924	70	144.723	2914.764	NaN
25	0025-0073	50336.949	317.292	2525	70	135.000	224.359	NaN
26	0026-0094	1585100.263	2072.457	2543	70	140.648	1132.330	NaN
27	0027-0087	185938.527	604.742	459	95	57.995	416.667	NaN
28	0028-0165	12777366.864	5544.964	776	96	130.781	3087.724	NaN
29	0029-0126	2837360.289	2341.719	1497	157	59.574	1860.928	NaN
30	0030-0108	219838.922	702.939	102	101	136.848	480.769	NaN
31	0031-0127	1554281.723	1920.939	2506	150	25.710	1506.410	NaN
32	0032-0168	7947074.293	4828.800	1248	131	144.728	2410.802	NaN
33	0033-0142	1872739.974	2270.217	1890	113	120.548	1504.381	NaN
34	0034-0116	50336.949	317.292	151	113	135.000	224.359	NaN
35	0035-0138	629725.510	1451.184	91	155	43.210	871.696	NaN
36	0036-0160	2128533.859	2899.711	653	119	113.448	1232.229	NaN
37	0037-0151	1715565.417	1965.609	2454	179	65.943	1398.700	NaN
38	0038-0155	2084360.618	2455.429	686	126	144.028	1521.639	NaN
39	0039-0161	3105481.591	2827.969	1402	124	125.311	1736.406	NaN
40	0040-0178	6476002.630	3904.735	2150	126	131.673	2306.741	NaN
41	0041-0168	3830744.576	2672.585	1659	205	67.433	2137.663	NaN
42	0042-0163	1790557.199	2358.112	491	131	121.097	1268.197	NaN
43	0043-0140	73964.497	385.949	2120	136	131.634	256.410	NaN
44	0044-0158	855728.139	1430.866	128	137	105.593	1197.522	NaN
45	0045-0183	4532380.013	2985.590	1572	140	119.592	2179.487	NaN
46	0046-0164	443786.982	1250.000	1938	182	67.380	606.339	NaN
47	0047-0153	138683.432	543.928	901	147	135.000	384.615	NaN
48	0048-0152	50336.949	317.292	169	149	135.000	224.359	NaN
49	0049-0162	228057.199	801.282	914	152	126.870	510.714	NaN
50	0050-0156	64718.935	362.619	1891	152	135.000	256.410	NaN
51	0051-0174	1134122.288	1904.289	1957	152	133.636	1073.437	NaN
52	0052-0214	8068293.886	3922.323	447	274	78.690	2933.388	NaN
53	0053-0163	50336.949	317.292	2542	160	135.000	224.359	NaN
54	0054-0175	431459.566	1001.314	1472	166	140.194	709.786	NaN
55	0055-0229	11569280.079	4667.287	2373	168	120.087	3533.652	NaN
56	0056-0169	70882.643	385.949	1876	165	138.366	256.410	NaN
57	0057-0180	466387.245	962.073	1520	169	150.018	752.434	NaN
58	0058-0173	71909.928	365.441	2551	170	142.125	256.410	NaN
59	0059-0206	3478385.930	2526.162	2467	192	144.293	2050.358	NaN
60	0060-0176	121219.592	500.657	2534	171	140.194	352.564	NaN
61	0061-0185	359549.638	884.174	550	172	136.469	673.077	NaN
62	0062-0178	87319.198	410.457	150	183	51.340	288.462	NaN
63	0063-0191	833127.876	1467.725	367	175	148.392	976.987	NaN
64	0064-0246	14178583.169	7281.357	1871	176	147.219	3398.252	NaN
65	0065-0186	221893.491	732.286	2243	197	66.801	384.615	NaN
66	0066-0188	171556.542	801.282	1855	198	53.130	385.984	NaN
67	0067-0185	89373.767	431.206	2173	181	138.013	288.462	NaN
68	0068-0279	9283571.663	6344.616	70	376	74.770	2603.775	NaN
69	0069-0248	9258916.831	4469.976	720	202	141.404	2955.158	NaN
70	0070-0237	2924679.487	3372.550	338	185	98.746	1116.004	NaN
71	0071-0227	3672542.735	3038.793	602	193	127.716	1703.383	NaN
72	0072-0280	8210059.172	5941.257	179	190	102.462	1894.924	NaN
73	0073-0221	3555432.281	3384.713	1237	198	155.376	1657.240	NaN
74	0074-0306	15771901.709	8623.641	927	196	122.863	2581.031	NaN
75	0075-0276	11498397.436	5906.922	1180	195	117.816	2668.193	NaN
76	0076-0199	79100.920	391.236	148	194	124.992	256.410	NaN
77	0077-0229	3006862.262	2906.965	2552	204	145.784	1674.901	NaN
78	0078-0226	2461374.096	2622.923	1476	206	147.475	1445.728	NaN
79	0079-0222	872164.694	1391.557	48	238	51.546	1088.262	NaN
80	0080-0210	160256.410	567.045	397	216	42.709	416.667	NaN
81	0081-0212	132519.724	551.431	2254	219	54.462	352.564	NaN
82	0082-0214	151010.848	615.685	143	222	51.340	377.670	NaN
83	0083-0288	14352194.280	5648.487	1686	221	125.764	3822.364	NaN
84	0084-0287	9753040.763	6009.252	1843	209	123.690	2374.152	NaN
85	0085-0216	161283.695	636.200	1045	210	139.086	416.667	NaN
86	0086-0308	15175049.310	6249.589	504	404	79.958	3454.756	NaN
87	0087-0277	4772764.629	4448.667	566	214	113.795	1788.316	NaN
88	0088-0242	1849112.426	2770.907	2027	212	138.752	1322.146	NaN
89	0089-0236	1499835.634	1624.845	2125	212	104.859	1416.576	NaN
90	0090-0307	11406969.099	7208.048	1012	213	128.501	2364.471	NaN
91	0091-0255	2559993.425	2915.786	686	217	123.341	1462.111	NaN
92	0092-0306	16858768.902	6293.569	1388	220	117.609	3583.560	NaN
93	0093-0232	306130.835	853.431	391	243	55.713	571.370	NaN
94	0094-0228	108892.176	455.534	381	224	140.711	320.513	NaN
95	0095-0236	289694.280	1067.361	1055	224	131.348	421.594	NaN
96	0096-0317	8892176.200	5954.383	154	226	99.919	2543.992	NaN
97	0097-0265	2474728.797	3197.587	1093	229	132.969	1181.916	NaN
98	0098-0271	2767504.931	2800.226	1639	232	123.326	1612.465	NaN
99	0099-0238	50336.949	317.292	2276	235	135.000	224.359	NaN
100	0100-0265	2902079.224	2381.520	2474	242	151.020	1695.748	NaN
101	0101-0299	4737836.949	4293.676	1569	243	124.046	1593.714	NaN
102	0102-0311	9278435.240	4406.439	874	379	79.099	2981.424	NaN
103	0103-0258	593770.546	1594.209	2306	246	149.826	655.696	NaN
104	0104-0365	16111932.939	8080.801	2175	246	109.944	3037.077	NaN
105	0105-0279	3636587.771	2769.424	1279	266	156.105	1944.625	NaN
106	0106-0253	50336.949	317.292	1615	250	135.000	224.359	NaN
107	0107-0257	79100.920	417.898	2644	252	122.471	224.359	NaN
108	0108-0360	14517587.114	7014.033	2262	257	108.932	2664.778	NaN
109	0109-0261	50336.949	317.292	2286	258	135.000	224.359	NaN
110	0110-0279	1638519.066	2361.594	2555	259	161.811	1119.395	NaN
111	0111-0329	7486850.756	4859.127	1502	264	120.964	2207.400	NaN
112	0112-0342	13989562.788	5090.002	393	267	121.088	3977.683	NaN
113	0113-0280	116083.169	521.757	2551	274	132.510	352.564	NaN
114	0114-0286	474605.523	987.367	2094	277	144.246	673.077	NaN
115	0115-0294	460223.537	1046.463	2334	280	130.030	739.843	NaN
116	0116-0326	4572444.116	3829.290	658	289	141.116	1955.674	NaN
117	0117-0294	266066.732	817.151	2126	287	138.180	565.418	NaN
118	0118-0325	4285831.690	3132.839	2538	289	131.682	2241.809	NaN
119	0119-0328	3070553.912	2878.555	2464	291	127.763	1427.690	NaN
120	0120-0298	193129.520	577.813	2400	291	123.690	480.769	NaN
121	0121-0331	1774120.644	2124.591	2634	299	101.310	1121.795	NaN
122	0122-0370	11814801.118	5310.270	1825	306	137.936	3723.452	NaN
123	0123-0309	79100.920	417.898	250	304	122.471	224.359	NaN
124	0124-0379	14878164.037	5326.399	1975	333	134.269	4461.649	NaN
125	0125-0399	14007026.627	6088.900	2372	310	111.297	3656.669	NaN
126	0126-0338	1848085.141	2312.140	2115	313	133.877	1223.839	NaN
127	0127-0330	469469.099	981.104	1164	320	128.367	737.179	NaN
128	0128-0321	126356.016	506.775	2421	316	145.305	352.564	NaN
129	0129-0363	4517998.028	3343.181	651	317	122.471	1930.994	NaN
130	0130-0387	10060198.882	4309.318	811	320	94.693	3434.241	NaN
131	0131-0359	4550871.137	3064.210	1301	321	142.651	2291.245	NaN
132	0132-0333	57527.942	340.710	21	330	138.814	224.359	NaN
133	0133-0334	69855.358	385.949	252	339	48.366	256.410	NaN
134	0134-0336	137656.147	560.668	2442	332	149.036	288.462	NaN
135	0135-0424	15900312.295	5522.130	1676	510	86.673	4571.987	NaN
136	0136-0353	239357.331	803.203	2445	342	118.610	512.821	NaN
137	0137-0441	13857043.064	6205.794	259	345	97.419	3254.504	NaN
138	0138-0354	397559.172	853.431	1179	360	34.287	608.974	NaN
139	0139-0433	14538132.807	6321.988	875	397	152.526	3354.224	NaN
140	0140-0367	158201.841	685.927	2465	359	127.405	401.346	NaN
141	0141-0438	7215647.600	5422.732	322	366	124.160	2009.473	NaN
142	0142-0395	3461949.375	2993.837	2543	377	164.476	1817.461	NaN
143	0143-0398	1451553.254	2093.172	1274	369	115.388	1209.051	NaN
144	0144-0373	50336.949	317.292	711	370	135.000	224.359	NaN
145	0145-0447	17188527.285	6498.906	1122	414	155.837	4009.053	NaN
146	0146-0389	569115.713	1181.993	1600	401	49.399	817.025	NaN
147	0147-0450	11714127.219	5149.196	109	374	107.758	3196.538	NaN
148	0148-0383	224975.345	702.939	2512	375	133.152	512.821	NaN
149	0149-0395	770463.511	1461.763	2495	377	127.875	917.361	NaN
150	0150-0405	2156270.546	2087.028	1490	400	169.380	1638.438	NaN
151	0151-0452	7837154.832	4563.117	615	383	104.231	2598.122	NaN
152	0152-0439	4112220.579	3620.802	2142	495	79.287	2118.591	NaN
153	0153-0462	9120233.399	5705.218	1390	392	126.548	2466.865	NaN
154	0154-0396	115055.884	480.769	2548	391	143.130	320.513	NaN
155	0155-0430	1415598.291	2091.454	2111	462	74.899	993.590	NaN
156	0156-0410	79100.920	417.898	2525	407	147.529	224.359	NaN
157	0157-0507	17002588.757	6462.766	724	408	102.313	3980.974	NaN
158	0158-0449	3711579.553	2924.405	513	418	133.668	2190.253	NaN
159	0159-0432	708826.430	1244.647	2638	415	124.509	886.294	NaN
160	0160-0447	2304199.540	2209.912	461	480	70.514	1602.564	NaN
161	0161-0452	3280119.987	2866.754	1520	446	153.435	2038.955	NaN
162	0162-0624	40113412.229	13028.600	2521	421	92.820	5671.917	NaN
163	0163-0426	57527.942	340.710	1096	422	131.186	224.359	NaN
164	0164-0456	1972386.588	2632.501	1970	425	132.039	1275.641	NaN
165	0165-0462	1747411.243	2738.650	1603	428	124.992	1066.674	NaN
166	0166-0475	4484097.633	3340.875	1342	430	118.040	2136.585	NaN
167	0167-0461	1483399.080	2180.430	2460	492	65.695	1081.614	NaN
168	0168-0456	1298487.837	2249.306	1061	432	139.044	975.036	NaN
169	0169-0447	467414.530	952.953	2579	461	70.346	663.358	NaN
170	0170-0459	1892258.383	2240.153	1887	447	160.787	1447.708	NaN
171	0171-0475	2813732.742	3112.112	1798	443	147.619	1538.145	NaN
172	0172-0538	16124260.355	7490.132	852	454	131.878	3020.104	NaN
173	0173-0513	6773915.187	4478.013	320	447	113.629	2263.061	NaN
174	0174-0472	1789529.915	1864.768	2592	480	24.362	1476.980	NaN
175	0175-0474	830046.022	1627.372	182	451	122.125	876.353	NaN
176	0176-0479	1452580.539	2268.180	2353	453	137.291	902.087	NaN
177	0177-0565	16644066.404	7355.053	2284	459	120.364	3649.092	NaN
178	0178-0483	849564.431	1624.845	2199	459	104.859	801.282	NaN
179	0179-0534	10686842.538	5264.319	2048	462	118.750	2976.149	NaN
180	0180-0494	1281023.997	1944.591	2175	464	98.531	993.590	NaN
181	0181-0552	17299474.030	6107.010	1699	521	149.397	4034.135	NaN
182	0182-0473	64718.935	365.441	1326	469	127.875	224.359	NaN
183	0183-0506	1996014.135	3000.178	811	470	130.668	1083.671	NaN
184	0184-0536	5702457.265	4474.915	1135	479	125.967	2067.606	NaN
185	0185-0550	15595208.744	5875.184	490	485	132.568	3577.095	NaN
186	0186-0501	1461826.101	1904.289	1943	497	173.234	1346.154	NaN
187	0187-0546	12001766.930	4831.671	1524	481	137.420	3948.163	NaN
188	0188-0495	424268.573	918.369	449	508	60.751	711.154	NaN
189	0189-0554	10941609.139	5147.500	1006	520	142.845	3257.954	NaN
190	0190-0520	2100797.173	2507.590	1417	487	125.112	1384.717	NaN
191	0191-0599	11398750.822	6776.781	42	704	81.295	2338.308	NaN
192	0192-0510	475632.807	1046.463	194	503	139.970	736.486	NaN
193	0193-0501	64718.935	362.619	1324	497	135.000	256.410	NaN
194	0194-0599	18517833.662	6656.875	2236	497	100.823	3541.279	NaN
195	0195-0534	2924679.487	2770.907	2415	503	138.752	1712.594	NaN
196	0196-0506	86291.913	417.898	185	501	122.471	256.410	NaN
197	0197-0564	5959278.435	5009.955	1314	513	136.296	1877.987	NaN
198	0198-0562	6792406.312	4009.486	1871	527	147.072	2695.024	NaN
199	0199-0537	1211168.639	1643.078	2007	561	69.444	961.538	NaN
200	0200-0591	8754520.053	4614.160	420	523	106.547	2859.473	NaN
201	0201-0678	25351331.361	11282.461	1227	522	117.584	5002.785	NaN
202	0202-0604	13091715.976	6271.986	806	523	128.568	2979.320	NaN
203	0203-0616	10009861.933	5444.002	192	532	95.744	2646.754	NaN
204	0204-0543	207511.506	666.944	1975	535	125.218	473.014	NaN
205	0205-0550	433514.135	973.220	1666	536	107.241	641.026	NaN
206	0206-0596	5252506.575	3773.077	107	540	106.280	1651.060	NaN
207	0207-0545	86291.913	445.271	317	539	120.256	224.359	NaN
208	0208-0612	6907462.196	4940.578	2158	540	110.904	2168.401	NaN
209	0209-0587	2649367.193	2919.659	291	544	107.241	1241.304	NaN
210	0210-0547	50336.949	317.292	1655	544	135.000	224.359	NaN
211	0211-0581	1443334.977	2333.369	235	553	127.185	1092.099	NaN
212	0212-0666	16366699.540	7320.684	652	560	111.848	3835.827	NaN
213	0213-0606	3015080.539	2866.754	2430	562	100.305	1410.256	NaN
214	0214-0622	6210963.182	3705.910	1468	565	95.957	2622.381	NaN
215	0215-0643	17057034.845	5379.366	1991	583	131.860	4583.779	NaN
216	0216-0574	143819.855	560.668	1872	569	149.036	320.513	NaN
217	0217-0581	50336.949	317.292	2466	578	135.000	224.359	NaN
218	0218-0636	4180021.368	4737.197	1705	585	135.822	1359.821	NaN
219	0219-0668	10251273.833	5698.462	1157	584	110.066	2621.168	NaN
220	0220-0598	123274.162	501.682	1660	591	116.565	320.513	NaN
221	0221-0649	5755876.068	3773.894	359	594	110.898	2199.624	NaN
222	0222-0647	5822649.573	4396.754	503	598	135.000	1911.227	NaN
223	0223-0634	3088017.751	2584.057	1034	599	136.005	1829.561	NaN
224	0224-0660	6141107.824	5076.361	1231	597	129.620	1689.145	NaN
225	0225-0601	50336.949	317.292	2472	598	135.000	224.359	NaN
226	0226-0608	287639.711	1005.920	1926	617	30.651	523.907	NaN
227	0227-0696	20125534.188	7102.741	1531	628	146.597	3984.084	NaN
228	0228-0660	3555432.281	3923.501	1692	610	126.027	1428.675	NaN
229	0229-0690	17091962.525	5459.736	1831	644	147.709	4249.993	NaN
230	0230-0641	1203977.646	2142.647	769	623	145.359	908.999	NaN
231	0231-0631	57527.942	340.710	739	627	131.186	224.359	NaN
232	0232-0706	6998890.533	4874.008	741	636	115.723	2162.425	NaN
233	0233-0644	50336.949	317.292	1110	641	135.000	224.359	NaN
234	0234-0648	72937.212	385.949	1001	644	138.366	256.410	NaN
235	0235-0699	3369493.754	3568.216	297	648	109.411	1220.325	NaN
236	0236-0734	14095373.110	7628.474	960	649	138.406	2946.169	NaN
237	0237-0715	5427144.970	3776.751	256	774	83.177	2608.435	NaN
238	0238-0686	1577909.270	1963.779	1078	675	153.853	1293.289	NaN
239	0239-0712	4844674.556	4400.841	475	669	145.384	1600.097	NaN
240	0240-0714	6385601.578	3339.030	2391	764	68.607	2764.612	NaN
241	0241-0692	1420734.714	1822.419	2133	666	113.860	1276.127	NaN
242	0242-0728	10141354.372	4073.540	104	667	104.583	3298.047	NaN
243	0243-0746	10912845.168	6351.655	1500	677	132.546	2363.685	NaN
244	0244-0683	258875.740	917.809	826	677	155.225	448.718	NaN
245	0245-0771	15892094.017	7060.018	434	678	122.391	3032.526	NaN
246	0246-0707	1715565.417	2187.955	914	698	148.173	1425.959	NaN
247	0247-0716	2349400.066	2179.723	2275	705	143.973	1858.974	NaN
248	0248-0691	50336.949	317.292	1449	688	135.000	224.359	NaN
249	0249-0724	1892258.383	2109.062	1245	693	126.347	1706.937	NaN
250	0250-0718	833127.876	1709.569	1468	695	120.411	807.070	NaN
251	0251-0736	4093729.454	2705.250	2187	706	126.327	2094.404	NaN
252	0252-0712	361604.208	1022.129	1794	700	131.186	634.583	NaN
253	0253-0753	5099441.157	3801.287	882	706	126.773	2108.974	NaN
254	0254-0728	895792.242	1397.451	363	717	143.393	962.736	NaN
255	0255-0732	498233.070	1309.404	854	713	111.541	534.122	NaN
256	0256-0729	610207.101	1047.935	1428	744	66.571	769.231	NaN
257	0257-0798	12347961.867	5624.429	2401	877	68.259	3823.849	NaN
258	0258-0733	834155.161	1699.927	2110	715	135.764	764.491	NaN
259	0259-0722	79100.920	410.457	834	717	128.660	256.410	NaN
260	0260-0720	50336.949	317.292	2257	717	135.000	224.359	NaN
261	0261-0745	1254314.596	2065.506	1726	721	131.855	1001.632	NaN
262	0262-0769	6429774.819	3547.282	2006	724	122.829	2849.999	NaN
263	0263-0764	2674022.025	2637.180	27	724	106.232	1570.513	NaN
264	0264-0734	241411.900	641.026	1773	742	36.870	544.872	NaN
265	0265-0769	3334566.075	4006.410	612	732	143.130	1356.868	NaN
266	0266-0754	785872.781	1863.390	2107	732	130.815	809.521	NaN
267	0267-0759	852646.285	1602.564	1957	777	53.130	974.696	NaN
268	0268-0780	2343236.358	2827.061	1454	743	122.969	1630.481	NaN
269	0269-0760	658489.481	1135.900	1796	777	73.610	961.378	NaN
270	0270-0752	81155.490	410.457	1160	747	128.660	256.410	NaN
271	0271-0755	198265.943	657.637	2145	762	43.025	480.769	NaN
272	0272-0786	3339702.498	3130.542	361	749	132.510	1716.946	NaN
273	0273-0769	675953.320	1272.400	2272	787	40.914	1059.532	NaN
274	0274-0756	50336.949	317.292	82	753	135.000	224.359	NaN
275	0275-0756	50336.949	317.292	835	753	135.000	224.359	NaN
276	0276-0842	12919132.150	5554.127	2340	929	86.692	3244.557	NaN
277	0277-0859	32823800.131	8686.311	1127	828	153.246	5940.339	NaN
278	0278-0816	5510355.030	4443.006	997	762	133.831	1980.315	NaN
279	0279-0776	850591.716	1363.593	1847	766	156.448	897.436	NaN
280	0280-0766	50336.949	317.292	1516	763	135.000	224.359	NaN
281	0281-0858	13184171.598	6365.388	192	764	107.888	3056.397	NaN
282	0282-0767	50336.949	317.292	2148	764	135.000	224.359	NaN
283	0283-0802	4352605.194	3519.517	591	765	142.400	1691.385	NaN
284	0284-0862	16640984.550	6807.937	2166	767	126.384	3334.120	NaN
285	0285-0798	1994986.851	2195.688	1699	772	123.690	1608.407	NaN
286	0286-0777	115055.884	489.242	2584	771	121.608	288.462	NaN
287	0287-0872	14647024.984	6801.521	307	774	113.908	2876.723	NaN
288	0288-0780	117110.454	498.601	1838	786	45.000	352.564	NaN
289	0289-0805	2091551.611	2055.784	1904	781	120.964	1689.085	NaN
290	0290-0823	3640696.910	3249.690	73	776	112.011	1665.727	NaN
291	0291-0798	714990.138	1464.572	973	777	113.199	833.333	NaN
292	0292-0784	161283.695	596.188	2648	777	126.254	384.615	NaN
293	0293-0791	598906.969	1093.977	816	799	31.827	777.221	NaN
294	0294-0782	57527.942	340.710	2679	778	131.186	224.359	NaN
295	0295-0887	17894271.861	7016.962	2109	996	82.388	3468.348	NaN
296	0296-0785	139710.717	567.045	2664	779	132.709	384.615	NaN
297	0297-0785	70882.643	385.949	2281	789	41.634	256.410	NaN
298	0298-0802	1035502.959	2109.062	751	782	143.653	841.131	NaN
299	0299-0787	80128.205	391.236	253	783	145.008	256.410	NaN
300	0300-0853	17173118.014	6679.137	816	834	164.697	3759.052	NaN
301	0301-0789	50336.949	317.292	1804	786	135.000	224.359	NaN
302	0302-0854	10297501.644	6295.854	1756	792	139.335	3478.274	NaN
303	0303-0790	50336.949	317.292	1813	787	135.000	224.359	NaN
304	0304-0792	88346.483	431.206	1678	788	138.013	288.462	NaN
305	0305-0792	89373.767	431.206	2626	797	41.987	288.462	NaN
306	0306-0800	362631.492	946.463	1848	795	151.699	564.596	NaN
307	0307-0898	17644641.683	7299.816	1967	798	120.619	3471.376	NaN
308	0308-0826	1624137.081	2409.608	1641	815	151.390	1143.544	NaN
309	0309-0817	392422.748	1040.063	2632	804	123.690	801.282	NaN
310	0310-0822	479741.946	1289.243	736	806	124.875	738.724	NaN
311	0311-0812	125328.731	545.814	1820	818	40.236	352.564	NaN
312	0312-0812	63691.650	362.619	1521	816	45.000	256.410	NaN
313	0313-0850	2917488.494	3213.611	19	811	128.928	1320.740	NaN
314	0314-0842	3073635.766	2615.864	1405	843	7.038	1792.873	NaN
315	0315-0815	64718.935	365.441	1448	811	127.875	224.359	NaN
316	0316-0850	4364932.610	3952.847	399	838	161.565	2198.105	NaN
317	0317-0825	144847.140	615.685	2655	819	141.340	384.615	NaN
318	0318-0842	561924.721	1292.028	1879	824	113.385	651.582	NaN
319	0319-0834	216757.068	911.069	1580	825	140.711	390.553	NaN
320	0320-0877	6302391.519	3578.422	673	849	149.300	2477.742	NaN
321	0321-0835	171556.542	726.653	1101	844	48.576	452.576	NaN
322	0322-0836	211620.644	681.420	1621	831	138.814	496.640	NaN
323	0323-0838	396531.887	989.964	1536	832	150.945	608.974	NaN
324	0324-0833	57527.942	340.710	2626	830	138.814	224.359	NaN
325	0325-0846	694444.444	1304.688	762	841	152.176	814.103	NaN
326	0326-0881	7354331.032	3918.261	559	880	166.759	2913.452	NaN
327	0327-0927	15184294.872	6310.522	1502	840	118.518	3599.880	NaN
328	0328-0859	469469.099	1116.287	1575	847	140.826	638.717	NaN
329	0329-0872	787927.350	2044.259	1722	848	131.186	807.076	NaN
330	0330-0860	142792.571	737.876	1914	867	34.380	387.012	NaN
331	0331-0925	11933966.141	5531.888	1630	863	140.407	3472.022	NaN
332	0332-0973	14419995.069	8640.897	134	858	121.037	2229.514	NaN
333	0333-0900	2663749.178	2954.461	1389	860	118.511	1589.223	NaN
334	0334-0868	50336.949	317.292	1095	865	135.000	224.359	NaN
335	0335-0921	3708497.699	4160.498	1907	871	127.488	1573.297	NaN
336	0336-0965	13949498.685	6570.826	1085	880	122.450	2915.549	NaN
337	0337-0967	15546926.364	6265.349	2462	875	109.733	3455.500	NaN
338	0338-0885	98619.329	455.534	2410	890	39.289	288.462	NaN
339	0339-0887	95537.475	431.206	1057	891	41.987	320.513	NaN
340	0340-0909	811554.898	1912.900	1611	884	121.293	776.105	NaN
341	0341-0928	2744904.668	2815.592	1451	888	112.770	1336.180	NaN
342	0342-0981	19369452.663	7032.901	434	904	132.414	4121.096	NaN
343	0343-0899	50336.949	317.292	2536	896	135.000	224.359	NaN
344	0344-1004	26192677.515	8160.561	935	933	143.625	4978.198	NaN
345	0345-0995	11387450.690	6072.174	289	902	100.954	3278.690	NaN
346	0346-0907	72937.212	385.949	2399	903	138.366	256.410	NaN
347	0347-0995	18587689.020	6811.859	747	939	147.880	3988.350	NaN
348	0348-0920	135601.578	521.757	702	914	132.510	384.615	NaN
349	0349-0919	50336.949	317.292	429	916	135.000	224.359	NaN
350	0350-0926	556788.297	1559.683	641	933	9.462	512.821	NaN
351	0351-0986	10199909.599	5536.621	1840	918	132.184	2917.417	NaN
352	0352-0930	50336.949	317.292	633	927	135.000	224.359	NaN
353	0353-0983	3985864.563	3947.906	2367	935	122.400	1686.625	NaN
354	0354-0938	139710.717	676.123	1831	929	121.430	327.348	NaN
355	0355-0949	243466.469	731.584	2530	959	61.189	480.769	NaN
356	0356-1007	12318170.611	7031.587	594	947	146.527	2996.451	NaN
357	0357-0947	72937.212	385.949	1192	943	131.634	256.410	NaN
358	0358-0963	684171.598	1378.578	1800	984	72.408	933.549	NaN
359	0359-0949	57527.942	340.710	2189	945	131.186	224.359	NaN
360	0360-0954	161283.695	615.685	1385	947	128.660	407.946	NaN
361	0361-0957	345167.653	860.026	2324	951	153.435	592.502	NaN
362	0362-1014	7425213.675	4315.988	2248	957	115.043	2501.973	NaN
363	0363-0958	64718.935	362.619	925	954	135.000	256.410	NaN
364	0364-0959	64718.935	365.441	1090	956	142.125	224.359	NaN
365	0365-0973	383177.186	1096.323	262	957	105.255	504.085	NaN
366	0366-0965	64718.935	362.619	2533	969	45.000	256.410	NaN
367	0367-0983	1227605.194	1546.786	1279	975	145.981	1091.763	NaN
368	0368-0974	177720.250	631.337	2343	965	113.962	352.564	NaN
369	0369-0975	272230.440	871.889	1400	967	143.973	480.470	NaN
370	0370-0993	1351906.640	1806.567	1225	968	115.201	1159.806	NaN
371	0371-0994	1459771.532	2558.086	1349	969	142.125	1132.368	NaN
372	0372-1017	4675172.584	3431.883	408	969	124.729	2177.107	NaN
373	0373-1037	14436431.624	5641.390	1440	972	143.781	3539.612	NaN
374	0374-1001	931747.206	1875.753	2540	974	109.983	732.489	NaN
375	0375-0993	537269.888	1405.879	2326	977	133.152	753.370	NaN
376	0376-0983	57527.942	340.710	1823	979	131.186	224.359	NaN
377	0377-1014	2542529.586	2321.230	1969	986	144.554	1931.214	NaN
378	0378-0998	689308.021	1271.188	1635	1015	56.310	955.877	NaN
379	0379-1070	13511875.411	5780.349	1697	1007	136.123	3931.131	NaN
380	0380-1070	11525106.838	4866.098	2173	998	107.241	3813.665	NaN
381	0381-1002	57527.942	340.710	272	999	138.814	224.359	NaN
382	0382-1095	17980563.774	6140.895	1273	1008	114.023	4195.557	NaN
383	0383-1012	50336.949	317.292	923	1009	135.000	224.359	NaN
384	0384-1047	4646408.613	3143.641	2081	1015	140.793	2280.571	NaN
385	0385-1016	119165.023	489.242	2670	1023	58.392	320.513	NaN
386	0386-1018	138683.432	525.680	1663	1023	37.569	352.564	NaN
387	0387-1034	1119740.302	2008.007	1349	1014	151.390	778.147	NaN
388	0388-1029	624589.086	1621.681	1638	1019	161.565	682.605	NaN
389	0389-1043	1298487.837	1885.313	604	1020	125.311	1365.153	NaN
390	0390-1028	196211.374	748.245	2382	1020	133.264	471.140	NaN
391	0391-1054	1962113.741	2809.565	1834	1021	145.222	1324.898	NaN
392	0392-1047	1320060.815	1727.799	2037	1029	130.486	1309.653	NaN
393	0393-1065	3331484.221	3268.602	793	1025	131.820	1959.806	NaN
394	0394-1096	10113617.686	5648.487	647	1040	144.236	2487.696	NaN
395	0395-1049	873191.979	2052.283	2365	1029	141.340	967.330	NaN
396	0396-1063	1565581.854	2209.912	2338	1031	109.486	1474.359	NaN
397	0397-1073	4104002.301	2843.908	2575	1114	50.029	2628.205	NaN
398	0398-1037	69855.358	385.949	1589	1041	41.634	256.410	NaN
399	0399-1038	50336.949	317.292	937	1035	135.000	224.359	NaN
400	0400-1044	70882.643	385.949	2417	1040	138.366	256.410	NaN
401	0401-1050	89373.767	462.250	940	1044	123.690	256.410	NaN
402	0402-1076	2097715.319	3095.065	1624	1055	148.120	1461.905	NaN
403	0403-1069	917365.220	1464.572	1219	1048	113.199	1015.633	NaN
404	0404-1054	84237.344	431.206	1599	1059	41.987	288.462	NaN
405	0405-1056	63691.650	362.619	2209	1052	135.000	256.410	NaN
406	0406-1131	10287228.797	5095.448	366	1210	80.952	3170.086	NaN
407	0407-1158	19212278.107	7324.612	1896	1091	133.050	4046.947	NaN
408	0408-1057	57527.942	340.710	487	1054	138.814	224.359	NaN
409	0409-1089	1519354.043	2173.115	1824	1059	127.208	1253.259	NaN
410	0410-1103	3541050.296	3271.901	199	1060	122.600	1893.971	NaN
411	0411-1067	84237.344	435.945	72	1062	126.027	256.410	NaN
412	0412-1113	6415392.834	4070.891	894	1093	153.838	2192.439	NaN
413	0413-1112	3089045.036	3469.838	2010	1063	115.145	1566.522	NaN
414	0414-1066	50336.949	317.292	2385	1063	135.000	224.359	NaN
415	0415-1068	64718.935	362.619	2481	1064	135.000	256.410	NaN
416	0416-1176	19988905.325	8137.365	429	1079	125.380	3845.794	NaN
417	0417-1070	50336.949	317.292	588	1067	135.000	224.359	NaN
418	0418-1093	1413543.721	1937.976	1164	1068	124.216	1042.529	NaN
419	0419-1128	7083127.876	5145.903	609	1071	133.738	2360.379	NaN
420	0420-1078	115055.884	657.637	2071	1071	136.975	358.801	NaN
421	0421-1081	604043.393	1446.220	2381	1076	167.196	673.077	NaN
422	0422-1119	3498931.624	3654.408	521	1074	127.875	1683.803	NaN
423	0423-1152	20127588.757	6196.517	1592	1076	131.855	4505.933	NaN
424	0424-1082	136628.863	616.519	2049	1074	117.897	285.562	NaN
425	0425-1087	490014.793	1251.643	2438	1074	140.194	745.356	NaN
426	0426-1084	365713.346	1006.431	2470	1074	142.765	616.352	NaN
427	0427-1079	64718.935	365.441	784	1075	127.875	224.359	NaN
428	0428-1101	665680.473	1692.356	2529	1081	127.304	797.721	NaN
429	0429-1092	253739.316	815.892	2064	1083	135.000	521.265	NaN
430	0430-1163	8880876.068	5052.018	1423	1085	95.096	2914.949	NaN
431	0431-1117	2654503.616	2881.052	2094	1093	147.724	1641.230	NaN
432	0432-1095	63691.650	362.619	291	1091	135.000	256.410	NaN
433	0433-1180	15663009.533	5648.760	1136	1094	106.481	3692.308	NaN
434	0434-1100	154092.702	590.996	2006	1107	40.601	416.667	NaN
435	0435-1100	147928.994	636.200	2494	1094	139.086	353.959	NaN
436	0436-1137	3093154.175	2925.810	1021	1097	114.600	1790.700	NaN
437	0437-1098	79100.920	417.898	2633	1095	147.529	224.359	NaN
438	0438-1137	2021696.252	2294.523	286	1172	77.905	1408.307	NaN
439	0439-1143	8449416.502	4146.029	2307	1167	24.187	2613.138	NaN
440	0440-1108	71909.928	385.949	850	1112	41.634	256.410	NaN
441	0441-1131	1028311.966	1815.359	1205	1153	47.862	1250.000	NaN
442	0442-1151	4340277.778	2844.630	2449	1118	123.511	2398.179	NaN
443	0443-1136	1462853.386	1777.907	2268	1161	62.049	1474.167	NaN
444	0444-1128	915310.651	1501.971	816	1113	140.194	971.805	NaN
445	0445-1142	1318006.246	2021.265	1514	1113	117.378	1178.040	NaN
446	0446-1125	312294.543	808.938	2068	1114	123.690	608.974	NaN
447	0447-1120	93482.906	473.232	2656	1114	118.301	224.359	NaN
448	0448-1220	22522189.349	7532.119	870	1118	122.135	4973.302	NaN
449	0449-1124	85264.629	435.945	1069	1120	143.973	256.410	NaN
450	0450-1131	95537.475	431.206	1249	1126	131.987	320.513	NaN
451	0451-1218	14525805.391	6308.487	169	1134	117.867	3534.370	NaN
452	0452-1154	1449498.685	1770.090	1850	1178	58.325	1413.229	NaN
453	0453-1136	95537.475	455.534	2645	1141	39.289	288.462	NaN
454	0454-1148	240384.615	817.151	1250	1160	64.440	448.718	NaN
455	0455-1144	152038.133	615.685	2237	1152	51.340	384.615	NaN
456	0456-1140	50336.949	317.292	2628	1137	135.000	224.359	NaN
457	0457-1145	262984.878	888.809	1498	1139	154.359	416.667	NaN
458	0458-1198	7551569.691	3913.145	1741	1142	116.775	2870.831	NaN
459	0459-1167	899901.381	1692.660	2605	1143	108.778	744.841	NaN
460	0460-1179	4287886.259	2941.044	763	1185	163.540	2403.846	NaN
461	0461-1156	343113.083	1046.463	2072	1144	130.030	560.034	NaN
462	0462-1148	88346.483	410.457	2087	1152	38.660	288.462	NaN
463	0463-1193	4050583.498	3065.215	2531	1237	68.532	2171.244	NaN
464	0464-1164	377013.478	976.381	1219	1150	113.199	611.123	NaN
465	0465-1206	8622000.329	4826.991	2112	1160	142.826	3032.824	NaN
466	0466-1156	50336.949	317.292	2231	1153	135.000	224.359	NaN
467	0467-1157	64718.935	362.619	2242	1153	135.000	256.410	NaN
468	0468-1157	71909.928	385.949	2254	1153	131.634	256.410	NaN
469	0469-1159	124301.446	533.440	2663	1154	147.265	320.513	NaN
470	0470-1187	1064266.930	1611.832	1488	1163	107.354	1023.871	NaN
471	0471-1191	1613864.234	1974.734	2039	1164	125.754	1372.911	NaN
472	0472-1261	20255999.343	6265.677	606	1166	103.610	4736.632	NaN
473	0473-1170	64718.935	365.441	2289	1166	127.875	224.359	NaN
474	0474-1170	50336.949	317.292	749	1167	135.000	224.359	NaN
475	0475-1207	3331484.221	2839.751	1252	1174	126.741	2001.402	NaN
476	0476-1185	588634.122	1147.597	1876	1177	144.090	801.411	NaN
477	0477-1195	1284105.851	1649.941	2237	1174	150.945	1345.859	NaN
478	0478-1179	105810.322	480.769	1377	1184	36.870	288.462	NaN
479	0479-1182	148956.279	590.996	310	1188	40.601	384.615	NaN
480	0480-1183	116083.169	521.757	2302	1177	132.510	352.564	NaN
481	0481-1253	13425583.498	5822.052	2257	1270	28.258	4171.760	NaN
482	0482-1195	453032.544	989.964	2615	1202	29.055	801.282	NaN
483	0483-1189	81155.490	407.946	2646	1194	45.000	288.462	NaN
484	0484-1190	71909.928	385.949	2326	1186	138.366	256.410	NaN
485	0485-1206	878328.402	1526.731	1840	1188	129.036	1077.045	NaN
486	0486-1194	171556.542	588.383	1538	1188	150.642	384.615	NaN
487	0487-1198	148956.279	666.944	168	1207	54.782	315.343	NaN
488	0488-1237	2824005.588	3097.720	297	1197	118.421	1404.124	NaN
489	0489-1197	80128.205	385.949	1353	1194	138.366	288.462	NaN
490	0490-1199	98619.329	453.274	2664	1194	135.000	320.513	NaN
491	0491-1307	9086333.005	7783.712	2359	1418	62.802	2209.889	NaN
492	0492-1210	350304.076	976.907	1517	1222	48.991	616.352	NaN
493	0493-1224	982084.155	1541.130	1549	1247	73.072	1112.464	NaN
494	0494-1221	983111.440	1495.116	1885	1208	149.036	1025.641	NaN
495	0495-1277	10551240.960	4576.043	1060	1207	101.310	3505.884	NaN
496	0496-1210	50336.949	317.292	1398	1207	135.000	224.359	NaN
497	0497-1214	89373.767	435.945	750	1209	126.027	256.410	NaN
498	0498-1212	50336.949	317.292	917	1209	135.000	224.359	NaN
499	0499-1255	5827785.996	3709.650	2068	1236	161.878	2149.954	NaN
500	0500-1218	221893.491	648.989	2623	1212	147.095	448.718	NaN
501	0501-1318	19079758.383	7046.910	370	1224	121.232	3497.104	NaN
502	0502-1227	107864.892	489.242	1355	1223	148.392	288.462	NaN
503	0503-1270	2927761.341	3644.274	2437	1315	50.711	1175.033	NaN
504	0504-1230	156147.272	589.256	1309	1237	45.000	416.667	NaN
505	0505-1258	2593893.820	2130.868	1218	1245	164.291	1826.923	NaN
506	0506-1259	2067924.063	2512.502	1455	1245	156.705	1565.737	NaN
507	0507-1238	142792.571	545.814	758	1245	49.764	384.615	NaN
508	0508-1306	16569074.622	5372.105	1547	1263	142.515	4379.166	NaN
509	0509-1268	1946704.471	2545.001	831	1234	126.293	1238.779	NaN
510	0510-1249	917365.220	1766.314	1816	1241	168.486	864.312	NaN
511	0511-1265	2945225.181	2889.064	1311	1290	33.690	1859.531	NaN
512	0512-1249	140738.001	616.519	1873	1241	117.897	320.513	NaN
513	0513-1270	1941568.047	2187.251	2566	1250	145.146	1826.923	NaN
514	0514-1260	554733.728	1158.289	1717	1278	75.579	705.128	NaN
515	0515-1323	9467455.621	5122.192	139	1244	98.637	2903.293	NaN
516	0516-1278	1867603.550	2116.598	482	1249	122.005	1472.063	NaN
517	0517-1259	209566.075	659.976	1904	1268	60.945	448.718	NaN
518	0518-1281	2269271.861	2192.645	778	1253	127.875	1560.559	NaN
519	0519-1256	94510.191	431.206	1209	1251	131.987	320.513	NaN
520	0520-1329	13929980.276	5540.424	1940	1258	125.345	3836.449	NaN
521	0521-1374	27647312.623	7859.952	2515	1256	104.886	5693.761	NaN
522	0522-1261	100673.899	533.440	1985	1257	147.265	277.363	NaN
523	0523-1274	935856.345	1405.879	1404	1288	24.228	1023.361	NaN
524	0524-1265	57527.942	340.710	1859	1261	131.186	224.359	NaN
525	0525-1279	1208086.785	2327.417	1835	1269	157.319	1091.450	NaN
526	0526-1342	16683103.222	6165.187	1761	1269	135.843	3882.345	NaN
527	0527-1269	93482.906	431.206	1820	1264	131.987	320.513	NaN
528	0528-1272	50336.949	317.292	1127	1269	135.000	224.359	NaN
529	0529-1337	4875493.097	4409.236	349	1272	109.093	1591.274	NaN
530	0530-1280	186965.812	702.939	1453	1273	136.848	430.893	NaN
531	0531-1375	20477892.834	7449.424	1155	1281	123.417	4091.435	NaN
532	0532-1333	4745027.942	3831.436	2045	1390	55.911	2456.077	NaN
533	0533-1279	81155.490	407.946	2243	1275	135.000	288.462	NaN
534	0534-1346	7955292.571	5117.477	53	1276	120.902	2316.816	NaN
535	0535-1327	4057774.490	2910.143	2260	1372	82.405	2421.974	NaN
536	0536-1287	72937.212	385.949	296	1292	48.366	256.410	NaN
537	0537-1350	5765121.631	4120.554	2201	1414	84.644	2187.442	NaN
538	0538-1294	105810.322	590.996	1276	1300	40.601	331.604	NaN
539	0539-1306	706771.861	1518.636	1699	1325	44.145	740.642	NaN
540	0540-1308	470496.384	1338.885	2154	1324	47.911	603.026	NaN
541	0541-1296	57527.942	340.710	2653	1293	138.814	224.359	NaN
542	0542-1300	124301.446	573.351	1876	1304	26.565	256.410	NaN
543	0543-1307	280448.718	841.308	297	1317	49.635	494.982	NaN
544	0544-1332	2971934.583	2686.387	1313	1306	162.646	2207.400	NaN
545	0545-1322	1871712.689	2325.872	1411	1307	168.071	1557.972	NaN
546	0546-1321	1357043.064	1897.533	2598	1345	52.549	1244.075	NaN
547	0547-1304	90401.052	431.206	557	1300	138.013	288.462	NaN
548	0548-1309	361604.208	918.369	267	1316	29.249	537.458	NaN
549	0549-1369	10260519.395	4451.437	1508	1304	106.739	3177.822	NaN
550	0550-1366	7016354.372	4338.778	502	1416	57.366	2402.560	NaN
551	0551-1307	50336.949	317.292	2066	1304	135.000	224.359	NaN
552	0552-1323	857782.709	1510.496	878	1317	162.719	959.763	NaN
553	0553-1311	57527.942	340.710	1295	1308	138.814	224.359	NaN
554	0554-1322	270175.871	974.802	236	1333	43.668	551.144	NaN
555	0555-1316	64718.935	365.441	2316	1312	127.875	224.359	NaN
556	0556-1392	19425953.320	5934.336	701	1449	26.980	4791.546	NaN
557	0557-1350	1796720.907	2352.878	592	1317	114.121	1200.445	NaN
558	0558-1329	266066.732	750.986	1720	1323	140.194	544.150	NaN
559	0559-1361	3558514.135	2502.875	1141	1400	80.417	1986.488	NaN
560	0560-1331	71909.928	385.949	2306	1336	48.366	256.410	NaN
561	0561-1434	18042200.855	7189.782	1706	1329	111.991	4307.115	NaN
562	0562-1335	64718.935	365.441	2321	1331	127.875	224.359	NaN
563	0563-1420	10397148.258	5659.298	255	1336	104.430	2702.719	NaN
564	0564-1447	20562130.178	7871.445	2027	1555	62.078	3929.995	NaN
565	0565-1344	64718.935	362.619	2312	1348	45.000	256.410	NaN
566	0566-1364	1094058.185	1678.031	958	1341	118.523	1166.435	NaN
567	0567-1360	869082.840	1419.333	1377	1373	25.408	993.590	NaN
568	0568-1384	3157873.110	2437.794	893	1352	118.250	1923.123	NaN
569	0569-1381	2299063.116	2262.966	1004	1402	37.519	1608.349	NaN
570	0570-1366	90401.052	453.274	680	1371	45.000	317.292	NaN
571	0571-1416	11120356.673	5128.205	2205	1458	36.870	3376.335	NaN
572	0572-1413	2592866.535	3622.362	1546	1461	59.123	1402.969	NaN
573	0573-1453	12648956.279	5480.394	1432	1370	103.874	3710.885	NaN
574	0574-1377	80128.205	410.457	2405	1382	51.340	256.410	NaN
575	0575-1376	50336.949	317.292	337	1373	135.000	224.359	NaN
576	0576-1382	322567.390	821.539	1613	1376	159.444	603.434	NaN
577	0577-1494	19725920.447	7645.289	200	1613	83.501	3541.954	NaN
578	0578-1387	89373.767	431.206	587	1382	131.987	288.462	NaN
579	0579-1387	70882.643	385.949	341	1383	131.634	256.410	NaN
580	0580-1434	5469263.642	3294.429	1360	1386	107.554	2525.253	NaN
581	0581-1389	70882.643	385.949	1092	1393	41.634	256.410	NaN
582	0582-1468	20124506.903	6965.755	1809	1497	16.851	4610.315	NaN
583	0583-1407	358522.354	934.447	937	1420	59.036	595.592	NaN
584	0584-1427	2741822.814	2381.520	609	1421	151.020	1955.128	NaN
585	0585-1405	87319.198	410.457	692	1410	51.340	288.462	NaN
586	0586-1406	137656.147	525.680	1089	1412	37.569	384.615	NaN
587	0587-1408	71909.928	385.949	354	1404	138.366	256.410	NaN
588	0588-1457	7308103.222	4810.790	1126	1405	147.792	2236.468	NaN
589	0589-1449	4043392.505	3299.881	1582	1470	24.075	2298.086	NaN
590	0590-1456	5875041.091	4217.637	2379	1431	155.772	2181.510	NaN
591	0591-1425	57527.942	340.710	2017	1421	131.186	224.359	NaN
592	0592-1425	50336.949	317.292	694	1422	135.000	224.359	NaN
593	0593-1521	20316609.139	6730.617	399	1431	119.373	4330.225	NaN
594	0594-1585	33554199.540	10575.369	972	1424	102.604	5332.866	NaN
595	0595-1437	148956.279	634.583	1077	1430	135.000	385.283	NaN
596	0596-1461	2820923.734	2240.153	888	1434	123.917	1949.393	NaN
597	0597-1545	20581648.586	7281.004	345	1658	84.189	4171.127	NaN
598	0598-1450	894764.957	1276.430	571	1463	38.884	1089.744	NaN
599	0599-1442	64718.935	365.441	2647	1439	142.125	224.359	NaN
600	0600-1505	6913625.904	4731.881	69	1449	125.628	2657.485	NaN
601	0601-1477	2159352.400	2352.878	2313	1506	52.193	1565.271	NaN
602	0602-1462	57527.942	340.710	856	1458	131.186	224.359	NaN
603	0603-1496	3384903.024	2879.090	2126	1526	43.647	1807.011	NaN
604	0604-1546	9886587.771	5696.298	1116	1459	100.045	3005.800	NaN
605	0605-1517	8557281.394	4622.502	761	1549	19.440	3067.427	NaN
606	0606-1501	3059253.780	2632.501	1293	1475	132.039	1959.088	NaN
607	0607-1478	295857.988	898.008	1669	1489	55.176	532.189	NaN
608	0608-1533	8669255.424	5083.337	551	1599	53.202	2702.482	NaN
609	0609-1514	5505218.606	3340.875	652	1562	61.960	2361.555	NaN
610	0610-1475	172583.826	604.742	34	1479	32.005	384.615	NaN
611	0611-1474	57527.942	340.710	836	1470	131.186	224.359	NaN
612	0612-1474	50336.949	317.292	129	1471	135.000	224.359	NaN
613	0613-1481	300994.412	907.114	2220	1474	147.995	470.089	NaN
614	0614-1480	82182.774	407.946	1584	1476	135.000	288.462	NaN
615	0615-1498	1297460.552	1654.604	2257	1480	134.215	1180.715	NaN
616	0616-1488	63691.650	362.619	1409	1484	135.000	256.410	NaN
617	0617-1489	50336.949	317.292	878	1486	135.000	224.359	NaN
618	0618-1526	2208662.064	2631.330	1494	1560	55.923	1521.630	NaN
619	0619-1539	7642998.028	4084.621	1588	1498	141.691	2852.564	NaN
620	0620-1596	20902161.407	7366.637	1162	1695	59.977	4300.183	NaN
621	0621-1504	161283.695	711.654	2373	1511	35.838	382.245	NaN
622	0622-1503	130465.155	604.742	2538	1499	147.995	334.472	NaN
623	0623-1502	50336.949	317.292	30	1499	135.000	224.359	NaN
624	0624-1503	50336.949	317.292	2570	1500	135.000	224.359	NaN
625	0625-1506	80128.205	410.457	2519	1502	141.340	256.410	NaN
626	0626-1535	4114275.148	3244.787	2189	1567	23.273	2023.372	NaN
627	0627-1509	115055.884	506.775	2400	1516	55.305	320.513	NaN
628	0628-1514	178747.535	660.754	746	1505	112.834	320.513	NaN
629	0629-1510	57527.942	340.710	545	1506	131.186	224.359	NaN
630	0630-1513	86291.913	435.945	283	1517	36.027	256.410	NaN
631	0631-1531	1682692.308	1815.359	2582	1509	137.862	1383.464	NaN
632	0632-1519	290721.565	846.178	2528	1526	24.624	507.421	NaN
633	0633-1515	57527.942	340.710	2349	1512	138.814	224.359	NaN
634	0634-1515	71909.928	391.236	2386	1512	145.008	224.359	NaN
635	0635-1536	1307733.399	1927.612	1964	1558	47.021	1303.164	NaN
636	0636-1520	57527.942	340.710	1357	1516	131.186	224.359	NaN
637	0637-1521	104783.037	500.657	2336	1516	140.194	320.513	NaN
638	0638-1519	50336.949	317.292	2359	1516	135.000	224.359	NaN
639	0639-1540	1469017.094	1835.618	2287	1556	12.095	1446.446	NaN
640	0640-1526	387286.325	1155.625	2391	1522	160.560	468.114	NaN
641	0641-1524	102728.468	455.534	546	1528	39.289	320.513	NaN
642	0642-1529	104783.037	476.477	2637	1524	137.726	320.513	NaN
643	0643-1529	57527.942	340.710	742	1525	131.186	224.359	NaN
644	0644-1534	315376.397	820.913	2448	1543	38.660	576.923	NaN
645	0645-1536	290721.565	820.913	1837	1546	51.340	559.017	NaN
646	0646-1530	50336.949	317.292	2364	1527	135.000	224.359	NaN
647	0647-1534	109919.461	500.657	56	1529	140.194	320.513	NaN
648	0648-1534	50336.949	317.292	752	1531	135.000	224.359	NaN
649	0649-1536	72937.212	385.949	889	1532	131.634	256.410	NaN
650	0650-1569	3074663.051	2836.855	1813	1595	32.074	1828.547	NaN
651	0651-1542	261957.594	838.862	1716	1551	43.452	519.231	NaN
652	0652-1538	81155.490	407.946	642	1543	45.000	288.462	NaN
653	0653-1624	17989809.336	6776.781	2433	1700	45.575	5064.752	NaN
654	0654-1542	143819.855	634.583	870	1550	45.000	421.400	NaN
655	0655-1565	2787023.340	2606.422	1343	1568	16.429	1780.072	NaN
656	0656-1546	155119.987	622.323	2428	1554	55.491	361.012	NaN
657	0657-1554	643080.210	1192.377	1554	1569	53.746	922.525	NaN
658	0658-1563	1191650.230	1721.545	2151	1588	65.821	1051.922	NaN
659	0659-1544	149983.563	659.976	2482	1539	150.945	312.880	NaN
660	0660-1544	50336.949	317.292	1764	1541	135.000	224.359	NaN
661	0661-1550	190047.666	648.989	742	1559	57.095	448.718	NaN
662	0662-1548	87319.198	435.945	1528	1543	126.027	256.410	NaN
663	0663-1570	1453607.824	1994.404	2337	1589	45.000	1376.042	NaN
664	0664-1547	64718.935	365.441	2384	1544	142.125	224.359	NaN
665	0665-1549	50336.949	317.292	1806	1546	135.000	224.359	NaN
666	0666-1574	1377588.757	1967.959	912	1557	163.926	1639.338	NaN
667	0667-1571	1632355.358	1772.989	2101	1591	49.399	1422.308	NaN
668	0668-1562	418104.865	1156.070	2395	1550	133.877	594.220	NaN
669	0669-1602	6292118.672	3642.160	2619	1653	65.014	2559.038	NaN
670	0670-1555	50336.949	317.292	1843	1552	135.000	224.359	NaN
671	0671-1583	1683719.592	2071.217	1444	1613	68.199	1349.477	NaN
672	0672-1563	206484.221	726.653	760	1555	131.424	491.940	NaN
673	0673-1571	432486.851	1116.287	2450	1583	50.826	764.951	NaN
674	0674-1563	117110.454	525.680	820	1558	142.431	320.513	NaN
675	0675-1581	604043.393	1619.779	1582	1558	117.072	679.871	NaN
676	0676-1621	6065088.757	3996.141	35	1559	95.985	2049.520	NaN
677	0677-1588	1118713.018	1898.345	1324	1617	78.311	846.699	NaN
678	0678-1563	63691.650	362.619	1537	1567	45.000	256.410	NaN
679	0679-1573	499260.355	1181.993	1902	1588	49.399	679.910	NaN
680	0680-1572	232166.338	803.203	740	1561	118.610	433.480	NaN
681	0681-1582	1097140.039	1806.282	1711	1599	27.474	1236.532	NaN
682	0682-1642	14934664.694	5489.291	782	1696	47.366	4044.960	NaN
683	0683-1636	17160790.598	5904.834	566	1667	22.668	4054.816	NaN
684	0684-1664	21008999.014	6890.131	2200	1579	145.423	5538.808	NaN
685	0685-1574	152038.133	681.420	2467	1582	41.186	425.133	NaN
686	0686-1617	7106755.424	3769.809	1910	1647	26.783	2668.282	NaN
687	0687-1572	72937.212	385.949	2392	1568	131.634	256.410	NaN
688	0688-1590	809500.329	1208.210	1773	1572	111.801	1025.641	NaN
689	0689-1594	913256.082	1409.163	2310	1615	72.801	1025.641	NaN
690	0690-1577	50336.949	317.292	143	1574	135.000	224.359	NaN
691	0691-1598	1183431.953	1511.856	2051	1620	57.995	1255.867	NaN
692	0692-1603	1898422.091	1794.013	1541	1583	131.379	1533.147	NaN
693	0693-1586	64718.935	362.619	2426	1582	135.000	256.410	NaN
694	0694-1587	73964.497	385.949	953	1583	131.634	256.410	NaN
695	0695-1589	64718.935	362.619	1609	1593	45.000	256.410	NaN
696	0696-1623	2237426.036	2466.908	385	1656	65.433	1361.708	NaN
697	0697-1617	2328854.372	2171.223	100	1588	121.109	1534.459	NaN
698	0698-1617	3108563.445	3040.652	1347	1642	34.695	1689.215	NaN
699	0699-1592	57527.942	340.710	1801	1588	131.186	224.359	NaN
700	0700-1646	6195553.912	3966.727	926	1613	134.018	2432.559	NaN
701	0701-1601	452005.260	989.964	1632	1607	29.055	641.026	NaN
702	0702-1669	18256903.353	5929.487	2045	1643	145.795	5000.000	NaN
703	0703-1623	2765450.362	2160.789	1839	1606	147.724	1923.077	NaN
704	0704-1600	90401.052	431.206	249	1605	41.987	288.462	NaN
705	0705-1600	50336.949	317.292	169	1597	135.000	224.359	NaN
706	0706-1621	724235.700	1419.695	161	1602	118.301	929.487	NaN
707	0707-1606	64718.935	365.441	1610	1602	127.875	224.359	NaN
708	0708-1607	64718.935	365.441	530	1603	127.875	224.359	NaN
709	0709-1623	1111522.025	1627.372	2340	1631	32.125	1047.108	NaN
710	0710-1608	71909.928	365.441	2458	1604	127.875	256.410	NaN
711	0711-1609	50336.949	317.292	564	1606	135.000	224.359	NaN
712	0712-1623	364686.062	1074.555	446	1639	72.646	576.923	NaN
713	0713-1629	1199868.508	2047.773	1658	1650	39.920	1072.052	NaN
714	0714-1745	28970455.293	9522.845	1504	1879	65.333	5274.340	NaN
715	0715-1616	102728.468	480.769	1792	1621	36.870	288.462	NaN
716	0716-1658	4448142.669	2951.852	1731	1698	48.521	2131.684	NaN
717	0717-1619	98619.329	476.477	145	1625	47.726	320.513	NaN
718	0718-1618	81155.490	407.946	514	1623	45.000	288.462	NaN
719	0719-1622	93482.906	462.250	2469	1628	56.310	256.410	NaN
720	0720-1622	132519.724	577.813	2413	1628	33.690	349.811	NaN
721	0721-1707	16409845.496	6057.777	1412	1790	58.412	3969.250	NaN
722	0722-1621	50336.949	317.292	2321	1618	135.000	224.359	NaN
723	0723-1625	125328.731	525.680	561	1632	52.431	352.564	NaN
724	0724-1653	2728468.113	2733.206	1968	1679	39.289	1673.064	NaN
725	0725-1632	95537.475	445.271	975	1629	149.744	256.410	NaN
726	0726-1644	483851.085	1013.551	470	1659	71.565	865.572	NaN
727	0727-1634	57527.942	340.710	522	1630	131.186	224.359	NaN
728	0728-1638	156147.272	596.188	505	1646	53.746	384.615	NaN
729	0729-1646	163338.264	567.045	2374	1640	132.709	384.615	NaN
730	0730-1644	50336.949	317.292	283	1641	135.000	224.359	NaN
731	0731-1645	101701.183	480.769	1423	1650	36.870	288.462	NaN
732	0732-1646	57527.942	340.710	445	1643	138.814	224.359	NaN
733	0733-1684	2626766.930	2623.706	292	1647	115.313	1762.821	NaN
734	0734-1757	19651955.950	7908.877	1213	1855	51.086	3589.957	NaN
735	0735-1693	2574375.411	2941.742	158	1648	101.310	1314.103	NaN
736	0736-1670	585552.268	1075.033	376	1655	116.565	801.282	NaN
737	0737-1660	80128.205	407.946	354	1656	135.000	288.462	NaN
738	0738-1740	17935363.248	5980.549	1822	1825	61.512	4793.021	NaN
739	0739-1675	576306.706	1166.684	2659	1658	110.925	795.094	NaN
740	0740-1696	3207182.774	2533.876	1664	1659	108.435	1947.866	NaN
741	0741-1666	64718.935	362.619	520	1662	135.000	256.410	NaN
742	0742-1667	72937.212	385.949	2632	1672	48.366	256.410	NaN
743	0743-1680	900928.665	1738.173	439	1665	157.218	939.414	NaN
744	0744-1668	50336.949	317.292	553	1665	135.000	224.359	NaN
745	0745-1671	50336.949	317.292	418	1668	135.000	224.359	NaN
746	0746-1672	50336.949	317.292	720	1669	135.000	224.359	NaN
747	0747-1676	50336.949	317.292	2416	1673	135.000	224.359	NaN
748	0748-1682	352358.646	1158.289	393	1689	14.421	400.930	NaN
749	0749-1680	79100.920	417.898	433	1677	147.529	224.359	NaN
750	0750-1732	6447238.659	3955.315	676	1779	52.573	2759.353	NaN
751	0751-1737	3505095.332	4815.165	1180	1794	48.778	1763.944	NaN
752	0752-1754	17859344.181	5739.328	839	1774	10.620	4600.099	NaN
753	0753-1705	1488535.503	2028.368	1998	1693	148.570	1425.798	NaN
754	0754-1688	127383.300	545.814	553	1694	40.236	352.564	NaN
755	0755-1703	678007.890	1391.557	354	1684	118.926	751.364	NaN
756	0756-1697	309212.689	846.178	2595	1693	155.376	632.714	NaN
757	0757-1691	93482.906	473.232	444	1688	151.699	224.359	NaN
758	0758-1721	1402243.590	1998.777	1974	1691	105.819	1061.171	NaN
759	0759-1720	738617.686	1632.100	496	1696	109.502	592.701	NaN
760	0760-1701	90401.052	455.534	585	1697	140.711	288.462	NaN
761	0761-1701	50336.949	317.292	576	1698	135.000	224.359	NaN
762	0762-1741	4220085.470	3286.937	392	1711	136.185	2148.277	NaN
763	0763-1705	50336.949	317.292	484	1702	135.000	224.359	NaN
764	0764-1710	207511.506	756.437	602	1702	143.616	458.681	NaN
765	0765-1707	50336.949	317.292	1000	1704	135.000	224.359	NaN
766	0766-1708	71909.928	365.441	1147	1704	127.875	256.410	NaN
767	0767-1727	1849112.426	2153.407	2437	1714	165.343	1474.287	NaN
768	0768-1740	2893860.947	2357.241	2639	1704	101.768	1971.789	NaN
769	0769-1712	101701.183	476.477	2574	1707	137.726	320.513	NaN
770	0770-1761	5536037.147	3685.897	532	1717	143.130	3196.431	NaN
771	0771-1711	50336.949	317.292	1192	1708	135.000	224.359	NaN
772	0772-1716	129437.870	545.814	333	1723	49.764	352.564	NaN
773	0773-1714	64718.935	365.441	2595	1710	127.875	224.359	NaN
774	0774-1717	114028.600	521.757	1215	1712	137.490	352.564	NaN
775	0775-1715	50336.949	317.292	1755	1712	135.000	224.359	NaN
776	0776-1768	7814554.569	4001.407	1057	1813	49.548	3030.353	NaN
777	0777-1798	15039447.732	6146.162	1648	1880	59.959	4172.193	NaN
778	0778-1727	358522.354	871.889	2522	1732	36.027	703.566	NaN
779	0779-1722	64718.935	365.441	357	1719	142.125	224.359	NaN
780	0780-1742	1139258.711	1506.751	797	1765	66.161	1153.846	NaN
781	0781-1725	81155.490	410.457	1166	1720	128.660	256.410	NaN
782	0782-1806	17613823.143	6279.516	2307	1863	25.388	4931.630	NaN
783	0783-1731	64718.935	362.619	343	1735	45.000	256.410	NaN
784	0784-1732	110946.746	480.769	1176	1737	36.870	320.513	NaN
785	0785-1744	272230.440	1061.570	296	1730	118.887	393.888	NaN
786	0786-1852	34693458.251	12072.787	1824	1913	25.136	4954.346	NaN
787	0787-1750	425295.858	1125.452	322	1767	70.017	822.867	NaN
788	0788-1738	57527.942	340.710	1673	1735	138.814	224.359	NaN
789	0789-1745	186965.812	612.339	384	1752	47.121	448.718	NaN
790	0790-1742	57527.942	340.710	371	1739	138.814	224.359	NaN
791	0791-1744	79100.920	410.457	529	1739	128.660	256.410	NaN
792	0792-1761	997493.425	1780.217	2520	1770	23.334	833.333	NaN
793	0793-1793	2793187.048	2895.989	355	1755	117.699	1536.501	NaN
794	0794-1786	2178870.809	2733.206	398	1753	129.289	1278.845	NaN
795	0795-1758	57527.942	340.710	642	1754	131.186	224.359	NaN
796	0796-1757	50336.949	317.292	1953	1754	135.000	224.359	NaN
797	0797-1761	50336.949	317.292	631	1758	135.000	224.359	NaN
798	0798-1779	1219386.917	1770.090	1927	1801	42.064	1237.179	NaN
799	0799-1762	71909.928	385.949	2465	1767	48.366	256.410	NaN
800	0800-1791	2304199.540	3004.626	2158	1820	33.690	1672.909	NaN
801	0801-1763	50336.949	317.292	2624	1760	135.000	224.359	NaN
802	0802-1764	50336.949	317.292	314	1761	135.000	224.359	NaN
803	0803-1803	3274983.563	2858.859	508	1845	70.346	1830.041	NaN
804	0804-1765	57527.942	340.710	665	1761	131.186	224.359	NaN
805	0805-1800	3375657.462	2811.210	1334	1839	61.390	2280.242	NaN
806	0806-1778	585552.268	1269.166	623	1763	135.000	929.487	NaN
807	0807-1888	19334524.984	8304.252	2214	2012	73.174	4655.016	NaN
808	0808-1789	1068376.068	1666.975	2605	1812	52.028	1057.692	NaN
809	0809-1776	50336.949	317.292	1104	1773	135.000	224.359	NaN
810	0810-1780	57527.942	340.710	479	1776	131.186	224.359	NaN
811	0811-1805	1193704.799	1897.533	1444	1818	37.451	1220.048	NaN
812	0812-1869	26842948.718	6915.134	727	1870	4.786	5641.026	NaN
813	0813-1788	257848.455	851.624	2567	1790	19.799	460.131	NaN
814	0814-1788	64718.935	362.619	2647	1792	45.000	256.410	NaN
815	0815-1795	361604.208	916.689	2493	1788	143.531	625.503	NaN
816	0816-1791	82182.774	410.457	2603	1786	128.660	256.410	NaN
817	0817-1790	50336.949	317.292	698	1787	135.000	224.359	NaN
818	0818-1811	1404298.159	2232.114	2483	1821	15.832	1096.518	NaN
819	0819-1799	72937.212	385.949	1939	1803	41.634	256.410	NaN
820	0820-1816	487960.224	1248.355	2644	1800	131.878	849.938	NaN
821	0821-1828	791009.204	1781.371	477	1801	98.276	626.890	NaN
822	0822-1812	409886.588	1204.378	665	1822	25.201	576.738	NaN
823	0823-1808	64718.935	365.441	1896	1805	142.125	224.359	NaN
824	0824-1814	147928.994	648.989	1044	1806	122.905	352.564	NaN
825	0825-1816	207511.506	666.944	1475	1821	35.218	448.718	NaN
826	0826-1826	559870.151	1227.192	2177	1841	49.236	729.022	NaN
827	0827-1820	63691.650	362.619	990	1824	45.000	256.410	NaN
828	0828-1827	448923.406	1178.511	689	1836	22.380	673.077	NaN
829	0829-1821	80128.205	407.946	2626	1826	45.000	288.462	NaN
830	0830-1831	449950.690	1051.360	1010	1818	127.569	758.913	NaN
831	0831-1821	57527.942	340.710	1147	1818	138.814	224.359	NaN
832	0832-1826	93482.906	435.945	2574	1832	53.973	288.462	NaN
833	0833-1826	86291.913	431.206	2588	1822	138.013	288.462	NaN
834	0834-1846	1936431.624	2262.966	554	1827	142.481	1408.965	NaN
835	0835-1826	57527.942	340.710	598	1823	138.814	224.359	NaN
836	0836-1828	71909.928	391.236	2552	1823	124.992	224.359	NaN
837	0837-1838	514669.625	1251.643	2148	1826	140.194	692.308	NaN
838	0838-1833	258875.740	1049.894	2477	1825	148.736	448.706	NaN
839	0839-1836	352358.646	1076.942	436	1826	143.471	560.664	NaN
840	0840-1828	50336.949	317.292	1805	1825	135.000	224.359	NaN
841	0841-1905	8480235.043	5096.859	1165	1826	96.499	2341.352	NaN
842	0842-1845	806418.475	1427.992	2508	1828	135.909	1072.188	NaN
843	0843-1847	601988.823	1751.420	2608	1865	34.563	759.595	NaN
844	0844-1841	120192.308	573.351	1450	1833	116.565	256.410	NaN
845	0845-1839	111974.030	500.657	1428	1845	39.806	352.564	NaN
846	0846-1885	6484220.907	3542.790	1050	1932	61.348	2594.266	NaN
847	0847-1842	194156.805	676.123	2594	1838	148.570	448.718	NaN
848	0848-1842	145874.425	705.856	2664	1836	140.528	382.922	NaN
849	0849-1839	50336.949	317.292	1367	1836	135.000	224.359	NaN
850	0850-1845	184911.243	673.840	2373	1836	115.346	384.615	NaN
851	0851-1844	83210.059	407.946	1473	1840	135.000	288.462	NaN
852	0852-1871	1887121.959	2371.145	2304	1883	13.285	1649.025	NaN
853	0853-1869	2225098.619	2891.374	92	1843	144.019	1516.151	NaN
854	0854-1868	1144395.135	1930.009	2462	1882	35.538	1171.303	NaN
855	0855-1854	255793.886	726.653	2576	1848	138.576	529.226	NaN
856	0856-1858	364686.062	861.220	1476	1865	45.000	641.026	NaN
857	0857-1983	32521778.435	9051.863	994	1847	105.611	6474.359	NaN
858	0858-1864	1058103.222	1966.393	2074	1876	19.026	1033.822	NaN
859	0859-1989	30022394.806	9275.233	1214	2124	70.626	4617.276	NaN
860	0860-1854	50336.949	317.292	1344	1851	135.000	224.359	NaN
861	0861-1899	5466181.788	3970.480	1509	1932	26.358	2332.745	NaN
862	0862-1879	1366288.626	2057.782	643	1894	37.405	1354.246	NaN
863	0863-1862	366740.631	924.500	1440	1854	146.310	607.181	NaN
864	0864-1859	105810.322	455.534	627	1854	129.289	320.513	NaN
865	0865-1993	31086661.736	9890.301	2028	2131	63.435	7731.104	NaN
866	0866-1861	64718.935	365.441	474	1857	127.875	224.359	NaN
867	0867-1863	57527.942	340.710	1953	1859	131.186	224.359	NaN
868	0868-1931	5208333.333	4679.268	2628	2004	83.313	1858.974	NaN
869	0869-1866	91428.337	453.274	2651	1861	135.000	320.513	NaN
870	0870-1884	876273.833	1609.600	514	1862	125.272	1152.677	NaN
871	0871-1893	1107412.886	1936.120	489	1865	109.335	993.590	NaN
872	0872-1870	71909.928	385.949	691	1874	41.634	256.410	NaN
873	0873-1897	2818869.165	2406.195	1964	1879	138.240	1916.676	NaN
874	0874-1891	1320060.815	1510.496	1410	1868	107.281	1319.034	NaN
875	0875-2031	29202621.631	10433.025	1726	2192	80.451	4038.161	NaN
876	0876-1883	379068.047	874.830	1364	1871	118.443	657.247	NaN
877	0877-1898	914283.366	1743.778	2535	1924	72.897	939.585	NaN
878	0878-1879	148956.279	525.680	2667	1886	52.431	416.667	NaN
879	0879-1879	70882.643	385.949	2155	1884	48.366	256.410	NaN
880	0880-1884	215729.783	782.472	586	1890	34.992	501.208	NaN
881	0881-1881	64718.935	362.619	2585	1885	45.000	256.410	NaN
882	0882-1884	118137.738	498.601	622	1890	45.000	352.564	NaN
883	0883-1897	460223.537	1218.370	2502	1913	54.638	702.265	NaN
884	0884-1886	89373.767	410.457	2557	1881	128.660	288.462	NaN
885	0885-1887	64718.935	365.441	563	1884	142.125	224.359	NaN
886	0886-1982	15544871.795	7593.652	1353	2080	54.968	3162.162	NaN
887	0887-1899	294830.703	892.845	682	1886	111.038	480.769	NaN
888	0888-1890	65746.220	362.619	2530	1886	135.000	256.410	NaN
889	0889-1890	50336.949	317.292	123	1887	135.000	224.359	NaN
890	0890-1890	50336.949	317.292	1712	1887	135.000	224.359	NaN
891	0891-1897	79100.920	410.457	1627	1893	141.340	256.410	NaN
892	0892-1917	728344.839	1529.085	717	1898	123.024	884.789	NaN
893	0893-1901	79100.920	410.457	2598	1906	51.340	256.410	NaN
894	0894-1940	4923775.477	3031.855	90	1943	13.449	2665.874	NaN
895	0895-1939	3545159.435	2898.825	2414	1956	35.096	2463.696	NaN
896	0896-1905	91428.337	431.206	604	1900	131.987	288.462	NaN
897	0897-1908	132519.724	588.383	2519	1916	60.642	288.462	NaN
898	0898-1926	1778229.783	1837.017	1353	1904	132.879	1506.410	NaN
899	0899-1907	153065.417	525.680	2405	1902	142.431	416.667	NaN
900	0900-1968	8298405.654	4458.931	1623	2027	62.146	2990.137	NaN
901	0901-1910	154092.702	590.996	2326	1904	139.399	416.667	NaN
902	0902-1913	161283.695	705.856	2571	1922	50.528	408.894	NaN
903	0903-1910	70882.643	385.949	2394	1914	41.634	256.410	NaN
904	0904-1916	57527.942	340.710	633	1912	131.186	224.359	NaN
905	0905-2037	21797953.649	8110.051	650	1913	100.244	4614.994	NaN
906	0906-1917	69855.358	385.949	484	1922	48.366	256.410	NaN
907	0907-1919	101701.183	476.477	2506	1914	132.274	320.513	NaN
908	0908-1951	2549720.579	2308.805	1941	1916	103.650	1672.718	NaN
909	0909-1921	82182.774	407.946	2678	1917	135.000	288.462	NaN
910	0910-1923	95537.475	417.898	2601	1918	122.471	288.462	NaN
911	0911-1923	64718.935	365.441	319	1919	127.875	224.359	NaN
912	0912-1929	179774.819	573.351	2366	1927	153.435	448.718	NaN
913	0913-1931	144847.140	596.188	632	1924	126.254	349.021	NaN
914	0914-1928	79100.920	385.949	1622	1932	41.634	288.462	NaN
915	0915-1956	1816239.316	2111.009	2303	1983	59.931	1438.217	NaN
916	0916-1952	1352933.925	2357.023	2537	1948	157.620	1223.724	NaN
917	0917-2015	13928952.991	6275.016	1055	1941	130.443	3756.413	NaN
918	0918-1937	50336.949	317.292	1998	1934	135.000	224.359	NaN
919	0919-1938	50336.949	317.292	1678	1935	135.000	224.359	NaN
920	0920-1981	4460470.085	3011.627	2126	2027	73.301	2391.979	NaN
921	0921-1950	297912.558	851.624	491	1938	109.799	468.647	NaN
922	0922-1947	50336.949	317.292	2344	1944	135.000	224.359	NaN
923	0923-1960	71909.928	365.441	2614	1956	127.875	256.410	NaN
924	0924-1971	954347.469	1728.691	830	1973	169.315	922.488	NaN
925	0925-2078	32797090.730	11314.103	1329	2197	39.598	4829.607	NaN
926	0926-2009	6077416.174	3838.936	2502	2046	22.068	3222.775	NaN
927	0927-1962	50336.949	317.292	2410	1959	135.000	224.359	NaN
928	0928-1970	494123.932	1096.323	760	1981	37.875	673.077	NaN
929	0929-1974	422214.004	951.335	481	1981	32.619	641.026	NaN
930	0930-1978	742726.824	1345.391	2409	1977	12.381	865.385	NaN
931	0931-2071	17649778.107	6758.262	172	1966	95.170	3740.774	NaN
932	0932-1995	2495274.490	2494.446	748	2009	27.553	1856.080	NaN
933	0933-1980	291748.849	891.118	2568	1972	142.306	604.642	NaN
934	0934-1977	88346.483	435.945	1816	1981	36.027	256.410	NaN
935	0935-1978	64718.935	365.441	2100	1974	127.875	224.359	NaN
936	0936-2043	9028805.062	4642.460	2339	2113	72.316	3402.560	NaN
937	0937-2077	17005670.611	6423.464	292	2176	81.102	4299.801	NaN
938	0938-1985	149983.563	533.440	2593	1992	57.265	384.615	NaN
939	0939-1986	176692.965	648.989	2446	1992	32.905	384.615	NaN
940	0940-1988	95537.475	431.206	482	1993	41.987	320.513	NaN
941	0941-1986	50336.949	317.292	2202	1983	135.000	224.359	NaN
942	0942-1995	197238.659	720.263	1846	1985	110.854	352.564	NaN
943	0943-2007	742726.824	1519.988	1815	1986	114.944	1025.641	NaN
944	0944-1991	72937.212	385.949	2652	1987	131.634	256.410	NaN
945	0945-2001	681089.744	1358.309	828	2002	19.290	819.223	NaN
946	0946-2093	20679240.631	7397.253	1792	2167	47.810	4122.670	NaN
947	0947-2000	50336.949	317.292	1955	1997	135.000	224.359	NaN
948	0948-2000	71909.928	391.236	2553	1997	145.008	224.359	NaN
949	0949-2005	79100.920	410.457	1876	2001	141.340	256.410	NaN
950	0950-2039	2674022.025	2509.433	482	2074	61.798	1621.681	NaN
951	0951-2018	453032.544	1175.456	2185	2012	154.134	587.859	NaN
952	0952-2103	20114234.057	8181.619	2309	2197	45.159	5029.173	NaN
953	0953-2017	164365.549	641.026	1808	2012	143.130	416.267	NaN
954	0954-2016	71909.928	385.949	272	2012	131.634	256.410	NaN
955	0955-2074	5894559.500	4185.976	2233	2136	71.704	2323.465	NaN
956	0956-2043	2904133.794	2532.863	828	2063	38.320	1920.256	NaN
957	0957-2019	135601.578	533.440	254	2015	147.265	320.513	NaN
958	0958-2022	107864.892	506.775	1017	2029	55.305	288.462	NaN
959	0959-2057	3785544.050	2659.484	2613	2098	77.471	2148.100	NaN
960	0960-2074	4791255.753	3273.784	760	2026	108.258	2440.667	NaN
961	0961-2038	103755.753	489.242	580	2032	121.608	256.410	NaN
962	0962-2037	103755.753	462.250	1631	2041	33.690	288.462	NaN
963	0963-2037	50336.949	317.292	1650	2034	135.000	224.359	NaN
964	0964-2119	22771819.527	8245.593	367	2195	30.353	4946.969	NaN
965	0965-2079	3546186.719	2780.899	1625	2095	25.974	2049.223	NaN
966	0966-2052	240384.615	801.282	790	2044	143.130	544.872	NaN
967	0967-2049	50336.949	317.292	37	2046	135.000	224.359	NaN
968	0968-2058	63691.650	362.619	45	2062	45.000	256.410	NaN
969	0969-2065	80128.205	410.457	449	2070	51.340	256.410	NaN
970	0970-2067	86291.913	435.945	880	2062	126.027	256.410	NaN
971	0971-2131	8530571.992	5012.825	2490	2195	53.057	3124.134	NaN
972	0972-2070	50336.949	317.292	1343	2067	135.000	224.359	NaN
973	0973-2133	4752218.935	4859.127	55	2068	120.964	2151.780	NaN
974	0974-2079	108892.176	455.534	692	2074	129.289	320.513	NaN
975	0975-2096	1190622.945	1627.372	1952	2106	32.125	1184.571	NaN
976	0976-2082	163338.264	636.200	864	2076	139.086	431.402	NaN
977	0977-2082	57527.942	340.710	147	2078	131.186	224.359	NaN
978	0978-2088	57527.942	340.710	395	2084	131.186	224.359	NaN
979	0979-2099	318458.251	946.463	414	2112	61.699	555.662	NaN
980	0980-2091	147928.994	545.814	826	2097	40.236	352.564	NaN
981	0981-2094	167447.403	612.339	2575	2101	47.121	447.308	NaN
982	0982-2097	79100.920	417.898	1998	2092	122.471	224.359	NaN
983	0983-2095	50336.949	317.292	2277	2092	135.000	224.359	NaN
984	0984-2100	79100.920	410.457	2586	2105	51.340	256.410	NaN
985	0985-2118	1023175.542	2027.354	800	2139	39.226	1159.722	NaN
986	0986-2101	50336.949	317.292	799	2098	135.000	224.359	NaN
987	0987-2104	57527.942	340.710	874	2101	138.814	224.359	NaN
988	0988-2108	105810.322	480.769	1632	2102	126.870	288.462	NaN
989	0989-2151	2778805.062	3098.217	2612	2107	114.444	1548.147	NaN
990	0990-2113	71909.928	391.236	1934	2108	124.992	224.359	NaN
991	0991-2151	3476331.361	3188.740	2245	2188	50.711	2072.863	NaN
992	0992-2118	199293.228	632.150	440	2114	149.534	416.667	NaN
993	0993-2136	1486480.934	1928.411	1564	2147	21.448	1443.892	NaN
994	0994-2156	6527366.864	4578.961	828	2198	9.265	2708.361	NaN
995	0995-2119	87319.198	407.946	1200	2124	45.000	288.462	NaN
996	0996-2121	113001.315	480.769	2163	2117	143.130	320.513	NaN
997	0997-2127	406804.734	961.538	1313	2118	143.130	641.026	NaN
998	0998-2121	80128.205	385.949	1944	2125	41.634	288.462	NaN
999	0999-2154	3435239.974	2570.904	1265	2188	54.130	2145.331	NaN
1000	1000-2159	7278311.966	4500.895	2106	2161	169.330	2467.949	NaN
1001	1001-2125	50336.949	317.292	251	2122	135.000	224.359	NaN
1002	1002-2127	64718.935	362.619	2062	2131	45.000	256.410	NaN
1003	1003-2129	106837.607	500.657	46	2124	140.194	320.513	NaN
1004	1004-2129	105810.322	476.477	935	2124	132.274	320.513	NaN
1005	1005-2161	3213346.483	2552.055	705	2187	25.278	2134.288	NaN
1006	1006-2129	95537.475	445.271	817	2126	149.744	256.410	NaN
1007	1007-2162	2872287.968	2393.353	1632	2127	110.376	1913.681	NaN
1008	1008-2163	8182322.485	5195.077	980	2198	15.751	2275.641	NaN
1009	1009-2134	171556.542	659.976	982	2140	29.055	352.564	NaN
1010	1010-2136	104783.037	500.657	959	2141	39.806	320.513	NaN
1011	1011-2165	4381369.165	3342.720	1916	2194	34.452	2077.670	NaN
1012	1012-2138	57527.942	340.710	1938	2134	131.186	224.359	NaN
1013	1013-2165	1221441.486	2083.333	2011	2197	75.750	1056.351	NaN
1014	1014-2145	177720.250	703.670	2096	2136	120.069	352.564	NaN
1015	1015-2144	177720.250	756.437	1157	2137	143.616	409.474	NaN
1016	1016-2168	1817266.601	2099.787	2059	2138	121.264	1392.162	NaN
1017	1017-2167	1622082.512	2041.493	2567	2197	67.865	1447.083	NaN
1018	1018-2142	57527.942	340.710	54	2139	138.814	224.359	NaN
1019	1019-2143	80128.205	410.457	2237	2147	38.660	256.410	NaN
1020	1020-2144	50336.949	317.292	1325	2141	135.000	224.359	NaN
1021	1021-2151	79100.920	410.457	967	2147	141.340	256.410	NaN
1022	1022-2158	196211.374	730.882	256	2148	127.875	428.879	NaN
1023	1023-2173	3554404.997	2985.418	1171	2175	165.069	1634.615	NaN
1024	1024-2174	3375657.462	2910.320	598	2179	168.566	1538.462	NaN
1025	1025-2174	4906311.637	5166.623	1468	2189	177.155	1506.410	NaN
1026	1026-2163	57527.942	340.710	791	2159	131.186	224.359	NaN
1027	1027-2181	1001602.564	1788.565	131	2164	143.746	898.720	NaN
1028	1028-2181	1095085.470	1664.199	309	2198	15.642	1121.795	NaN
1029	1029-2172	96564.760	435.945	799	2169	143.973	288.462	NaN
1030	1030-2176	104783.037	435.945	1685	2171	126.027	320.513	NaN
1031	1031-2180	275312.295	711.654	242	2175	144.162	512.821	NaN
1032	1032-2176	57527.942	340.710	758	2172	131.186	224.359	NaN
1033	1033-2180	187993.097	793.552	898	2172	136.637	430.610	NaN
1034	1034-2186	572197.567	1279.645	2586	2182	157.932	768.271	NaN
1035	1035-2178	50336.949	317.292	790	2175	135.000	224.359	NaN
1036	1036-2185	50336.949	317.292	184	2182	135.000	224.359	NaN
1037	1037-2190	237302.761	747.558	1700	2197	30.964	416.667	NaN
1038	1038-2189	64718.935	365.441	2297	2185	127.875	224.359	NaN
1039	1039-2192	82182.774	407.946	1662	2197	45.000	288.462	NaN
1040	1040-2193	57527.942	340.710	1770	2189	131.186	224.359	NaN
1041	1041-2193	71909.928	365.441	2033	2190	142.125	256.410	NaN
