 	Label	Area	Feret	FeretX	FeretY	FeretAngle	MinFeret	Perinuclei
1	0001-0089	13087606.838	5833.862	576	176	63.576	4063.703	NaN
2	0002-0073	11209730.440	4596.315	1675	2	105.781	3621.795	NaN
3	0003-0027	1723783.695	1949.603	1284	51	43.668	1296.784	NaN
4	0004-0037	2165516.108	2154.838	2450	68	59.621	1332.356	NaN
5	0005-0018	518778.764	1077.419	1509	13	157.249	737.179	NaN
6	0006-0018	258875.740	725.238	2637	26	45.000	512.821	NaN
7	0007-0115	11690499.671	6740.987	822	218	77.087	2598.769	NaN
8	0008-0022	50336.949	317.292	246	19	135.000	224.359	NaN
9	0009-0088	7943992.439	4419.127	2569	153	71.828	2689.015	NaN
10	0010-0076	5679857.002	3225.098	1799	119	63.435	2565.831	NaN
11	0011-0033	50336.949	317.292	1083	30	135.000	224.359	NaN
12	0012-0097	12277079.224	5364.163	1531	30	130.638	3501.125	NaN
13	0013-0034	64718.935	365.441	986	31	142.125	224.359	NaN
14	0014-0127	13826224.523	6204.138	2480	220	75.030	3148.718	NaN
15	0015-0135	17465894.149	6439.038	1310	233	80.256	3764.354	NaN
16	0016-0043	211620.644	666.944	1494	52	54.782	473.014	NaN
17	0017-0050	775599.934	1315.275	2647	35	136.975	961.538	NaN
18	0018-0040	113001.315	544.872	1782	44	28.072	256.410	NaN
19	0019-0043	57527.942	340.710	241	40	138.814	224.359	NaN
20	0020-0088	4831319.855	2978.011	2220	134	81.957	2455.581	NaN
21	0021-0091	3274983.563	2929.845	2054	46	100.081	1858.974	NaN
22	0022-0087	1696047.009	2666.428	766	50	115.641	1151.565	NaN
23	0023-0065	365713.346	871.889	1769	56	126.027	608.974	NaN
24	0024-0058	50336.949	317.292	1056	55	135.000	224.359	NaN
25	0025-0151	8685691.979	6241.776	744	56	101.252	2185.122	NaN
26	0026-0062	70882.643	385.949	1480	67	48.366	256.410	NaN
27	0027-0072	319485.536	1112.600	2643	59	131.496	562.609	NaN
28	0028-0112	2827087.442	3531.027	898	165	66.460	1298.287	NaN
29	0029-0066	103755.753	455.534	953	70	39.289	320.513	NaN
30	0030-0140	12109631.821	5161.749	2279	218	75.619	3244.166	NaN
31	0031-0071	50336.949	317.292	1081	68	135.000	224.359	NaN
32	0032-0073	98619.329	435.945	539	69	143.973	288.462	NaN
33	0033-0074	57527.942	340.710	972	70	131.186	224.359	NaN
34	0034-0075	84237.344	431.206	576	80	41.987	288.462	NaN
35	0035-0089	526997.041	1244.647	1095	73	124.509	727.607	NaN
36	0036-0078	57527.942	340.710	1071	75	138.814	224.359	NaN
37	0037-0194	13808760.684	10263.469	99	312	37.514	3581.071	NaN
38	0038-0089	322567.390	934.447	959	76	112.166	597.613	NaN
39	0039-0201	27806541.749	10906.529	1025	313	43.214	5013.353	NaN
40	0040-0137	7325567.061	4289.846	2376	192	51.674	2750.792	NaN
41	0041-0100	497205.786	1155.625	1912	115	56.310	830.976	NaN
42	0042-0094	154092.702	622.323	1768	86	124.509	352.564	NaN
43	0043-0094	90401.052	431.206	283	99	41.987	288.462	NaN
44	0044-0101	105810.322	462.250	1073	95	123.690	288.462	NaN
45	0045-0162	6467784.352	4293.556	1492	96	102.065	2339.744	NaN
46	0046-0116	585552.268	1393.033	2151	136	66.975	795.280	NaN
47	0047-0105	129437.870	570.657	191	111	38.157	344.010	NaN
48	0048-0105	57527.942	340.710	520	102	138.814	224.359	NaN
49	0049-0186	19634492.110	7326.575	353	254	27.910	4709.241	NaN
50	0050-0114	159229.126	666.944	1102	123	54.782	384.615	NaN
51	0051-0112	116083.169	480.769	204	116	36.870	320.513	NaN
52	0052-0127	380095.332	1138.159	1078	142	57.653	544.008	NaN
53	0053-0128	643080.210	1326.939	2115	117	142.853	1025.641	NaN
54	0054-0130	142792.571	588.383	1277	122	119.358	288.462	NaN
55	0055-0197	10821416.831	5371.340	644	145	135.242	2857.822	NaN
56	0056-0164	4928911.900	2910.320	1837	205	64.564	2419.231	NaN
57	0057-0129	81155.490	410.457	1055	124	128.660	256.410	NaN
58	0058-0179	4827210.717	3387.291	2180	131	124.592	2059.940	NaN
59	0059-0209	9423282.380	4988.687	1755	135	106.805	3289.716	NaN
60	0060-0154	374958.909	1178.511	1789	137	112.380	479.052	NaN
61	0061-0206	8082675.871	4449.129	2006	137	96.203	2442.966	NaN
62	0062-0206	13425583.498	4806.624	2066	149	136.621	4067.893	NaN
63	0063-0143	57527.942	340.710	1025	139	131.186	224.359	NaN
64	0064-0190	5191896.778	3263.727	934	154	128.220	2564.103	NaN
65	0065-0152	129437.870	544.872	1915	145	118.072	288.462	NaN
66	0066-0164	351331.361	952.953	1394	150	109.654	549.974	NaN
67	0067-0179	1257396.450	1858.145	1016	208	75.005	1025.641	NaN
68	0068-0239	19976577.909	6751.266	1579	316	49.428	5098.424	NaN
69	0069-0194	1996014.135	2389.272	1945	231	83.066	1250.000	NaN
70	0070-0171	271203.156	1032.131	337	181	36.158	424.679	NaN
71	0071-0172	172583.826	590.996	1916	165	130.601	448.718	NaN
72	0072-0202	1906640.368	2250.447	1428	168	100.670	1173.119	NaN
73	0073-0198	2928788.626	2402.778	2545	224	46.081	1869.551	NaN
74	0074-0225	2353509.204	3403.025	177	271	60.054	1381.588	NaN
75	0075-0212	1865548.981	2106.869	247	244	76.809	1633.906	NaN
76	0076-0200	393450.033	1233.037	291	183	117.897	608.974	NaN
77	0077-0240	6430802.104	4250.392	1838	288	52.352	2529.539	NaN
78	0078-0207	857782.709	1451.184	1253	191	133.210	1024.733	NaN
79	0079-0202	233193.623	817.151	120	214	64.440	425.691	NaN
80	0080-0199	245521.039	821.539	313	191	159.444	496.934	NaN
81	0081-0195	50336.949	317.292	1891	192	135.000	224.359	NaN
82	0082-0268	7670734.714	4895.460	593	197	108.316	2209.411	NaN
83	0083-0286	12491781.723	5965.328	891	194	98.653	3408.572	NaN
84	0084-0199	50336.949	317.292	270	196	135.000	224.359	NaN
85	0085-0207	50336.949	317.292	1458	204	135.000	224.359	NaN
86	0086-0229	529051.611	1731.956	1028	251	51.009	575.640	NaN
87	0087-0245	2200443.787	2489.293	2350	283	78.111	1244.323	NaN
88	0088-0212	94510.191	462.250	836	216	33.690	256.410	NaN
89	0089-0219	331812.952	890.541	306	229	30.256	570.200	NaN
90	0090-0262	8354906.312	4070.891	2387	293	26.162	3152.142	NaN
91	0091-0220	82182.774	407.946	1381	225	45.000	288.462	NaN
92	0092-0228	280448.718	793.552	1242	219	133.363	576.923	NaN
93	0093-0228	77046.351	410.457	1077	223	128.660	256.410	NaN
94	0094-0294	10835798.817	4625.279	528	364	75.964	3975.642	NaN
95	0095-0247	1309787.968	1591.307	814	251	27.597	1337.157	NaN
96	0096-0295	13948471.400	5212.548	2233	358	54.258	4116.126	NaN
97	0097-0231	50336.949	317.292	2386	228	135.000	224.359	NaN
98	0098-0245	186965.812	659.976	279	254	60.945	384.615	NaN
99	0099-0328	14523750.822	6159.269	1360	421	74.300	3215.759	NaN
100	0100-0253	947156.476	1477.491	1931	269	40.601	1089.258	NaN
101	0101-0301	9289735.371	4604.912	2528	236	114.246	3279.427	NaN
102	0102-0241	50336.949	317.292	1267	238	135.000	224.359	NaN
103	0103-0300	7340976.331	4105.192	266	361	72.272	2576.923	NaN
104	0104-0244	95537.475	435.945	1469	250	53.973	288.462	NaN
105	0105-0284	2803459.895	2703.350	1524	243	100.244	1461.299	NaN
106	0106-0265	993384.287	1592.275	1244	280	40.101	989.819	NaN
107	0107-0262	456114.398	946.463	1291	269	28.301	801.282	NaN
108	0108-0269	844428.008	1326.939	971	285	37.147	1003.364	NaN
109	0109-0299	4298159.106	3141.189	1446	258	126.285	2196.251	NaN
110	0110-0266	405777.449	1005.920	246	271	22.479	666.667	NaN
111	0111-0278	891683.103	1594.209	679	262	149.826	969.929	NaN
112	0112-0289	2580539.119	2402.778	1154	298	9.211	1670.106	NaN
113	0113-0290	1553254.438	1796.302	1319	263	105.524	1387.899	NaN
114	0114-0323	10722797.502	4940.578	2047	287	159.096	3430.777	NaN
115	0115-0301	2594921.105	2649.422	773	280	145.349	2029.064	NaN
116	0116-0285	445841.552	1191.084	1705	295	23.806	666.599	NaN
117	0117-0286	50336.949	317.292	159	283	135.000	224.359	NaN
118	0118-0352	10583086.785	4739.473	355	421	57.707	3402.724	NaN
119	0119-0330	7580333.662	3760.942	1929	299	162.646	2968.648	NaN
120	0120-0302	555761.012	1049.894	1118	316	58.736	855.933	NaN
121	0121-0292	50336.949	317.292	183	289	135.000	224.359	NaN
122	0122-0343	7903928.337	3963.618	1687	396	59.910	3378.095	NaN
123	0123-0293	64718.935	365.441	2377	289	127.875	224.359	NaN
124	0124-0295	50336.949	317.292	154	292	135.000	224.359	NaN
125	0125-0296	50336.949	317.292	761	293	135.000	224.359	NaN
126	0126-0310	869082.840	1318.785	974	305	154.058	1089.744	NaN
127	0127-0298	71909.928	365.441	664	295	142.125	256.410	NaN
128	0128-0320	1376561.473	1814.227	726	342	57.995	1182.884	NaN
129	0129-0368	13062952.005	4835.497	2485	297	107.354	3969.474	NaN
130	0130-0314	635889.218	1201.389	1762	299	133.919	897.073	NaN
131	0131-0372	9778722.880	4755.378	1259	301	106.847	2993.746	NaN
132	0132-0304	57527.942	340.710	675	301	138.814	224.359	NaN
133	0133-0306	110946.746	476.477	1812	312	42.274	352.564	NaN
134	0134-0315	279421.433	732.286	2357	309	156.801	544.872	NaN
135	0135-0329	1164940.828	2107.113	1063	347	26.175	1083.333	NaN
136	0136-0349	2901051.940	2878.555	1827	312	127.763	1521.128	NaN
137	0137-0332	911201.512	1724.824	2388	314	138.013	1054.861	NaN
138	0138-0396	10566650.230	5354.099	450	319	125.498	3157.837	NaN
139	0139-0365	2794214.333	2740.713	687	323	100.784	1520.945	NaN
140	0140-0349	1235823.471	1743.778	1109	364	17.103	1605.564	NaN
141	0141-0328	50336.949	317.292	211	325	135.000	224.359	NaN
142	0142-0340	719099.277	1211.606	2329	331	142.524	880.053	NaN
143	0143-0351	1552227.153	1726.014	1601	365	31.329	1475.645	NaN
144	0144-0361	1350879.356	2229.811	1792	394	71.565	962.141	NaN
145	0145-0359	1774120.644	2027.101	842	329	108.435	1348.690	NaN
146	0146-0337	115055.884	521.757	41	343	47.490	379.276	NaN
147	0147-0371	3552350.427	2724.359	1181	332	118.072	1794.764	NaN
148	0148-0372	2339127.219	2639.905	739	408	60.945	1459.513	NaN
149	0149-0378	3714661.407	2764.969	999	408	45.000	2081.918	NaN
150	0150-0342	50336.949	317.292	1905	339	135.000	224.359	NaN
151	0151-0386	2937006.903	2847.518	1564	342	101.689	1418.154	NaN
152	0152-0384	4413214.990	4221.167	559	370	156.744	1928.727	NaN
153	0153-0359	295857.988	973.220	1916	374	72.759	382.399	NaN
154	0154-0422	13363946.417	5847.053	1411	492	52.125	3794.890	NaN
155	0155-0357	163338.264	725.238	961	365	45.000	407.946	NaN
156	0156-0368	1056048.652	1459.654	2383	368	19.231	1185.897	NaN
157	0157-0360	365713.346	962.073	2039	354	150.018	586.702	NaN
158	0158-0393	2101824.458	2740.713	2180	435	79.216	1442.594	NaN
159	0159-0356	79100.920	407.946	980	352	135.000	288.462	NaN
160	0160-0365	354413.215	890.541	300	363	149.744	769.231	NaN
161	0161-0359	73964.497	385.949	1893	355	138.366	256.410	NaN
162	0162-0440	17197772.847	5547.465	2303	359	106.446	4600.010	NaN
163	0163-0365	193129.520	660.754	796	373	50.906	448.718	NaN
164	0164-0374	389340.894	862.412	2217	364	138.013	705.128	NaN
165	0165-0368	50336.949	317.292	1656	365	135.000	224.359	NaN
166	0166-0375	110946.746	570.657	28	368	128.157	324.058	NaN
167	0167-0435	7381040.434	4416.220	211	502	74.854	2588.446	NaN
168	0168-0377	147928.994	577.813	1163	385	56.310	352.564	NaN
169	0169-0375	69855.358	385.949	960	371	131.634	256.410	NaN
170	0170-0398	3023298.817	2930.020	1074	388	160.178	1716.606	NaN
171	0171-0380	133547.009	570.657	666	373	128.157	352.564	NaN
172	0172-0382	298939.842	782.472	1600	373	145.008	576.923	NaN
173	0173-0391	614316.239	1125.452	1763	408	70.017	856.687	NaN
174	0174-0448	12328443.458	5151.589	2005	399	156.146	4158.461	NaN
175	0175-0382	50336.949	317.292	938	379	135.000	224.359	NaN
176	0176-0475	11809664.694	6218.031	1942	379	100.094	3029.613	NaN
177	0177-0385	50336.949	317.292	985	382	135.000	224.359	NaN
178	0178-0401	358522.354	1119.503	807	418	76.759	608.974	NaN
179	0179-0399	492069.362	1026.142	819	414	38.660	833.333	NaN
180	0180-0415	2419255.424	2047.773	2589	446	72.699	1733.918	NaN
181	0181-0389	50336.949	317.292	297	386	135.000	224.359	NaN
182	0182-0393	95537.475	506.775	2215	387	124.695	283.794	NaN
183	0183-0393	57527.942	340.710	264	389	131.186	224.359	NaN
184	0184-0409	1271778.435	1733.438	869	416	19.440	1251.392	NaN
185	0185-0405	381122.617	1065.434	1626	390	111.161	641.026	NaN
186	0186-0395	114028.600	506.775	2169	390	145.305	320.513	NaN
187	0187-0415	1312869.822	1814.227	1866	439	57.995	1240.616	NaN
188	0188-0428	2848660.421	2466.908	283	393	114.567	1750.368	NaN
189	0189-0420	1048857.659	2268.180	2117	394	132.709	1030.152	NaN
190	0190-0407	692389.875	1342.333	2217	417	33.311	767.587	NaN
191	0191-0399	57527.942	340.710	37	395	131.186	224.359	NaN
192	0192-0398	64718.935	365.441	1968	395	142.125	224.359	NaN
193	0193-0479	13886834.320	5594.946	925	563	71.980	3821.220	NaN
194	0194-0403	196211.374	711.654	1693	397	144.162	432.655	NaN
195	0195-0406	158201.841	622.323	1826	414	55.491	384.615	NaN
196	0196-0404	81155.490	410.457	1713	409	51.340	256.410	NaN
197	0197-0414	302021.696	846.178	128	426	65.376	533.662	NaN
198	0198-0406	57527.942	340.710	1840	402	131.186	224.359	NaN
199	0199-0405	57527.942	340.710	1863	402	138.814	224.359	NaN
200	0200-0416	279421.433	782.472	1649	425	55.008	480.769	NaN
201	0201-0431	864973.702	1523.701	1740	409	112.249	955.657	NaN
202	0202-0413	96564.760	455.534	1762	418	39.289	288.462	NaN
203	0203-0471	5913050.625	4765.736	109	532	55.134	2497.451	NaN
204	0204-0439	1392998.028	1999.805	1788	410	111.631	1153.846	NaN
205	0205-0433	562952.005	1416.797	18	453	52.352	807.844	NaN
206	0206-0438	1107412.886	1908.599	619	416	130.914	948.695	NaN
207	0207-0432	593770.546	1301.535	748	441	37.999	762.708	NaN
208	0208-0427	421186.719	942.656	577	437	35.311	634.655	NaN
209	0209-0429	224975.345	831.482	549	441	62.447	415.556	NaN
210	0210-0422	57527.942	340.710	1639	419	138.814	224.359	NaN
211	0211-0484	4523134.451	4660.790	385	433	127.737	2002.207	NaN
212	0212-0429	157174.556	645.020	1674	420	116.565	320.513	NaN
213	0213-0429	100673.899	501.682	81	422	116.565	224.359	NaN
214	0214-0450	1500862.919	1708.667	836	444	156.801	1533.713	NaN
215	0215-0504	26810075.608	8144.810	1026	442	151.821	5076.696	NaN
216	0216-0439	311267.258	978.483	1616	452	58.392	544.872	NaN
217	0217-0433	141765.286	685.927	559	440	37.405	382.245	NaN
218	0218-0435	131492.439	533.440	1715	442	57.265	320.513	NaN
219	0219-0435	123274.162	521.757	803	430	137.490	352.564	NaN
220	0220-0438	139710.717	577.813	697	433	146.310	320.513	NaN
221	0221-0442	154092.702	604.742	68	450	57.995	352.564	NaN
222	0222-0486	7607043.064	4314.679	2422	437	131.386	2920.226	NaN
223	0223-0438	71909.928	385.949	2536	434	131.634	256.410	NaN
224	0224-0448	425295.858	1006.431	1875	458	37.235	769.231	NaN
225	0225-0518	13522148.258	6220.426	314	465	138.342	3533.803	NaN
226	0226-0452	535215.319	1058.178	724	438	125.134	787.144	NaN
227	0227-0471	2008341.552	2207.819	1532	505	76.569	1506.410	NaN
228	0228-0465	775599.934	1640.888	1832	490	77.593	663.105	NaN
229	0229-0467	1276914.859	1845.107	2233	495	72.824	1085.205	NaN
230	0230-0547	17623068.705	6887.745	1329	652	76.546	3796.576	NaN
231	0231-0453	158201.841	690.406	79	443	111.801	288.462	NaN
232	0232-0456	331812.952	974.802	103	443	117.408	576.923	NaN
233	0233-0456	333867.521	978.483	682	469	58.392	603.230	NaN
234	0234-0450	86291.913	431.206	437	445	131.987	288.462	NaN
235	0235-0475	1552227.153	1998.777	1578	505	74.181	1234.910	NaN
236	0236-0465	667735.043	1325.002	765	482	57.848	854.150	NaN
237	0237-0478	1570718.277	2083.333	2201	448	112.620	1324.120	NaN
238	0238-0454	93482.906	455.534	1718	450	140.711	288.462	NaN
239	0239-0553	17442266.601	6994.674	2558	450	112.923	3436.884	NaN
240	0240-0489	4331032.216	3368.436	551	526	26.565	2145.943	NaN
241	0241-0458	129437.870	521.757	810	464	47.490	352.564	NaN
242	0242-0471	943047.337	1522.689	1695	490	30.343	1185.897	NaN
243	0243-0462	258875.740	815.892	1750	471	45.000	553.148	NaN
244	0244-0458	57527.942	340.710	1662	454	131.186	224.359	NaN
245	0245-0472	283530.572	936.095	1639	461	128.047	580.694	NaN
246	0246-0474	113001.315	521.757	826	480	47.490	351.792	NaN
247	0247-0472	50336.949	317.292	855	469	135.000	224.359	NaN
248	0248-0512	2163461.538	2727.374	2382	551	70.074	1178.537	NaN
249	0249-0577	6808842.867	6923.448	27	680	72.488	2615.072	NaN
250	0250-0496	951265.615	1613.106	799	475	130.972	1113.132	NaN
251	0251-0493	447896.121	1256.557	1855	507	52.253	715.169	NaN
252	0252-0510	2077169.625	2355.715	504	542	56.094	1551.138	NaN
253	0253-0506	1044748.521	1686.275	1770	480	98.746	1088.129	NaN
254	0254-0495	351331.361	956.182	1794	486	140.440	584.306	NaN
255	0255-0562	14044008.876	5503.309	2038	599	40.276	4126.589	NaN
256	0256-0489	64718.935	362.619	2523	493	45.000	256.410	NaN
257	0257-0495	216757.068	817.151	659	504	41.820	422.686	NaN
258	0258-0494	147928.994	590.996	1615	500	40.601	384.615	NaN
259	0259-0551	9809541.420	4400.841	2261	494	124.616	3528.170	NaN
260	0260-0501	165392.834	636.200	744	494	139.086	434.243	NaN
261	0261-0497	50336.949	317.292	864	494	135.000	224.359	NaN
262	0262-0540	1824457.594	3142.007	1894	494	108.435	1234.784	NaN
263	0263-0503	80128.205	407.946	425	499	135.000	288.462	NaN
264	0264-0503	50336.949	317.292	1506	500	135.000	224.359	NaN
265	0265-0582	10986809.665	5473.173	1611	501	108.435	3477.541	NaN
266	0266-0567	13281763.642	5006.673	1402	607	37.457	4046.189	NaN
267	0267-0551	7623479.619	3940.092	200	527	158.025	2766.486	NaN
268	0268-0581	7047172.913	4939.746	678	655	73.799	2247.926	NaN
269	0269-0523	687253.452	1155.625	764	512	146.310	862.751	NaN
270	0270-0512	71909.928	365.441	1649	508	142.125	256.410	NaN
271	0271-0513	103755.753	435.945	1827	517	36.027	320.513	NaN
272	0272-0517	290721.565	881.847	866	514	160.907	448.718	NaN
273	0273-0515	71909.928	391.236	2206	510	124.992	224.359	NaN
274	0274-0514	50336.949	317.292	1010	511	135.000	224.359	NaN
275	0275-0523	496178.501	1033.623	1541	519	150.255	794.277	NaN
276	0276-0515	72937.212	385.949	2514	511	138.366	256.410	NaN
277	0277-0532	948183.761	1506.751	1005	553	60.709	1058.933	NaN
278	0278-0516	57527.942	340.710	2300	512	131.186	224.359	NaN
279	0279-0524	315376.397	880.098	842	513	123.111	679.637	NaN
280	0280-0517	57527.942	340.710	1722	513	131.186	224.359	NaN
281	0281-0522	199293.228	756.437	2370	532	53.616	421.702	NaN
282	0282-0520	99646.614	500.657	1858	526	50.194	320.513	NaN
283	0283-0571	9778722.880	4558.950	531	591	27.646	3289.336	NaN
284	0284-0523	114028.600	506.775	1573	530	55.305	288.462	NaN
285	0285-0523	73964.497	385.949	541	519	138.366	256.410	NaN
286	0286-0529	145874.425	711.654	817	537	35.838	406.717	NaN
287	0287-0525	50336.949	317.292	1829	522	135.000	224.359	NaN
288	0288-0542	704717.291	1309.404	2007	561	68.459	817.025	NaN
289	0289-0528	50336.949	317.292	1741	525	135.000	224.359	NaN
290	0290-0534	64718.935	362.619	1751	530	135.000	256.410	NaN
291	0291-0588	5664447.732	3735.865	162	646	80.618	2296.153	NaN
292	0292-0535	115055.884	544.872	2188	539	28.072	256.410	NaN
293	0293-0572	3439349.112	2681.986	2436	532	104.534	2175.407	NaN
294	0294-0540	64718.935	365.441	1029	536	127.875	224.359	NaN
295	0295-0542	64718.935	362.619	1589	546	45.000	256.410	NaN
296	0296-0582	5180596.647	3876.085	809	542	136.005	2355.355	NaN
297	0297-0549	207511.506	865.978	888	560	51.009	415.750	NaN
298	0298-0547	281476.003	796.137	1835	556	40.101	544.872	NaN
299	0299-0624	6747205.786	5496.585	1733	541	103.145	1946.287	NaN
300	0300-0543	50336.949	317.292	2371	540	135.000	224.359	NaN
301	0301-0568	1008793.557	1851.777	2185	594	66.541	1196.776	NaN
302	0302-0546	73964.497	385.949	799	542	131.634	256.410	NaN
303	0303-0554	353385.930	907.680	742	544	132.138	628.845	NaN
304	0304-0555	166420.118	685.927	2180	564	52.595	385.149	NaN
305	0305-0557	374958.909	1032.131	1539	567	36.158	631.207	NaN
306	0306-0554	57527.942	340.710	1799	550	131.186	224.359	NaN
307	0307-0557	183883.958	775.217	866	551	150.255	378.769	NaN
308	0308-0623	7996383.958	4759.265	1126	696	77.555	2756.410	NaN
309	0309-0555	50336.949	317.292	1898	552	135.000	224.359	NaN
310	0310-0617	3513313.609	3851.492	67	674	71.565	1546.300	NaN
311	0311-0604	3512286.325	3141.189	2371	561	118.657	1783.540	NaN
312	0312-0621	9491083.169	4457.894	2442	644	170.064	3736.488	NaN
313	0313-0572	235248.192	732.286	507	562	113.199	448.718	NaN
314	0314-0602	2445964.826	2626.054	1865	564	109.983	1556.755	NaN
315	0315-0637	12117850.099	5147.101	1008	576	124.086	3573.280	NaN
316	0316-0612	2052514.793	2979.908	1689	655	71.175	1067.037	NaN
317	0317-0670	8863412.229	6815.402	736	772	73.610	2407.920	NaN
318	0318-0574	86291.913	435.945	1826	578	36.027	256.410	NaN
319	0319-0598	2158325.115	1929.743	948	623	57.894	1599.642	NaN
320	0320-0610	1824457.594	2210.377	1549	638	60.461	1398.700	NaN
321	0321-0587	160256.410	657.637	1543	594	43.025	407.946	NaN
322	0322-0591	253739.316	775.879	200	582	128.290	544.872	NaN
323	0323-0627	3137327.416	3184.711	1956	586	118.887	1581.765	NaN
324	0324-0655	7099564.431	4892.416	1203	726	68.477	2535.473	NaN
325	0325-0591	71909.928	385.949	1593	596	48.366	256.410	NaN
326	0326-0598	552679.158	1333.118	299	608	27.181	609.720	NaN
327	0327-0624	2423364.563	2404.701	1176	659	68.908	1474.359	NaN
328	0328-0645	2905161.078	3678.085	1795	702	79.963	1267.127	NaN
329	0329-0598	202375.082	648.989	465	607	57.095	448.718	NaN
330	0330-0614	694444.444	1641.827	358	594	128.660	802.614	NaN
331	0331-0600	80128.205	407.946	498	605	45.000	288.462	NaN
332	0332-0610	226002.630	865.978	1843	600	128.991	464.222	NaN
333	0333-0607	96564.760	455.534	181	613	50.711	288.462	NaN
334	0334-0643	3045899.080	2833.051	206	602	111.922	1922.277	NaN
335	0335-0606	89373.767	431.206	478	602	138.013	288.462	NaN
336	0336-0612	136628.863	573.351	401	620	63.435	288.462	NaN
337	0337-0639	4199539.776	4043.038	241	614	154.654	1917.270	NaN
338	0338-0611	79100.920	407.946	1162	616	45.000	288.462	NaN
339	0339-0704	14221729.126	6427.061	2019	610	109.519	3783.131	NaN
340	0340-0614	72937.212	385.949	2067	610	138.366	256.410	NaN
341	0341-0642	2228180.473	2302.790	2150	666	34.796	1512.889	NaN
342	0342-0679	14229947.403	5828.136	2221	615	132.994	3883.473	NaN
343	0343-0646	2866124.260	2858.859	503	621	137.726	1550.434	NaN
344	0344-0619	166420.118	604.742	432	624	32.005	384.615	NaN
345	0345-0616	57527.942	340.710	1864	613	138.814	224.359	NaN
346	0346-0653	2577457.265	2565.705	1927	692	77.005	1804.780	NaN
347	0347-0639	1101249.178	1523.701	917	662	75.379	1198.968	NaN
348	0348-0621	71909.928	385.949	483	625	41.634	256.410	NaN
349	0349-0646	919419.790	1763.986	92	670	65.298	979.273	NaN
350	0350-0702	11033037.475	5711.337	1446	784	66.168	3329.145	NaN
351	0351-0649	1937458.909	2239.006	1372	635	166.759	1723.574	NaN
352	0352-0627	50336.949	317.292	245	624	135.000	224.359	NaN
353	0353-0633	174638.396	615.685	422	641	51.340	384.615	NaN
354	0354-0718	14294666.338	6551.803	378	809	62.307	3525.989	NaN
355	0355-0630	50336.949	317.292	1082	627	135.000	224.359	NaN
356	0356-0659	1559418.146	1878.216	1840	686	64.747	1320.137	NaN
357	0357-0638	85264.629	410.457	393	635	141.340	288.462	NaN
358	0358-0652	1308760.684	1769.800	844	637	144.583	1120.582	NaN
359	0359-0701	12927350.427	5474.111	1549	660	160.504	3891.883	NaN
360	0360-0643	64718.935	365.441	2432	639	127.875	224.359	NaN
361	0361-0660	1033448.389	1566.583	601	668	30.763	1089.744	NaN
362	0362-0713	5290516.108	4761.423	760	780	65.333	1758.726	NaN
363	0363-0655	152038.133	573.351	367	663	63.435	320.513	NaN
364	0364-0651	63691.650	362.619	2196	655	45.000	256.410	NaN
365	0365-0654	50336.949	317.292	359	651	135.000	224.359	NaN
366	0366-0703	3323265.943	3203.846	128	750	70.115	1692.208	NaN
367	0367-0734	10500904.011	5124.698	495	656	111.269	2933.075	NaN
368	0368-0667	382149.901	911.069	945	678	50.711	677.998	NaN
369	0369-0662	86291.913	445.271	1794	656	120.256	224.359	NaN
370	0370-0661	57527.942	340.710	2655	657	131.186	224.359	NaN
371	0371-0705	3997164.694	3049.086	2362	744	56.143	1871.097	NaN
372	0372-0666	64718.935	362.619	2646	662	135.000	256.410	NaN
373	0373-0693	1765902.367	2842.463	1241	720	29.745	1081.169	NaN
374	0374-0709	2546638.725	2939.297	1511	753	71.565	1307.233	NaN
375	0375-0692	2639094.346	2451.452	252	685	168.690	1602.564	NaN
376	0376-0675	130465.155	570.657	907	682	51.843	352.564	NaN
377	0377-0672	63691.650	362.619	1375	668	135.000	256.410	NaN
378	0378-0674	71909.928	365.441	2625	670	127.875	256.410	NaN
379	0379-0745	7243384.287	4640.357	1355	673	95.947	2330.951	NaN
380	0380-0682	125328.731	500.657	656	688	50.194	352.564	NaN
381	0381-0680	57527.942	340.710	695	677	138.814	224.359	NaN
382	0382-0711	1739192.965	2139.768	48	679	106.535	1394.710	NaN
383	0383-0693	870110.125	1442.308	2631	706	36.870	883.412	NaN
384	0384-0745	13201635.437	4785.418	2442	681	140.981	3926.878	NaN
385	0385-0720	2257971.729	2461.280	2572	758	81.764	1531.467	NaN
386	0386-0716	2440828.402	2023.551	943	744	60.593	1666.667	NaN
387	0387-0728	2413091.716	2736.399	1882	687	103.548	1371.631	NaN
388	0388-0709	1004684.418	1564.943	1980	687	124.992	962.873	NaN
389	0389-0782	19642710.388	9360.950	12	873	38.047	4039.207	NaN
390	0390-0720	1743302.104	2125.317	1940	751	66.915	1274.992	NaN
391	0391-0745	6270545.694	3661.429	2162	690	103.671	2313.725	NaN
392	0392-0725	1594345.825	2556.278	839	760	59.899	1235.766	NaN
393	0393-0695	64718.935	365.441	1506	691	127.875	224.359	NaN
394	0394-0702	242439.185	764.542	10	712	56.976	446.875	NaN
395	0395-0744	4402942.143	3355.449	594	796	83.418	2041.297	NaN
396	0396-0790	11652490.138	6428.500	623	886	73.191	3058.907	NaN
397	0397-0700	123274.162	543.928	2609	694	135.000	384.615	NaN
398	0398-0701	71909.928	385.949	900	706	48.366	256.410	NaN
399	0399-0750	4342332.347	3532.336	1811	714	126.142	1916.864	NaN
400	0400-0708	215729.783	775.217	341	719	60.255	441.480	NaN
401	0401-0707	166420.118	567.045	2229	712	42.709	416.667	NaN
402	0402-0706	69855.358	385.949	1503	711	48.366	256.410	NaN
403	0403-0792	13914571.006	6563.708	1061	881	59.804	3225.074	NaN
404	0404-0713	106837.607	435.945	899	708	126.027	320.513	NaN
405	0405-0782	12882149.901	5906.661	968	848	41.040	3543.941	NaN
406	0406-0718	50336.949	317.292	2357	715	135.000	224.359	NaN
407	0407-0760	2972961.867	2766.455	1781	718	100.008	1531.639	NaN
408	0408-0724	87319.198	431.206	322	729	41.987	288.462	NaN
409	0409-0766	7368713.018	4512.861	1202	809	36.626	2676.331	NaN
410	0410-0739	511587.771	1244.647	1715	754	34.509	773.380	NaN
411	0411-0797	12239069.691	4651.303	218	824	29.745	3806.793	NaN
412	0412-0808	11619617.028	5192.110	2232	729	101.032	4007.732	NaN
413	0413-0741	118137.738	500.657	462	747	50.194	320.513	NaN
414	0414-0746	84237.344	431.206	1550	742	138.013	288.462	NaN
415	0415-0812	16678994.083	7400.446	1480	805	14.036	4111.357	NaN
416	0416-0790	5311061.801	3196.945	901	746	115.537	2567.641	NaN
417	0417-0758	278394.149	871.889	1737	747	126.027	475.479	NaN
418	0418-0789	2753122.945	2673.354	2015	749	127.694	1865.472	NaN
419	0419-0764	261957.594	871.889	1707	765	17.103	476.473	NaN
420	0420-0761	57527.942	340.710	2302	758	138.814	224.359	NaN
421	0421-0763	63691.650	362.619	822	767	45.000	256.410	NaN
422	0422-0767	71909.928	365.441	463	763	127.875	256.410	NaN
423	0423-0790	1977523.011	2038.472	2359	772	143.310	1624.098	NaN
424	0424-0776	382149.901	946.463	1540	785	28.301	679.079	NaN
425	0425-0804	5686020.710	3412.822	1888	815	14.689	2357.325	NaN
426	0426-0795	1438198.554	1878.216	1301	822	64.747	1116.228	NaN
427	0427-0776	102728.468	476.477	1982	771	132.274	320.513	NaN
428	0428-0783	570142.998	1220.476	1717	791	29.932	737.179	NaN
429	0429-0777	50336.949	317.292	750	774	135.000	224.359	NaN
430	0430-0796	840318.869	1411.713	468	778	129.472	961.827	NaN
431	0431-0865	11220003.287	5732.970	807	953	78.062	3496.783	NaN
432	0432-0823	2948307.035	2416.420	2117	788	111.801	1858.422	NaN
433	0433-0794	113001.315	476.477	2547	799	42.274	352.564	NaN
434	0434-0800	89373.767	431.206	748	795	131.987	288.462	NaN
435	0435-0851	4596071.663	4071.018	1816	795	117.170	2051.918	NaN
436	0436-0812	432486.851	1032.131	1448	799	126.158	608.247	NaN
437	0437-0831	1276914.859	1936.386	1757	860	61.314	1257.853	NaN
438	0438-0836	2628821.499	2310.584	2424	803	113.720	1667.102	NaN
439	0439-0819	543433.596	1071.204	1719	832	38.928	833.333	NaN
440	0440-0816	184911.243	838.862	837	825	43.452	372.121	NaN
441	0441-0822	554733.728	1182.427	2181	817	147.171	895.846	NaN
442	0442-0847	2886669.954	2567.706	1395	882	65.674	1954.309	NaN
443	0443-0829	653353.057	1376.714	571	849	65.225	750.027	NaN
444	0444-0830	1496753.780	2297.878	2341	817	157.011	1249.434	NaN
445	0445-0818	182856.673	756.437	494	825	36.384	393.315	NaN
446	0446-0815	64718.935	365.441	1191	812	142.125	224.359	NaN
447	0447-0820	218811.637	775.879	2544	812	141.710	441.897	NaN
448	0448-0875	5978796.844	3991.511	129	936	78.419	2407.912	NaN
449	0449-0818	81155.490	407.946	2570	823	45.000	288.462	NaN
450	0450-0842	2311390.533	2637.180	377	849	20.638	1424.777	NaN
451	0451-0896	13316691.321	5285.741	2500	818	110.963	4037.699	NaN
452	0452-0908	14428213.346	6473.486	1152	988	48.814	3577.352	NaN
453	0453-0828	64718.935	362.619	864	832	45.000	256.410	NaN
454	0454-0829	57527.942	340.710	175	825	131.186	224.359	NaN
455	0455-0829	92455.621	435.945	2567	826	143.973	288.462	NaN
456	0456-0884	7787845.168	4230.891	472	937	52.696	2788.462	NaN
457	0457-0925	15178131.164	6684.518	1274	1019	65.647	2924.705	NaN
458	0458-0834	71909.928	385.949	2076	838	41.634	256.410	NaN
459	0459-0836	64718.935	362.619	721	832	135.000	256.410	NaN
460	0460-0838	191074.951	731.584	841	832	151.189	369.964	NaN
461	0461-0891	6869452.663	3852.825	333	949	73.072	2963.219	NaN
462	0462-0840	50336.949	317.292	1497	837	135.000	224.359	NaN
463	0463-0895	5618219.921	3809.251	184	953	75.379	2282.117	NaN
464	0464-0882	4413214.990	3156.360	869	901	32.560	2307.613	NaN
465	0465-0862	889628.534	1550.434	2071	840	119.745	1031.505	NaN
466	0466-0855	307158.120	989.445	2183	841	114.905	610.176	NaN
467	0467-0877	2415146.285	2437.794	2369	914	61.750	1825.653	NaN
468	0468-0857	415023.011	1065.434	1505	842	111.161	634.583	NaN
469	0469-0878	2455210.388	2357.241	2594	914	78.232	1873.134	NaN
470	0470-0862	559870.151	1328.099	2040	882	70.253	544.358	NaN
471	0471-0853	200320.513	659.976	705	862	60.945	384.615	NaN
472	0472-0892	2767504.931	3118.377	1444	940	77.535	1473.562	NaN
473	0473-0849	79100.920	385.949	1490	854	41.634	288.462	NaN
474	0474-0852	92455.621	462.250	1174	846	123.690	256.410	NaN
475	0475-0852	113001.315	567.045	1724	846	137.291	339.955	NaN
476	0476-0876	1266642.012	1929.743	1970	906	78.503	1142.716	NaN
477	0477-0863	407832.018	1006.431	576	875	52.765	743.960	NaN
478	0478-0856	57527.942	340.710	1795	853	138.814	224.359	NaN
479	0479-0875	1440253.123	1726.014	996	860	148.671	1369.344	NaN
480	0480-0900	3034598.948	3096.393	1786	863	126.158	1420.852	NaN
481	0481-0878	1345742.932	1699.020	1906	857	125.789	1278.441	NaN
482	0482-0863	241411.900	803.842	2655	868	23.499	384.615	NaN
483	0483-0864	57527.942	340.710	742	860	131.186	224.359	NaN
484	0484-1026	30130259.698	10696.344	1534	1193	86.220	4815.063	NaN
485	0485-0892	1768984.221	2027.101	435	923	71.565	1523.364	NaN
486	0486-0907	3437294.543	3182.613	2265	913	170.727	2643.490	NaN
487	0487-0873	207511.506	660.754	1727	882	50.906	512.821	NaN
488	0488-0915	4315622.945	3205.128	963	867	106.260	2307.954	NaN
489	0489-0879	367767.916	853.431	1707	889	55.713	702.355	NaN
490	0490-0896	1097140.039	1866.695	1999	924	74.055	1091.094	NaN
491	0491-0899	2571293.557	2775.907	1620	923	36.076	1459.945	NaN
492	0492-0876	71909.928	385.949	986	872	131.634	256.410	NaN
493	0493-0876	50336.949	317.292	858	873	135.000	224.359	NaN
494	0494-0917	3334566.075	2829.967	1109	960	76.908	1982.493	NaN
495	0495-0943	14492932.281	5824.698	2044	961	15.642	4229.265	NaN
496	0496-0881	63691.650	362.619	2218	885	45.000	256.410	NaN
497	0497-0887	171556.542	602.189	646	879	115.201	384.615	NaN
498	0498-0882	50336.949	317.292	1502	879	135.000	224.359	NaN
499	0499-0883	57527.942	340.710	658	880	138.814	224.359	NaN
500	0500-0954	5833949.704	5157.369	524	1021	57.693	1892.998	NaN
501	0501-0885	50336.949	317.292	1477	882	135.000	224.359	NaN
502	0502-0975	10592332.347	5906.139	71	883	93.111	2636.324	NaN
503	0503-0890	129437.870	516.811	2057	883	119.745	320.513	NaN
504	0504-0910	1527572.321	1824.954	2396	924	30.619	1592.691	NaN
505	0505-0907	1059130.506	1620.730	710	889	155.462	1307.123	NaN
506	0506-0938	3591387.245	3390.171	1753	887	105.350	1474.040	NaN
507	0507-0900	353385.930	947.006	2295	887	113.962	504.919	NaN
508	0508-0895	79100.920	410.457	177	890	128.660	256.410	NaN
509	0509-1034	22281804.734	8938.114	1384	895	94.525	4119.869	NaN
510	0510-0903	50336.949	317.292	1416	900	135.000	224.359	NaN
511	0511-0930	1339579.224	2198.727	1988	946	36.703	1467.758	NaN
512	0512-0908	71909.928	385.949	2379	913	48.366	256.410	NaN
513	0513-0931	1702210.717	1808.840	1036	956	60.255	1378.205	NaN
514	0514-0965	3548241.289	3808.577	1711	1024	83.234	1615.907	NaN
515	0515-0949	4226249.178	2993.837	1906	910	127.606	2389.427	NaN
516	0516-0993	12152777.778	5501.348	244	1078	79.934	3585.860	NaN
517	0517-0921	287639.711	898.008	670	910	124.824	561.525	NaN
518	0518-0919	50336.949	317.292	2020	916	135.000	224.359	NaN
519	0519-0950	2158325.115	2150.065	389	983	79.695	1677.613	NaN
520	0520-0967	2241535.174	3391.535	598	1013	59.315	1132.711	NaN
521	0521-0936	551651.874	1005.920	847	949	59.349	828.957	NaN
522	0522-0929	120192.308	500.657	727	934	39.806	352.564	NaN
523	0523-0929	71909.928	391.236	2219	924	124.992	224.359	NaN
524	0524-0934	147928.994	596.188	442	927	126.254	352.564	NaN
525	0525-0959	2337072.650	2181.607	914	993	79.846	1763.054	NaN
526	0526-0934	144847.140	636.200	614	942	49.086	339.744	NaN
527	0527-0938	349276.792	1022.632	742	948	32.196	630.888	NaN
528	0528-0932	50336.949	317.292	1849	929	135.000	224.359	NaN
529	0529-1029	13392710.388	6305.881	1618	1124	72.854	2980.769	NaN
530	0530-0942	70882.643	385.949	2595	947	48.366	256.410	NaN
531	0531-0943	50336.949	317.292	2256	940	135.000	224.359	NaN
532	0532-1011	7157092.373	4768.322	2442	942	112.946	2417.273	NaN
533	0533-0951	178747.535	666.944	2605	960	54.782	416.667	NaN
534	0534-1007	7396449.704	4338.186	2366	943	108.970	2378.874	NaN
535	0535-0950	57527.942	340.710	348	947	138.814	224.359	NaN
536	0536-1021	12321252.465	4962.466	2243	947	118.551	3895.929	NaN
537	0537-0959	420159.435	976.381	130	955	156.801	608.974	NaN
538	0538-0991	2811678.172	2665.657	707	952	108.217	1442.308	NaN
539	0539-0957	57527.942	340.710	192	954	138.814	224.359	NaN
540	0540-0958	89373.767	435.945	361	954	143.973	256.410	NaN
541	0541-1035	13356755.424	6036.712	403	1116	55.382	3553.847	NaN
542	0542-0961	213675.214	788.357	668	958	153.435	431.502	NaN
543	0543-0964	203402.367	817.151	2584	955	131.820	415.679	NaN
544	0544-1014	3277038.133	3703.553	1874	961	113.459	1779.618	NaN
545	0545-1087	18136711.045	8332.594	708	1210	72.541	3817.617	NaN
546	0546-0993	2585675.542	2573.101	1792	1016	39.440	1754.103	NaN
547	0547-0971	138683.432	615.685	421	979	51.340	375.014	NaN
548	0548-1020	6327046.351	3827.143	994	1076	63.650	2906.352	NaN
549	0549-1053	14524778.107	5802.610	821	967	106.032	3532.595	NaN
550	0550-0986	512615.056	1282.051	1082	970	126.870	704.413	NaN
551	0551-1000	1704265.286	1905.906	650	1027	70.346	1344.726	NaN
552	0552-0983	424268.573	1058.178	136	995	35.134	714.202	NaN
553	0553-1056	11479906.312	5542.648	1988	972	103.715	2944.373	NaN
554	0554-0983	267094.017	907.680	1121	993	42.138	509.233	NaN
555	0555-0979	64718.935	362.619	2194	983	45.000	256.410	NaN
556	0556-0997	894764.957	1342.333	354	980	123.311	1057.692	NaN
557	0557-1016	3051035.503	2402.350	178	1053	76.891	1815.908	NaN
558	0558-1022	3730070.677	2806.272	953	1065	76.122	2193.067	NaN
559	0559-0985	50336.949	317.292	635	982	135.000	224.359	NaN
560	0560-1027	5194978.632	3124.959	2526	1073	68.962	2371.795	NaN
561	0561-1063	14295693.623	5351.700	1182	1141	71.131	4190.049	NaN
562	0562-0988	57527.942	340.710	2180	984	131.186	224.359	NaN
563	0563-0989	50336.949	317.292	1576	986	135.000	224.359	NaN
564	0564-0999	64718.935	362.619	2315	995	135.000	256.410	NaN
565	0565-1004	57527.942	340.710	1252	1000	131.186	224.359	NaN
566	0566-1009	83210.059	435.945	1116	1013	36.027	256.410	NaN
567	0567-1010	57527.942	340.710	1582	1006	131.186	224.359	NaN
568	0568-1038	1811102.893	2281.277	1751	1071	65.956	1255.824	NaN
569	0569-1020	365713.346	841.308	121	1011	130.365	641.026	NaN
570	0570-1059	3356139.053	3225.098	2169	1109	79.695	1826.923	NaN
571	0571-1069	8180267.916	4334.869	2062	1127	51.605	2908.025	NaN
572	0572-1017	87319.198	410.457	1933	1022	51.340	288.462	NaN
573	0573-1024	50336.949	317.292	1454	1021	135.000	224.359	NaN
574	0574-1100	13853961.210	5061.465	342	1022	96.180	4460.499	NaN
575	0575-1105	14339866.864	5892.033	1786	1186	62.459	3871.795	NaN
576	0576-1029	64718.935	365.441	1715	1025	127.875	224.359	NaN
577	0577-1104	11539488.823	5700.895	537	1182	59.975	3005.890	NaN
578	0578-1117	17607659.435	5688.629	996	1096	163.301	4618.496	NaN
579	0579-1071	2243589.744	2616.453	653	1106	59.036	1559.087	NaN
580	0580-1044	127383.300	560.668	1931	1052	59.036	320.513	NaN
581	0581-1042	71909.928	391.236	291	1039	145.008	224.359	NaN
582	0582-1065	1406352.728	1936.386	522	1092	61.314	1280.155	NaN
583	0583-1071	2045323.800	2184.431	1281	1103	67.574	1415.789	NaN
584	0584-1058	526997.041	1262.674	1695	1040	113.962	897.436	NaN
585	0585-1058	344140.368	1051.360	95	1071	52.431	480.769	NaN
586	0586-1078	2363782.051	2176.185	136	1112	80.676	1523.621	NaN
587	0587-1049	50336.949	317.292	1728	1046	135.000	224.359	NaN
588	0588-1084	1583045.694	2162.690	2438	1051	96.809	1303.438	NaN
589	0589-1081	1747411.243	2167.435	178	1107	38.395	1233.267	NaN
590	0590-1060	93482.906	473.232	2225	1057	151.699	224.359	NaN
591	0591-1078	467414.530	1309.404	923	1097	68.459	516.381	NaN
592	0592-1068	134574.293	545.814	2241	1062	130.236	384.615	NaN
593	0593-1146	12201060.158	5234.672	1697	1225	74.006	3832.608	NaN
594	0594-1101	1607700.526	1976.294	1340	1071	98.393	1250.000	NaN
595	0595-1108	1707347.140	2371.145	1939	1145	80.665	1145.513	NaN
596	0596-1110	3917036.489	3138.081	2326	1085	145.823	1984.632	NaN
597	0597-1083	222920.776	720.263	1681	1074	122.276	481.639	NaN
598	0598-1083	109919.461	500.657	1317	1088	39.806	320.513	NaN
599	0599-1103	1989850.427	2310.584	2498	1089	156.280	1375.447	NaN
600	0600-1106	1659064.760	2099.787	2215	1091	148.736	1187.412	NaN
601	0601-1111	1312869.822	1611.832	492	1088	107.354	1314.103	NaN
602	0602-1098	309212.689	846.785	2151	1087	119.476	542.634	NaN
603	0603-1098	50336.949	317.292	328	1095	135.000	224.359	NaN
604	0604-1147	3076717.620	4128.772	893	1196	47.517	1737.179	NaN
605	0605-1104	80128.205	407.946	336	1109	45.000	288.462	NaN
606	0606-1120	982084.155	1519.988	208	1138	47.564	952.738	NaN
607	0607-1125	661571.335	1396.347	1903	1144	58.134	826.717	NaN
608	0608-1116	133547.009	545.814	1254	1121	40.236	384.615	NaN
609	0609-1132	923528.928	2116.356	411	1151	35.134	744.280	NaN
610	0610-1154	3341757.068	2697.073	1218	1177	44.519	2189.566	NaN
611	0611-1122	64718.935	362.619	2189	1126	45.000	256.410	NaN
612	0612-1164	5788749.178	3880.721	2458	1135	149.199	2485.207	NaN
613	0613-1186	13709114.070	5607.601	2085	1200	12.209	3710.210	NaN
614	0614-1127	57527.942	340.710	1289	1123	131.186	224.359	NaN
615	0615-1197	16274243.918	6538.854	81	1245	24.932	4238.108	NaN
616	0616-1162	5062458.909	3760.942	2560	1142	162.646	2077.243	NaN
617	0617-1150	1098167.324	1470.522	1297	1172	69.590	1221.387	NaN
618	0618-1136	65746.220	362.619	919	1132	135.000	256.410	NaN
619	0619-1202	10048898.751	4655.387	2270	1270	69.444	3265.649	NaN
620	0620-1152	803336.621	1768.348	2076	1171	43.531	800.066	NaN
621	0621-1167	1896367.521	2179.958	603	1189	48.576	1379.909	NaN
622	0622-1230	15013765.615	5994.875	774	1318	65.353	3712.800	NaN
623	0623-1168	2088469.757	2207.819	1958	1153	170.811	1638.392	NaN
624	0624-1149	166420.118	693.375	2053	1144	146.310	385.149	NaN
625	0625-1195	4185157.791	3511.627	432	1246	68.587	2232.952	NaN
626	0626-1183	2610330.375	2885.506	1561	1214	49.054	1597.303	NaN
627	0627-1166	557815.582	1388.601	872	1187	71.147	737.179	NaN
628	0628-1173	1528599.606	1845.664	977	1200	69.677	1472.494	NaN
629	0629-1159	244493.754	863.007	2420	1148	121.329	426.805	NaN
630	0630-1160	191074.951	657.637	1929	1153	136.975	442.656	NaN
631	0631-1257	22036283.695	8272.274	493	1165	135.157	5584.008	NaN
632	0632-1204	5555555.556	3189.223	1347	1155	95.768	2880.661	NaN
633	0633-1162	109919.461	500.657	2410	1168	50.194	320.513	NaN
634	0634-1195	3516395.464	3360.497	1813	1222	32.932	1657.496	NaN
635	0635-1163	72937.212	385.949	1623	1159	138.366	256.410	NaN
636	0636-1229	6876643.655	5123.395	1112	1297	58.299	2114.801	NaN
637	0637-1165	122246.877	525.680	1912	1170	37.569	320.513	NaN
638	0638-1175	662598.619	1307.834	2386	1167	143.973	874.189	NaN
639	0639-1168	115055.884	544.872	2455	1176	61.928	256.410	NaN
640	0640-1170	100673.899	480.769	207	1176	53.130	288.462	NaN
641	0641-1170	57527.942	340.710	1652	1166	131.186	224.359	NaN
642	0642-1208	3402366.864	2650.972	288	1168	104.708	2147.436	NaN
643	0643-1248	12082922.419	5263.539	1428	1328	76.979	3709.936	NaN
644	0644-1172	50336.949	317.292	2463	1169	135.000	224.359	NaN
645	0645-1179	133547.009	533.440	2055	1172	122.735	320.513	NaN
646	0646-1180	187993.097	705.856	2421	1188	39.472	430.013	NaN
647	0647-1178	57527.942	340.710	1304	1175	138.814	224.359	NaN
648	0648-1197	1221441.486	1974.994	913	1218	41.711	1056.614	NaN
649	0649-1185	84237.344	453.274	1625	1180	135.000	317.292	NaN
650	0650-1207	1837812.295	1894.011	1902	1214	23.962	1542.483	NaN
651	0651-1219	4124547.995	3152.289	1973	1255	47.060	2063.722	NaN
652	0652-1206	855728.139	1468.075	1485	1190	143.881	983.912	NaN
653	0653-1276	16919378.698	6799.481	920	1336	30.917	3885.123	NaN
654	0654-1279	15591099.606	5568.536	1215	1193	95.284	3880.805	NaN
655	0655-1251	6472920.776	3940.092	344	1308	68.025	2478.519	NaN
656	0656-1274	13003369.494	5192.407	1541	1334	52.776	3626.975	NaN
657	0657-1227	697526.298	1468.075	858	1246	53.881	716.688	NaN
658	0658-1220	285585.141	911.069	1768	1231	50.711	494.707	NaN
659	0659-1253	4262204.142	2941.044	230	1296	69.590	2218.382	NaN
660	0660-1246	5554528.271	3729.535	2477	1221	151.232	2300.225	NaN
661	0661-1243	2241535.174	2335.349	2589	1214	136.668	1590.301	NaN
662	0662-1217	70882.643	385.949	1478	1222	48.366	256.410	NaN
663	0663-1287	14669625.247	5777.149	2071	1214	149.309	4088.928	NaN
664	0664-1220	106837.607	506.775	2638	1214	124.695	288.462	NaN
665	0665-1220	86291.913	445.271	1528	1217	149.744	224.359	NaN
666	0666-1251	1295405.983	2055.784	934	1279	59.036	1072.694	NaN
667	0667-1256	1255341.880	1859.251	1522	1281	54.118	1515.372	NaN
668	0668-1263	1960059.172	2069.232	893	1232	106.189	1271.771	NaN
669	0669-1258	1417652.860	2365.940	1773	1284	35.628	1281.431	NaN
670	0670-1249	979002.301	1536.123	1705	1259	23.356	917.455	NaN
671	0671-1244	449950.690	1369.231	1874	1238	163.686	576.923	NaN
672	0672-1246	94510.191	455.534	446	1251	39.289	288.462	NaN
673	0673-1288	3794789.612	3078.425	1936	1335	75.530	2067.339	NaN
674	0674-1256	461250.822	1067.361	503	1268	41.348	666.180	NaN
675	0675-1263	368795.201	880.098	1844	1274	56.889	705.128	NaN
676	0676-1257	78073.636	385.949	284	1262	41.634	288.462	NaN
677	0677-1270	384204.471	960.469	481	1266	154.290	769.231	NaN
678	0678-1273	637943.787	1352.625	1866	1264	166.293	634.539	NaN
679	0679-1323	11963757.396	5375.641	421	1295	159.404	3717.949	NaN
680	0680-1351	14717907.627	5443.908	1325	1267	98.464	3872.002	NaN
681	0681-1276	169501.972	685.927	2005	1269	142.595	400.024	NaN
682	0682-1273	50336.949	317.292	2241	1270	135.000	224.359	NaN
683	0683-1297	1740220.250	1905.906	278	1315	47.726	1392.442	NaN
684	0684-1282	289694.280	764.542	83	1292	56.976	544.872	NaN
685	0685-1305	2450073.964	2318.795	2015	1330	49.485	1762.821	NaN
686	0686-1290	966674.885	1753.472	2302	1308	30.784	1078.757	NaN
687	0687-1277	50336.949	317.292	2638	1274	135.000	224.359	NaN
688	0688-1279	50336.949	317.292	2415	1276	135.000	224.359	NaN
689	0689-1304	1324169.954	1920.939	1477	1331	64.290	1186.831	NaN
690	0690-1336	11301158.777	5300.007	75	1386	32.152	2923.435	NaN
691	0691-1283	50336.949	317.292	210	1280	135.000	224.359	NaN
692	0692-1302	916337.936	1536.123	2582	1281	113.356	817.025	NaN
693	0693-1311	2367891.190	2101.010	1691	1321	21.477	1721.379	NaN
694	0694-1288	260930.309	716.688	1815	1285	153.435	480.769	NaN
695	0695-1287	71909.928	385.949	829	1292	48.366	256.410	NaN
696	0696-1291	102728.468	476.477	2011	1297	47.726	320.513	NaN
697	0697-1299	248602.893	796.137	1989	1307	40.101	527.688	NaN
698	0698-1346	11197403.024	4996.814	1761	1388	34.811	3497.610	NaN
699	0699-1303	251684.747	853.431	2621	1314	55.713	408.304	NaN
700	0700-1351	5849358.974	3748.904	718	1293	97.368	2388.463	NaN
701	0701-1299	85264.629	435.945	855	1303	36.027	256.410	NaN
702	0702-1318	797172.913	1699.020	809	1339	54.211	832.927	NaN
703	0703-1300	50336.949	317.292	2402	1297	135.000	224.359	NaN
704	0704-1302	88346.483	435.945	2637	1298	143.973	256.410	NaN
705	0705-1304	64718.935	362.619	2337	1308	45.000	256.410	NaN
706	0706-1332	2128533.859	1875.753	861	1304	106.887	1694.469	NaN
707	0707-1329	1683719.592	2041.745	1119	1352	47.545	1486.734	NaN
708	0708-1335	1909722.222	2524.738	1037	1360	33.085	1444.403	NaN
709	0709-1380	7635807.035	5147.500	2177	1445	52.845	2506.818	NaN
710	0710-1354	3516395.464	2746.890	247	1396	78.559	2056.613	NaN
711	0711-1397	17861398.751	6358.929	273	1467	48.678	4289.313	NaN
712	0712-1328	179774.819	590.996	1522	1324	139.399	448.718	NaN
713	0713-1331	79100.920	407.946	218	1336	45.000	288.462	NaN
714	0714-1356	1247123.603	1946.967	40	1385	69.775	1092.294	NaN
715	0715-1333	50336.949	317.292	1507	1330	135.000	224.359	NaN
716	0716-1337	63691.650	362.619	1913	1341	45.000	256.410	NaN
717	0717-1346	350304.076	871.889	1661	1335	126.027	691.435	NaN
718	0718-1340	57527.942	340.710	1529	1337	138.814	224.359	NaN
719	0719-1420	15059993.425	5745.321	1399	1497	54.537	3910.916	NaN
720	0720-1363	870110.125	1760.196	1960	1388	56.889	851.793	NaN
721	0721-1350	124301.446	545.814	804	1357	49.764	352.564	NaN
722	0722-1347	50336.949	317.292	1649	1344	135.000	224.359	NaN
723	0723-1348	86291.913	431.206	2483	1344	138.013	288.462	NaN
724	0724-1352	167447.403	615.685	2197	1346	141.340	384.615	NaN
725	0725-1359	692389.875	1536.123	2017	1347	156.644	657.590	NaN
726	0726-1353	86291.913	431.206	2183	1358	41.987	288.462	NaN
727	0727-1378	1600509.533	2007.240	1895	1392	38.517	1521.205	NaN
728	0728-1380	1528599.606	1946.967	831	1352	110.225	1316.906	NaN
729	0729-1356	50336.949	317.292	1650	1353	135.000	224.359	NaN
730	0730-1359	57527.942	340.710	1613	1355	131.186	224.359	NaN
731	0731-1366	457141.683	1200.105	2477	1355	145.886	705.128	NaN
732	0732-1362	85264.629	431.206	901	1367	48.013	288.462	NaN
733	0733-1384	1650846.483	1978.891	1062	1404	24.905	1690.854	NaN
734	0734-1361	69855.358	385.949	2436	1365	41.634	256.410	NaN
735	0735-1367	280448.718	801.282	776	1361	143.130	530.349	NaN
736	0736-1361	50336.949	317.292	2469	1358	135.000	224.359	NaN
737	0737-1365	84237.344	431.206	1580	1370	48.013	288.462	NaN
738	0738-1364	64718.935	362.619	1674	1368	45.000	256.410	NaN
739	0739-1363	50336.949	317.292	2190	1360	135.000	224.359	NaN
740	0740-1373	445841.552	934.447	2169	1362	149.036	766.574	NaN
741	0741-1404	4541625.575	2962.100	1528	1364	144.246	2445.028	NaN
742	0742-1368	71909.928	365.441	1728	1364	142.125	256.410	NaN
743	0743-1376	293803.419	817.151	1603	1368	138.180	580.960	NaN
744	0744-1371	103755.753	476.477	2426	1377	47.726	320.513	NaN
745	0745-1371	72937.212	385.949	1991	1367	131.634	256.410	NaN
746	0746-1371	71909.928	365.441	2451	1367	127.875	256.410	NaN
747	0747-1396	1911776.792	2192.645	2078	1424	52.125	1676.626	NaN
748	0748-1418	5710675.542	3930.825	504	1448	35.375	2377.297	NaN
749	0749-1423	7267011.834	3888.258	1137	1476	60.900	2941.176	NaN
750	0750-1405	3516395.464	2581.074	960	1418	28.156	2026.789	NaN
751	0751-1374	64718.935	365.441	1715	1371	142.125	224.359	NaN
752	0752-1393	1277942.143	1818.186	629	1415	49.289	1184.832	NaN
753	0753-1395	1356015.779	1715.867	1245	1372	122.800	1282.051	NaN
754	0754-1381	170529.257	632.150	1627	1373	120.466	416.667	NaN
755	0755-1436	15128821.499	5678.145	87	1496	30.908	3804.733	NaN
756	0756-1379	122246.877	525.680	1975	1384	37.569	320.513	NaN
757	0757-1395	907092.373	1494.085	2135	1417	67.286	946.750	NaN
758	0758-1378	50336.949	317.292	1879	1375	135.000	224.359	NaN
759	0759-1385	292776.134	888.809	769	1389	25.641	507.086	NaN
760	0760-1382	71909.928	391.236	2668	1377	124.992	224.359	NaN
761	0761-1386	128410.585	577.813	1693	1379	123.690	314.062	NaN
762	0762-1383	71909.928	365.441	2463	1380	142.125	256.410	NaN
763	0763-1387	172583.826	725.238	2508	1395	45.000	434.179	NaN
764	0764-1383	50336.949	317.292	2294	1380	135.000	224.359	NaN
765	0765-1389	252712.032	673.840	2398	1399	64.654	544.872	NaN
766	0766-1386	153065.417	551.431	2527	1392	35.538	352.564	NaN
767	0767-1388	129437.870	525.680	2472	1395	52.431	352.564	NaN
768	0768-1385	50336.949	317.292	2676	1382	135.000	224.359	NaN
769	0769-1387	57527.942	340.710	1410	1383	131.186	224.359	NaN
770	0770-1387	50336.949	317.292	439	1384	135.000	224.359	NaN
771	0771-1433	5802103.879	3354.990	1709	1384	108.954	2687.806	NaN
772	0772-1453	13816978.961	5160.655	1922	1486	36.158	4171.686	NaN
773	0773-1390	79100.920	417.898	925	1387	147.529	224.359	NaN
774	0774-1390	50336.949	317.292	1657	1387	135.000	224.359	NaN
775	0775-1394	195184.089	703.670	2652	1402	30.069	480.769	NaN
776	0776-1391	50336.949	317.292	2444	1388	135.000	224.359	NaN
777	0777-1406	1044748.521	1543.794	459	1389	138.366	1033.886	NaN
778	0778-1471	13296145.628	5085.661	801	1393	100.531	3977.593	NaN
779	0779-1466	8223413.872	4804.272	642	1536	71.323	3051.146	NaN
780	0780-1459	8682610.125	4392.897	875	1522	60.255	3055.726	NaN
781	0781-1398	50336.949	317.292	2435	1395	135.000	224.359	NaN
782	0782-1424	1391970.743	1850.111	55	1396	104.036	995.653	NaN
783	0783-1402	125328.731	521.757	2492	1408	47.490	352.564	NaN
784	0784-1421	1691937.870	2079.632	1622	1403	155.410	1453.020	NaN
785	0785-1402	84237.344	435.945	2421	1398	143.973	256.410	NaN
786	0786-1401	50336.949	317.292	2474	1398	135.000	224.359	NaN
787	0787-1404	123274.162	525.680	1636	1409	37.569	352.564	NaN
788	0788-1408	129437.870	533.440	1884	1403	147.265	320.513	NaN
789	0789-1407	64718.935	362.619	2265	1411	45.000	256.410	NaN
790	0790-1432	1635437.212	2161.027	1029	1451	35.340	1357.474	NaN
791	0791-1412	116083.169	506.775	2512	1417	34.695	288.462	NaN
792	0792-1415	63691.650	362.619	2414	1411	135.000	256.410	NaN
793	0793-1417	72937.212	385.949	1907	1421	41.634	256.410	NaN
794	0794-1439	1145422.419	1616.923	2667	1464	76.239	1020.531	NaN
795	0795-1419	64718.935	365.441	2467	1416	142.125	224.359	NaN
796	0796-1500	13966962.525	5531.888	1752	1564	50.407	3568.971	NaN
797	0797-1428	201347.798	726.653	2437	1421	138.576	480.769	NaN
798	0798-1467	6715359.961	3785.445	405	1511	25.046	2840.574	NaN
799	0799-1451	1752547.666	2183.255	1075	1475	49.764	1614.832	NaN
800	0800-1427	50336.949	317.292	1291	1424	135.000	224.359	NaN
801	0801-1506	10377629.849	5128.706	2361	1586	83.541	3224.189	NaN
802	0802-1505	17458703.156	5858.988	1174	1559	36.995	4309.074	NaN
803	0803-1435	50336.949	317.292	2423	1432	135.000	224.359	NaN
804	0804-1458	1786448.060	1889.123	1570	1465	14.744	1505.549	NaN
805	0805-1437	57527.942	340.710	1916	1433	131.186	224.359	NaN
806	0806-1442	203402.367	615.685	2472	1450	51.340	480.769	NaN
807	0807-1465	1689883.300	2007.240	585	1436	109.592	1429.868	NaN
808	0808-1440	64718.935	362.619	2083	1436	135.000	256.410	NaN
809	0809-1454	1297460.552	1839.252	2081	1462	22.543	1149.724	NaN
810	0810-1445	100673.899	480.769	2447	1439	126.870	288.462	NaN
811	0811-1443	50336.949	317.292	2414	1440	135.000	224.359	NaN
812	0812-1447	64718.935	365.441	2187	1444	142.125	224.359	NaN
813	0813-1485	2614439.513	3122.328	1457	1516	35.811	1437.297	NaN
814	0814-1452	85264.629	410.457	2424	1457	38.660	288.462	NaN
815	0815-1457	104783.037	453.274	1049	1462	45.000	320.513	NaN
816	0816-1532	23955251.479	8121.380	905	1538	3.167	5012.640	NaN
817	0817-1463	176692.965	659.976	554	1454	119.055	384.615	NaN
818	0818-1472	566033.859	1262.674	2240	1490	66.038	726.648	NaN
819	0819-1461	86291.913	417.898	1651	1458	147.529	256.410	NaN
820	0820-1481	1809048.323	2222.428	210	1501	33.232	1288.051	NaN
821	0821-1485	2045323.800	2024.058	1635	1493	10.954	1624.244	NaN
822	0822-1466	199293.228	688.170	2448	1472	27.759	384.615	NaN
823	0823-1466	57527.942	340.710	1344	1462	131.186	224.359	NaN
824	0824-1493	3144518.409	2998.637	2117	1491	169.531	1698.718	NaN
825	0825-1475	205456.936	641.026	2614	1467	126.870	512.821	NaN
826	0826-1475	98619.329	455.534	2654	1470	129.289	288.462	NaN
827	0827-1505	1822403.024	2496.711	1335	1539	60.803	1307.628	NaN
828	0828-1501	3048980.934	2654.071	315	1530	42.553	1651.188	NaN
829	0829-1481	101701.183	445.271	2636	1475	120.256	288.462	NaN
830	0830-1486	179774.819	612.339	2223	1479	132.879	413.449	NaN
831	0831-1486	128410.585	544.872	2427	1479	118.072	288.462	NaN
832	0832-1520	4429651.545	3468.802	2010	1546	26.328	1871.853	NaN
833	0833-1485	50336.949	317.292	1321	1482	135.000	224.359	NaN
834	0834-1510	785872.781	1865.043	683	1538	70.942	1014.927	NaN
835	0835-1517	2658612.755	2564.303	516	1500	161.792	1516.019	NaN
836	0836-1491	93482.906	431.206	194	1496	41.987	320.513	NaN
837	0837-1512	1238905.325	1809.692	2290	1538	67.068	1025.641	NaN
838	0838-1498	537269.888	1236.781	1534	1507	31.218	689.825	NaN
839	0839-1520	1809048.323	2027.354	257	1547	50.774	1338.870	NaN
840	0840-1548	9221934.583	4603.127	1567	1522	160.051	3315.234	NaN
841	0841-1509	505424.063	1360.576	1704	1525	43.091	663.062	NaN
842	0842-1510	384204.471	1132.731	2645	1526	64.885	582.334	NaN
843	0843-1499	88346.483	435.945	1602	1495	143.973	256.410	NaN
844	0844-1501	64718.935	365.441	2636	1497	127.875	224.359	NaN
845	0845-1544	4214949.047	3257.584	2226	1591	66.209	2226.974	NaN
846	0846-1503	50336.949	317.292	1921	1500	135.000	224.359	NaN
847	0847-1549	10331402.038	5047.950	92	1511	155.225	2901.111	NaN
848	0848-1574	14186801.446	5173.081	421	1514	126.941	3875.489	NaN
849	0849-1510	50336.949	317.292	384	1507	135.000	224.359	NaN
850	0850-1514	160256.410	659.976	239	1509	150.945	320.513	NaN
851	0851-1532	525969.757	1409.163	710	1511	107.199	681.841	NaN
852	0852-1576	10913872.452	5315.587	1815	1616	22.700	3646.207	NaN
853	0853-1518	71909.928	391.236	1982	1515	145.008	224.359	NaN
854	0854-1539	847509.862	1564.943	1717	1560	55.008	851.876	NaN
855	0855-1532	437623.274	1360.576	1382	1547	43.091	673.687	NaN
856	0856-1538	916337.936	1616.923	2607	1519	140.631	1034.543	NaN
857	0857-1524	50336.949	317.292	1526	1521	135.000	224.359	NaN
858	0858-1553	3791707.758	3427.240	307	1577	24.887	1752.707	NaN
859	0859-1557	1860412.558	2369.411	1518	1523	113.097	1389.543	NaN
860	0860-1529	50336.949	317.292	1706	1526	135.000	224.359	NaN
861	0861-1577	4145093.688	3414.477	1420	1624	57.653	2522.632	NaN
862	0862-1587	14374794.543	5762.995	2048	1565	164.186	3573.549	NaN
863	0863-1550	265039.448	952.953	881	1564	70.346	384.615	NaN
864	0864-1605	10217373.439	4470.780	724	1673	77.159	3657.496	NaN
865	0865-1561	1476208.087	1613.106	587	1568	20.956	1361.860	NaN
866	0866-1543	113001.315	489.242	868	1539	148.392	288.462	NaN
867	0867-1547	114028.600	533.440	679	1540	122.735	288.462	NaN
868	0868-1549	76019.066	410.457	665	1554	51.340	256.410	NaN
869	0869-1548	98619.329	462.250	1556	1544	146.310	256.410	NaN
870	0870-1567	654380.342	1470.522	280	1589	69.590	641.026	NaN
871	0871-1550	50336.949	317.292	2670	1547	135.000	224.359	NaN
872	0872-1621	12633547.009	4814.632	2220	1645	19.038	4042.298	NaN
873	0873-1554	79100.920	410.457	814	1550	141.340	256.410	NaN
874	0874-1563	587606.838	1179.383	1336	1551	137.203	785.589	NaN
875	0875-1555	50336.949	317.292	567	1552	135.000	224.359	NaN
876	0876-1557	98619.329	431.206	1363	1552	131.987	320.513	NaN
877	0877-1570	733481.262	1314.493	245	1585	45.000	915.630	NaN
878	0878-1558	69855.358	385.949	2649	1562	41.634	256.410	NaN
879	0879-1559	102728.468	473.232	692	1555	151.699	256.410	NaN
880	0880-1566	173611.111	648.989	2579	1561	147.095	377.146	NaN
881	0881-1563	50336.949	317.292	2598	1560	135.000	224.359	NaN
882	0882-1563	57527.942	340.710	2661	1560	138.814	224.359	NaN
883	0883-1568	171556.542	570.657	643	1575	51.843	416.667	NaN
884	0884-1565	50336.949	317.292	1029	1562	135.000	224.359	NaN
885	0885-1574	179774.819	726.653	1304	1566	131.424	420.468	NaN
886	0886-1615	6309582.512	3719.330	815	1577	132.905	2960.599	NaN
887	0887-1582	627670.940	1161.831	2608	1573	155.556	869.533	NaN
888	0888-1578	87319.198	407.946	2585	1583	45.000	288.462	NaN
889	0889-1603	1616946.088	2158.886	1710	1630	49.214	1374.889	NaN
890	0890-1601	1266642.012	2122.415	1133	1627	51.746	1106.680	NaN
891	0891-1622	2975016.437	2879.625	550	1665	73.179	1649.301	NaN
892	0892-1583	72937.212	385.949	2642	1579	131.634	256.410	NaN
893	0893-1595	604043.393	1096.323	1279	1608	52.125	791.159	NaN
894	0894-1586	91428.337	453.274	1998	1581	135.000	320.513	NaN
895	0895-1616	1143367.850	2018.213	907	1587	110.450	1078.970	NaN
896	0896-1595	160256.410	641.026	1810	1603	53.130	370.861	NaN
897	0897-1638	6133916.831	3657.921	1323	1688	61.189	2628.205	NaN
898	0898-1620	2742850.099	2783.115	81	1598	165.324	1820.389	NaN
899	0899-1593	64718.935	362.619	1332	1597	45.000	256.410	NaN
900	0900-1605	690335.306	1502.313	1211	1591	146.310	838.556	NaN
901	0901-1595	64718.935	362.619	1088	1599	45.000	256.410	NaN
902	0902-1595	50336.949	317.292	1000	1592	135.000	224.359	NaN
903	0903-1595	50336.949	317.292	2366	1592	135.000	224.359	NaN
904	0904-1598	86291.913	410.457	349	1593	128.660	288.462	NaN
905	0905-1612	735535.832	1276.028	648	1631	64.722	796.388	NaN
906	0906-1599	100673.899	455.534	1196	1605	50.711	288.462	NaN
907	0907-1619	1110494.740	1664.199	1776	1594	105.642	1212.083	NaN
908	0908-1672	18903065.417	6462.368	313	1605	136.809	4693.350	NaN
909	0909-1623	2459319.527	3050.939	1610	1650	31.686	1329.087	NaN
910	0910-1599	50336.949	317.292	2606	1596	135.000	224.359	NaN
911	0911-1636	1621055.227	2604.845	237	1675	71.342	1027.498	NaN
912	0912-1604	122246.877	521.757	2618	1609	42.510	365.385	NaN
913	0913-1618	961538.462	1797.445	23	1631	31.139	947.481	NaN
914	0914-1637	2873315.253	3003.942	151	1672	50.194	1576.754	NaN
915	0915-1605	50336.949	317.292	803	1602	135.000	224.359	NaN
916	0916-1636	1037557.528	2270.217	2591	1602	103.055	860.127	NaN
917	0917-1606	57527.942	340.710	1254	1603	138.814	224.359	NaN
918	0918-1650	5710675.542	3549.743	1438	1677	39.872	2435.568	NaN
919	0919-1610	137656.147	567.045	2647	1604	132.709	384.615	NaN
920	0920-1651	2857905.983	3212.811	254	1695	61.390	1664.149	NaN
921	0921-1653	3535913.872	3004.626	615	1699	78.930	1925.216	NaN
922	0922-1620	397559.172	898.008	1190	1609	124.824	705.128	NaN
923	0923-1632	1624137.081	1737.286	1548	1621	150.124	1441.701	NaN
924	0924-1614	64718.935	362.619	1998	1618	45.000	256.410	NaN
925	0925-1616	50336.949	317.292	2575	1613	135.000	224.359	NaN
926	0926-1694	15582881.328	5698.462	1927	1732	13.333	4896.370	NaN
927	0927-1622	105810.322	476.477	1297	1628	47.726	320.513	NaN
928	0928-1626	88346.483	435.945	1208	1621	126.027	256.410	NaN
929	0929-1626	50336.949	317.292	1995	1623	135.000	224.359	NaN
930	0930-1631	133547.009	543.928	1148	1637	45.000	384.615	NaN
931	0931-1676	5879150.230	4084.118	1187	1719	31.195	2528.622	NaN
932	0932-1635	168474.688	659.976	2021	1641	29.055	408.304	NaN
933	0933-1646	435568.705	1118.126	2566	1660	62.700	608.974	NaN
934	0934-1636	70882.643	385.949	2082	1632	131.634	256.410	NaN
935	0935-1648	481796.515	1244.647	2631	1632	124.509	652.529	NaN
936	0936-1638	72937.212	385.949	2008	1634	131.634	256.410	NaN
937	0937-1644	104783.037	570.657	517	1651	51.843	322.013	NaN
938	0938-1659	1986768.573	2508.410	1830	1680	26.565	1384.091	NaN
939	0939-1665	1463880.671	1813.094	1122	1680	45.000	1304.060	NaN
940	0940-1668	2154215.976	2218.032	646	1695	52.633	1630.547	NaN
941	0941-1667	2293926.693	2564.303	1635	1674	18.208	1408.321	NaN
942	0942-1647	72937.212	385.949	1811	1652	48.366	256.410	NaN
943	0943-1664	614316.239	1447.994	2620	1644	117.699	842.891	NaN
944	0944-1652	50336.949	317.292	274	1649	135.000	224.359	NaN
945	0945-1669	519806.049	1121.795	1196	1655	126.870	743.960	NaN
946	0946-1719	12479454.306	5067.753	2096	1741	18.435	3912.720	NaN
947	0947-1705	3938609.467	3110.956	486	1752	62.379	1739.444	NaN
948	0948-1675	1022148.258	1777.907	1376	1692	33.977	942.279	NaN
949	0949-1726	11255958.251	5392.336	1675	1788	39.936	3041.753	NaN
950	0950-1664	80128.205	385.949	1780	1661	138.366	288.462	NaN
951	0951-1679	846482.577	1308.226	786	1669	149.036	1022.284	NaN
952	0952-1668	107864.892	521.757	1914	1674	47.490	352.564	NaN
953	0953-1667	65746.220	362.619	2087	1663	135.000	256.410	NaN
954	0954-1671	149983.563	657.637	760	1664	133.025	413.073	NaN
955	0955-1697	2865096.976	3698.140	1491	1718	26.787	1240.150	NaN
956	0956-1669	57527.942	340.710	1621	1666	138.814	224.359	NaN
957	0957-1745	9648257.725	5175.463	804	1819	62.324	2848.072	NaN
958	0958-1685	424268.573	956.182	1175	1694	39.560	715.342	NaN
959	0959-1687	485905.654	886.495	1900	1679	139.399	769.231	NaN
960	0960-1756	12825649.244	6375.305	76	1813	42.351	2772.433	NaN
961	0961-1686	211620.644	808.938	2555	1680	146.310	433.480	NaN
962	0962-1683	50336.949	317.292	2318	1680	135.000	224.359	NaN
963	0963-1706	1438198.554	2097.340	2636	1732	51.203	1168.173	NaN
964	0964-1712	2314472.387	2099.787	547	1725	12.339	1595.642	NaN
965	0965-1699	379068.047	1065.434	752	1684	111.161	512.821	NaN
966	0966-1709	1331360.947	1751.420	2586	1733	55.437	1224.657	NaN
967	0967-1706	349276.792	1307.834	728	1726	72.897	446.491	NaN
968	0968-1711	1011875.411	1595.175	916	1735	67.557	929.487	NaN
969	0969-1746	11399778.107	5169.803	1529	1757	14.725	3298.526	NaN
970	0970-1759	12225714.990	5225.244	1775	1816	48.979	3242.984	NaN
971	0971-1721	2214825.773	2402.350	1386	1730	13.109	1725.689	NaN
972	0972-1752	7627588.757	3751.096	246	1716	139.505	3167.324	NaN
973	0973-1713	961538.462	1842.600	657	1724	13.069	818.669	NaN
974	0974-1704	57527.942	340.710	1912	1701	138.814	224.359	NaN
975	0975-1708	50336.949	317.292	1455	1705	135.000	224.359	NaN
976	0976-1719	345167.653	1051.360	1109	1732	52.431	567.302	NaN
977	0977-1772	13008505.917	6332.866	1000	1832	31.759	3387.228	NaN
978	0978-1713	71909.928	385.949	780	1718	48.366	256.410	NaN
979	0979-1714	94510.191	455.534	903	1709	129.289	288.462	NaN
980	0980-1745	3052062.788	3400.760	1239	1753	23.908	1777.387	NaN
981	0981-1735	1051939.513	1852.608	1337	1758	52.734	989.415	NaN
982	0982-1726	294830.703	961.538	2552	1738	53.130	554.644	NaN
983	0983-1725	140738.001	543.928	739	1720	135.000	384.615	NaN
984	0984-1732	358522.354	1026.142	609	1743	38.660	574.468	NaN
985	0985-1730	393450.033	1181.993	1187	1724	167.471	544.872	NaN
986	0986-1810	10601577.909	5211.365	200	1890	77.930	3316.006	NaN
987	0987-1767	1778229.783	2397.856	748	1802	52.058	1606.394	NaN
988	0988-1792	6371219.592	4409.236	919	1850	55.963	2361.698	NaN
989	0989-1778	3139381.986	3093.571	672	1741	124.019	1568.505	NaN
990	0990-1741	104783.037	455.534	731	1747	50.711	320.513	NaN
991	0991-1811	14051199.869	5023.163	1404	1868	55.397	4471.908	NaN
992	0992-1758	921474.359	1393.033	519	1770	23.025	1042.529	NaN
993	0993-1814	12042858.317	4773.920	602	1883	71.200	3836.837	NaN
994	0994-1749	227029.915	720.263	2616	1743	147.724	480.769	NaN
995	0995-1791	3750616.371	2967.125	2593	1746	100.582	2041.064	NaN
996	0996-1759	327703.813	906.547	591	1769	45.000	668.528	NaN
997	0997-1753	79100.920	407.946	2560	1758	45.000	288.462	NaN
998	0998-1767	1063239.645	1358.309	1368	1762	160.710	1121.795	NaN
999	0999-1757	97592.045	435.945	1409	1753	143.973	288.462	NaN
1000	1000-1804	10462894.477	4636.814	342	1830	21.066	3076.923	NaN
1001	1001-1762	50336.949	317.292	2529	1759	135.000	224.359	NaN
1002	1002-1783	796145.628	1620.730	555	1806	65.462	853.385	NaN
1003	1003-1764	94510.191	435.945	2090	1761	143.973	288.462	NaN
1004	1004-1774	314349.112	924.500	900	1785	56.310	544.872	NaN
1005	1005-1766	50336.949	317.292	2560	1763	135.000	224.359	NaN
1006	1006-1866	17077580.539	7728.148	1893	1921	40.627	4131.592	NaN
1007	1007-1772	105810.322	435.945	1942	1769	143.973	320.513	NaN
1008	1008-1774	80128.205	407.946	1963	1779	45.000	288.462	NaN
1009	1009-1799	1099194.609	1817.904	888	1827	80.870	1090.519	NaN
1010	1010-1798	2063814.924	2156.029	1320	1774	131.987	1742.763	NaN
1011	1011-1810	2584648.258	2714.537	2640	1771	112.932	1558.887	NaN
1012	1012-1795	1311842.538	1956.966	2095	1772	148.392	1172.959	NaN
1013	1013-1780	70882.643	385.949	338	1785	48.366	256.410	NaN
1014	1014-1799	1640573.636	1920.939	489	1780	154.290	1250.000	NaN
1015	1015-1796	1106385.602	1767.767	1979	1810	22.380	1057.692	NaN
1016	1016-1803	514669.625	1292.028	1925	1785	113.385	717.749	NaN
1017	1017-1798	143819.855	560.668	1897	1804	30.964	352.564	NaN
1018	1018-1807	469469.099	1204.378	1256	1819	25.201	719.621	NaN
1019	1019-1823	2303172.255	2254.096	1699	1841	29.846	1526.581	NaN
1020	1020-1836	7730317.226	4844.835	1542	1860	22.153	2318.085	NaN
1021	1021-1802	64718.935	365.441	2040	1798	127.875	224.359	NaN
1022	1022-1804	127383.300	480.769	2522	1800	143.130	352.564	NaN
1023	1023-1807	110946.746	533.440	787	1800	122.735	282.860	NaN
1024	1024-1809	93482.906	435.945	1911	1813	36.027	288.462	NaN
1025	1025-1815	165392.834	666.944	2610	1824	54.782	384.615	NaN
1026	1026-1836	1405325.444	1703.549	757	1810	101.944	1395.288	NaN
1027	1027-1890	9603057.199	6308.487	2398	1959	42.117	2355.909	NaN
1028	1028-1834	1258423.734	1703.549	1869	1822	168.056	1266.881	NaN
1029	1029-1896	13662886.259	5899.613	465	1976	60.371	3404.085	NaN
1030	1030-1836	854700.855	1379.695	268	1849	30.735	1011.587	NaN
1031	1031-1823	50336.949	317.292	796	1820	135.000	224.359	NaN
1032	1032-1827	240384.615	731.584	1272	1820	151.189	448.718	NaN
1033	1033-1829	290721.565	791.608	1247	1827	158.629	512.821	NaN
1034	1034-1830	50336.949	317.292	1067	1827	135.000	224.359	NaN
1035	1035-1835	116083.169	567.045	1774	1829	132.709	361.130	NaN
1036	1036-1875	6250000.000	3564.471	796	1917	37.694	2517.391	NaN
1037	1037-1877	4132766.272	3139.390	1308	1839	130.030	2571.108	NaN
1038	1038-1846	252712.032	764.542	1855	1836	123.024	512.821	NaN
1039	1039-1919	11180966.469	7245.362	2424	1988	41.234	2479.759	NaN
1040	1040-1854	331812.952	974.802	1206	1843	133.668	556.081	NaN
1041	1041-1861	1122822.156	1854.825	1735	1872	18.122	1010.049	NaN
1042	1042-1930	13862179.487	5530.123	712	1845	97.660	3991.259	NaN
1043	1043-1852	50336.949	317.292	142	1849	135.000	224.359	NaN
1044	1044-1885	4535461.867	3179.545	261	1895	14.597	2339.744	NaN
1045	1045-1873	1591263.971	1894.011	945	1882	23.962	1415.268	NaN
1046	1046-1868	689308.021	1477.491	1815	1851	130.601	774.289	NaN
1047	1047-1864	446868.836	924.500	1263	1856	146.310	705.128	NaN
1048	1048-1879	1057075.937	1777.907	1035	1902	56.023	1263.030	NaN
1049	1049-1862	57527.942	340.710	1193	1858	131.186	224.359	NaN
1050	1050-1866	71909.928	365.441	159	1862	127.875	256.410	NaN
1051	1051-1909	5651093.031	4235.138	1615	1956	39.472	2027.853	NaN
1052	1052-1884	690335.306	1435.168	569	1905	60.573	807.973	NaN
1053	1053-1883	2170652.531	2234.643	375	1882	8.246	1243.806	NaN
1054	1054-1923	5680884.287	4293.556	853	1981	59.990	1964.691	NaN
1055	1055-1868	57527.942	340.710	1015	1865	138.814	224.359	NaN
1056	1056-1874	103755.753	476.477	1044	1869	132.274	320.513	NaN
1057	1057-1895	935856.345	1858.974	1553	1876	133.603	1084.737	NaN
1058	1058-1898	917365.220	1962.209	1282	1922	51.633	1033.978	NaN
1059	1059-1879	130465.155	525.680	1793	1884	37.569	352.564	NaN
1060	1060-1901	1676528.600	2027.354	1223	1876	129.226	1591.168	NaN
1061	1061-1882	181829.389	659.976	163	1877	150.945	352.564	NaN
1062	1062-1908	2184007.232	2478.748	1831	1937	49.720	1359.024	NaN
1063	1063-1883	50336.949	317.292	1016	1880	135.000	224.359	NaN
1064	1064-1914	2602112.097	2347.633	63	1946	57.829	1556.574	NaN
1065	1065-1895	255793.886	924.500	185	1883	123.690	454.483	NaN
1066	1066-1911	2637039.776	2448.726	1389	1923	14.400	1709.139	NaN
1067	1067-1971	15429815.911	5816.226	1657	2026	49.022	4096.464	NaN
1068	1068-1890	57527.942	340.710	1780	1886	131.186	224.359	NaN
1069	1069-1933	3749589.086	2715.483	576	1949	30.500	2196.402	NaN
1070	1070-1962	16009204.471	5833.157	1411	1968	5.993	4261.582	NaN
1071	1071-1909	566033.859	1200.105	1797	1919	34.114	787.777	NaN
1072	1072-1905	145874.425	604.742	209	1900	147.995	352.564	NaN
1073	1073-2000	13972098.948	6441.032	99	2097	61.139	3625.758	NaN
1074	1074-1933	2840442.143	2321.230	967	1956	35.446	1891.026	NaN
1075	1075-1970	11287804.076	4695.814	1016	1982	10.620	3556.259	NaN
1076	1076-1927	869082.840	1565.599	1163	1918	157.109	1024.398	NaN
1077	1077-1922	283530.572	817.151	291	1914	154.440	526.474	NaN
1078	1078-2001	14303911.900	5957.832	367	1914	111.458	3905.831	NaN
1079	1079-1937	1077621.631	1756.983	927	1959	51.667	1047.204	NaN
1080	1080-1952	953320.184	1864.768	810	1977	61.232	1080.092	NaN
1081	1081-1932	50336.949	317.292	922	1929	135.000	224.359	NaN
1082	1082-1967	3985864.563	3054.304	1839	1997	28.179	1808.431	NaN
1083	1083-1936	123274.162	489.242	2386	1933	148.392	352.564	NaN
1084	1084-1953	958456.607	1563.958	1776	1970	44.170	1002.242	NaN
1085	1085-1941	70882.643	385.949	237	1937	138.366	256.410	NaN
1086	1086-1949	291748.849	853.431	1384	1937	124.287	576.923	NaN
1087	1087-1941	64718.935	365.441	1360	1938	142.125	224.359	NaN
1088	1088-1973	3641724.195	3312.621	1252	2000	28.301	1831.473	NaN
1089	1089-1947	50336.949	317.292	1828	1944	135.000	224.359	NaN
1090	1090-1954	316403.682	1005.920	1211	1946	149.349	512.821	NaN
1091	1091-1952	57527.942	340.710	1928	1948	131.186	224.359	NaN
1092	1092-1978	2063814.924	2494.652	2510	2002	42.917	1402.147	NaN
1093	1093-1958	88346.483	435.945	804	1953	126.027	256.410	NaN
1094	1094-1956	50336.949	317.292	1368	1953	135.000	224.359	NaN
1095	1095-1986	2424391.847	2252.957	54	1961	129.806	1527.700	NaN
1096	1096-1972	1103303.748	1946.439	1179	1984	17.241	1082.241	NaN
1097	1097-2007	4501561.473	2786.066	552	2048	66.975	2283.737	NaN
1098	1098-1977	322567.390	968.988	648	1968	145.784	530.400	NaN
1099	1099-1996	1943622.617	2561.898	1761	2023	43.479	1196.857	NaN
1100	1100-2063	20405982.906	8756.103	868	2000	146.194	4174.361	NaN
1101	1101-1987	954347.469	1633.358	770	2000	15.945	929.487	NaN
1102	1102-2052	15159640.039	6362.079	1283	2131	51.340	3737.717	NaN
1103	1103-1993	1261505.588	1785.691	1896	2000	21.038	1115.385	NaN
1104	1104-2021	3941691.321	3705.910	2333	2067	49.560	1863.000	NaN
1105	1105-1982	109919.461	521.757	2358	1988	42.510	340.798	NaN
1106	1106-1996	850591.716	1352.625	629	1980	126.327	887.331	NaN
1107	1107-1992	574252.137	1067.361	510	2004	48.652	795.094	NaN
1108	1108-1994	496178.501	1089.744	2580	2009	61.928	769.231	NaN
1109	1109-2057	14591551.611	6640.883	226	1990	145.620	4181.375	NaN
1110	1110-2020	2729495.398	2720.397	454	2059	55.561	1836.143	NaN
1111	1111-2034	6480111.769	4469.861	1506	2065	18.825	2051.013	NaN
1112	1112-1996	64718.935	362.619	34	2000	45.000	256.410	NaN
1113	1113-2024	1778229.783	1921.206	1169	2053	62.152	1673.054	NaN
1114	1114-2000	50336.949	317.292	47	1997	135.000	224.359	NaN
1115	1115-2006	64718.935	365.441	2571	2002	127.875	224.359	NaN
1116	1116-2037	4570389.546	3653.987	748	2025	166.817	2052.339	NaN
1117	1117-2007	50336.949	317.292	657	2004	135.000	224.359	NaN
1118	1118-2011	64718.935	362.619	693	2015	45.000	256.410	NaN
1119	1119-2060	6178090.072	3468.209	7	2016	133.877	2672.713	NaN
1120	1120-2033	913256.082	1256.966	209	2015	109.359	1048.952	NaN
1121	1121-2044	2649367.193	2518.219	2504	2072	42.421	1679.266	NaN
1122	1122-2048	1867603.550	2494.652	1206	2080	47.083	1706.456	NaN
1123	1123-2028	234220.907	725.238	1224	2021	135.000	493.089	NaN
1124	1124-2036	799227.482	1290.039	1105	2025	153.435	897.436	NaN
1125	1125-2064	4525189.020	2991.949	638	2100	44.132	2333.534	NaN
1126	1126-2035	102728.468	480.769	2565	2029	126.870	288.462	NaN
1127	1127-2096	8715483.235	4430.503	709	2039	121.390	3551.061	NaN
1128	1128-2036	80128.205	410.457	1211	2040	38.660	256.410	NaN
1129	1129-2071	3580087.114	2983.525	1413	2094	39.333	1891.026	NaN
1130	1130-2073	3694115.713	3520.392	447	2111	33.111	1766.113	NaN
1131	1131-2058	1539899.737	2068.488	1058	2060	167.471	1217.949	NaN
1132	1132-2046	121219.592	521.757	1221	2052	42.510	352.564	NaN
1133	1133-2095	11444978.632	6181.246	1516	2112	12.883	3202.699	NaN
1134	1134-2048	109919.461	476.477	185	2054	47.726	352.564	NaN
1135	1135-2077	3531804.734	2614.292	548	2098	40.525	2118.927	NaN
1136	1136-2049	110946.746	455.534	2558	2054	39.289	352.564	NaN
1137	1137-2058	427350.427	1006.431	1127	2070	52.765	673.077	NaN
1138	1138-2088	2170652.531	2352.878	183	2115	52.193	2021.957	NaN
1139	1139-2113	7575197.239	3904.604	848	2068	127.999	3038.406	NaN
1140	1140-2093	2027859.961	2162.452	2511	2091	168.024	1381.744	NaN
1141	1141-2074	71909.928	385.949	1505	2070	131.634	256.410	NaN
1142	1142-2088	868055.556	1464.572	2603	2102	23.199	993.590	NaN
1143	1143-2120	2744904.668	3149.681	118	2164	58.736	1577.223	NaN
1144	1144-2088	261957.594	703.670	2586	2098	59.931	544.872	NaN
1145	1145-2084	64718.935	362.619	210	2080	135.000	256.410	NaN
1146	1146-2102	1154667.982	1746.427	797	2124	47.231	1081.153	NaN
1147	1147-2085	65746.220	362.619	2318	2081	135.000	256.410	NaN
1148	1148-2100	253739.316	888.809	2651	2088	115.641	448.718	NaN
1149	1149-2120	2007314.267	2281.052	1450	2137	17.162	1740.039	NaN
1150	1150-2121	1329306.377	1560.999	2490	2098	109.179	1283.163	NaN
1151	1151-2151	4691609.139	3055.649	71	2196	74.798	2200.021	NaN
1152	1152-2115	369822.485	863.007	234	2112	164.932	608.974	NaN
1153	1153-2110	91428.337	455.534	1314	2106	140.711	288.462	NaN
1154	1154-2140	2922624.918	2294.523	459	2140	24.775	2041.102	NaN
1155	1155-2149	6333210.059	4704.119	1281	2182	28.486	1936.186	NaN
1156	1156-2116	71909.928	385.949	2602	2112	131.634	256.410	NaN
1157	1157-2116	100673.899	462.250	2612	2121	33.690	288.462	NaN
1158	1158-2141	2347345.496	2365.072	532	2159	26.565	1639.323	NaN
1159	1159-2157	8934294.872	5839.758	529	2198	10.755	2659.482	NaN
1160	1160-2155	3992028.271	3029.821	274	2149	173.928	2101.777	NaN
1161	1161-2139	927638.067	1440.526	375	2153	32.276	1085.803	NaN
1162	1162-2128	110946.746	521.757	2630	2134	42.510	344.010	NaN
1163	1163-2131	105810.322	462.250	1424	2125	123.690	288.462	NaN
1164	1164-2158	4427596.976	4329.890	2516	2148	165.861	2042.275	NaN
1165	1165-2162	2353509.204	2496.711	153	2198	60.803	1287.813	NaN
1166	1166-2165	3577005.260	2731.890	196	2198	31.079	2145.253	NaN
1167	1167-2151	710880.999	1338.885	948	2170	47.911	823.112	NaN
1168	1168-2157	1532708.744	1592.275	805	2141	139.899	1354.465	NaN
1169	1169-2169	3246219.592	2996.066	421	2145	145.460	1891.026	NaN
1170	1170-2146	182856.673	641.026	1149	2140	143.130	384.615	NaN
1171	1171-2170	2366863.905	2402.350	982	2190	13.109	1762.821	NaN
1172	1172-2151	249630.178	831.482	1244	2144	152.447	448.718	NaN
1173	1173-2171	2972961.867	2648.064	1511	2196	38.118	1723.808	NaN
1174	1174-2154	98619.329	453.274	2658	2149	135.000	320.513	NaN
1175	1175-2174	2674022.025	2887.107	1573	2198	22.865	1537.947	NaN
1176	1176-2163	71909.928	385.949	2572	2168	48.366	256.410	NaN
1177	1177-2179	2432610.125	2853.284	1417	2197	14.973	1185.897	NaN
1178	1178-2166	94510.191	462.250	1248	2162	146.310	256.410	NaN
1179	1179-2180	1684746.877	2402.778	2453	2198	9.211	1107.459	NaN
1180	1180-2171	125328.731	476.477	2554	2177	47.726	352.564	NaN
1181	1181-2174	248602.893	782.472	116	2167	145.008	458.641	NaN
1182	1182-2182	1990877.712	2835.225	722	2197	5.839	993.590	NaN
1183	1183-2184	1007766.272	1573.454	357	2198	33.366	929.487	NaN
1184	1184-2187	645134.780	1290.039	270	2180	153.435	737.179	NaN
1185	1185-2188	908119.658	1696.297	1064	2179	157.797	705.128	NaN
1186	1186-2188	1456689.678	3228.123	838	2198	6.843	641.026	NaN
1187	1187-2184	166420.118	676.123	2660	2179	148.570	352.564	NaN
1188	1188-2189	305103.550	820.913	1382	2197	38.660	512.821	NaN
1189	1189-2186	64718.935	362.619	2647	2182	135.000	256.410	NaN
1190	1190-2190	236275.477	693.375	1361	2185	146.310	480.769	NaN
1191	1191-2192	103755.753	476.477	2541	2187	132.274	320.513	NaN
1192	1192-2193	117110.454	500.657	116	2198	39.806	320.513	NaN
1193	1193-2194	153065.417	660.754	1236	2191	157.166	288.462	NaN
1194	1194-2194	50336.949	317.292	1262	2191	135.000	224.359	NaN
1195	1195-2195	64718.935	365.441	2625	2192	142.125	224.359	NaN
