 	Label	Area	Feret	FeretX	FeretY	FeretAngle	MinFeret	Perinuclei
1	0001-0016	130465.155	521.757	439	22	42.510	352.564	NaN
2	0002-0020	50336.949	317.292	219	17	135.000	224.359	NaN
3	0003-0043	1665228.468	1734.919	176	68	64.855	1500.678	NaN
4	0004-0022	50336.949	317.292	998	19	135.000	224.359	NaN
5	0005-0038	660544.050	1359.821	440	23	135.000	814.671	NaN
6	0006-0026	50336.949	317.292	1363	23	135.000	224.359	NaN
7	0007-0036	201347.798	774.554	1348	47	65.556	352.564	NaN
8	0008-0053	856755.424	1571.820	485	77	73.413	929.487	NaN
9	0009-0050	764299.803	1905.906	1386	30	137.726	772.207	NaN
10	0010-0042	101701.183	462.250	258	48	56.310	288.462	NaN
11	0011-0043	79100.920	410.457	248	48	51.340	256.410	NaN
12	0012-0132	18457223.866	6154.931	1309	38	100.198	5059.282	NaN
13	0013-0059	266066.732	732.286	1374	49	113.199	512.821	NaN
14	0014-0054	50336.949	317.292	1268	51	135.000	224.359	NaN
15	0015-0056	64718.935	365.441	806	52	127.875	224.359	NaN
16	0016-0069	512615.056	1161.831	435	53	114.444	776.907	NaN
17	0017-0068	373931.624	995.655	253	56	123.179	592.209	NaN
18	0018-0061	149983.563	525.680	1342	68	52.431	352.564	NaN
19	0019-0066	113001.315	506.775	1241	73	55.305	288.462	NaN
20	0020-0065	102728.468	489.242	1672	61	148.392	256.410	NaN
21	0021-0096	3484549.638	2782.561	183	83	155.501	1955.567	NaN
22	0022-0072	71909.928	385.949	1644	77	48.366	256.410	NaN
23	0023-0073	71909.928	391.236	1688	68	124.992	224.359	NaN
24	0024-0076	64718.935	362.619	783	72	135.000	256.410	NaN
25	0025-0078	78073.636	410.457	1383	73	128.660	256.410	NaN
26	0026-0123	8479207.758	5243.594	390	91	163.670	2792.454	NaN
27	0027-0099	1977523.011	2052.283	1454	80	141.340	1492.104	NaN
28	0028-0109	2346318.212	2516.587	1636	138	43.452	1427.812	NaN
29	0029-0090	80128.205	410.457	1389	85	128.660	256.410	NaN
30	0030-0091	88346.483	417.898	1426	86	122.471	256.410	NaN
31	0031-0117	2961661.736	3284.435	269	96	151.434	1594.057	NaN
32	0032-0095	50336.949	317.292	1408	92	135.000	224.359	NaN
33	0033-0122	621507.232	1679.255	1397	98	113.629	619.797	NaN
34	0034-0131	5291543.393	3988.035	1775	123	166.522	1873.480	NaN
35	0035-0149	8210059.172	5504.709	1452	141	174.655	2559.209	NaN
36	0036-0119	143819.855	596.188	600	112	126.254	401.346	NaN
37	0037-0118	57527.942	340.710	1375	115	138.814	224.359	NaN
38	0038-0124	101701.183	455.534	783	130	50.711	320.513	NaN
39	0039-0129	64718.935	362.619	366	133	45.000	256.410	NaN
40	0040-0154	2888724.523	2403.846	196	127	143.130	1758.970	NaN
41	0041-0163	2711004.274	2560.294	1354	138	145.713	1760.192	NaN
42	0042-0145	455087.114	974.802	388	158	46.332	754.082	NaN
43	0043-0141	168474.688	631.337	23	136	156.038	384.615	NaN
44	0044-0138	50336.949	317.292	1205	135	135.000	224.359	NaN
45	0045-0146	637943.787	1276.430	1662	156	28.496	737.179	NaN
46	0046-0171	3738288.955	3071.075	1124	157	161.754	1905.730	NaN
47	0047-0143	70882.643	385.949	1642	139	138.366	256.410	NaN
48	0048-0145	204429.652	616.519	1712	141	152.103	416.667	NaN
49	0049-0143	72937.212	385.949	1755	148	48.366	256.410	NaN
50	0050-0146	84237.344	431.206	369	151	48.013	288.462	NaN
51	0051-0151	123274.162	480.769	356	156	36.870	352.564	NaN
52	0052-0189	7018408.941	4578.063	1010	152	146.421	2372.544	NaN
53	0053-0151	70882.643	385.949	36	147	138.366	256.410	NaN
54	0054-0169	1800830.046	2573.101	280	152	166.310	1236.087	NaN
55	0055-0156	164365.549	632.150	47	152	149.534	352.564	NaN
56	0056-0155	89373.767	431.206	408	151	138.013	288.462	NaN
57	0057-0157	50336.949	317.292	2470	154	135.000	224.359	NaN
58	0058-0200	11451142.341	5952.657	1789	174	168.509	2762.770	NaN
59	0059-0160	50336.949	317.292	1430	157	135.000	224.359	NaN
60	0060-0166	197238.659	750.986	1624	157	129.806	417.803	NaN
61	0061-0161	50336.949	317.292	1646	158	135.000	224.359	NaN
62	0062-0187	3706443.130	2878.912	1685	194	11.560	1858.974	NaN
63	0063-0167	50336.949	317.292	1112	164	135.000	224.359	NaN
64	0064-0173	65746.220	362.619	90	169	135.000	256.410	NaN
65	0065-0183	468441.815	1020.117	51	171	133.727	742.618	NaN
66	0066-0242	13445101.907	4894.620	392	313	66.457	4052.596	NaN
67	0067-0174	50336.949	317.292	1616	171	135.000	224.359	NaN
68	0068-0177	210593.360	817.151	1655	172	154.440	341.891	NaN
69	0069-0212	3973537.147	2991.949	256	180	134.132	2139.121	NaN
70	0070-0184	267094.017	685.927	2598	192	52.595	512.821	NaN
71	0071-0179	57527.942	340.710	1948	176	138.814	224.359	NaN
72	0072-0188	258875.740	846.178	114	180	142.696	512.821	NaN
73	0073-0219	2804487.179	2880.517	180	185	132.745	1339.779	NaN
74	0074-0218	3534886.588	2892.440	1373	238	12.804	1742.602	NaN
75	0075-0194	104783.037	480.769	1651	199	36.870	288.462	NaN
76	0076-0220	1460798.817	1986.662	349	250	72.150	1120.368	NaN
77	0077-0199	70882.643	385.949	1217	204	48.366	256.410	NaN
78	0078-0202	128410.585	551.431	1599	207	35.538	320.513	NaN
79	0079-0215	794091.059	1447.994	1233	202	152.301	929.487	NaN
80	0080-0235	2940088.757	2276.318	1528	239	9.728	2118.313	NaN
81	0081-0240	3137327.416	2788.462	1646	214	136.397	1718.278	NaN
82	0082-0291	12752712.032	6107.262	74	206	115.489	3394.842	NaN
83	0083-0229	1070430.638	2177.601	141	205	132.614	967.408	NaN
84	0084-0216	314349.112	884.174	495	206	133.531	577.091	NaN
85	0085-0228	2534311.308	2761.065	1144	243	9.353	1230.499	NaN
86	0086-0217	162310.980	771.897	1513	210	138.366	440.657	NaN
87	0087-0213	57527.942	340.710	2386	209	131.186	224.359	NaN
88	0088-0218	258875.740	875.417	1465	213	156.251	438.033	NaN
89	0089-0224	568088.429	1192.807	515	216	149.300	737.179	NaN
90	0090-0216	50336.949	317.292	1624	213	135.000	224.359	NaN
91	0091-0242	3392094.017	2961.407	977	254	9.972	1655.580	NaN
92	0092-0302	14263847.798	6139.473	1693	384	49.658	4726.151	NaN
93	0093-0225	63691.650	362.619	368	221	135.000	256.410	NaN
94	0094-0286	11890820.184	8199.680	1826	335	18.222	2926.654	NaN
95	0095-0230	50336.949	317.292	1623	227	135.000	224.359	NaN
96	0096-0240	133547.009	533.440	1724	247	57.265	352.564	NaN
97	0097-0288	4694690.993	3721.401	1472	343	69.848	2064.063	NaN
98	0098-0243	88346.483	431.206	1334	248	48.013	288.462	NaN
99	0099-0262	2352481.920	2393.353	1071	261	172.304	1383.304	NaN
100	0100-0258	896819.527	1591.307	1430	250	152.403	934.271	NaN
101	0101-0328	12083949.704	5527.801	473	412	76.931	3588.014	NaN
102	0102-0250	186965.812	702.939	1260	256	24.228	352.564	NaN
103	0103-0252	50336.949	317.292	1468	249	135.000	224.359	NaN
104	0104-0272	1344715.648	1992.858	565	251	152.199	1348.855	NaN
105	0105-0275	815664.037	1662.037	1630	259	140.477	861.220	NaN
106	0106-0265	258875.740	709.485	1195	260	161.565	544.872	NaN
107	0107-0285	3383875.740	2939.297	265	258	152.038	1679.672	NaN
108	0108-0261	57527.942	340.710	1422	258	138.814	224.359	NaN
109	0109-0263	57527.942	340.710	188	259	131.186	224.359	NaN
110	0110-0269	206484.221	775.217	1303	262	150.255	472.720	NaN
111	0111-0266	64718.935	365.441	1272	262	127.875	224.359	NaN
112	0112-0271	402695.595	1046.463	1362	280	27.350	608.974	NaN
113	0113-0309	9154133.794	4621.279	933	276	170.015	2725.429	NaN
114	0114-0276	237302.761	759.825	1233	287	62.354	544.872	NaN
115	0115-0286	1088921.762	1538.795	217	267	125.676	1119.395	NaN
116	0116-0273	71909.928	391.236	1010	268	124.992	224.359	NaN
117	0117-0282	614316.239	1461.763	1156	296	37.875	698.067	NaN
118	0118-0305	3024326.101	2744.645	1576	283	137.366	1775.233	NaN
119	0119-0287	512615.056	1185.897	1349	270	108.925	685.818	NaN
120	0120-0360	43697608.481	15432.751	1947	322	175.474	5297.809	NaN
121	0121-0290	1322115.385	1723.036	1779	291	161.565	1215.237	NaN
122	0122-0275	50336.949	317.292	2148	272	135.000	224.359	NaN
123	0123-0283	539324.458	1321.508	1411	277	157.166	630.114	NaN
124	0124-0291	355440.500	918.369	1212	304	60.751	642.792	NaN
125	0125-0286	57527.942	340.710	635	282	131.186	224.359	NaN
126	0126-0286	57527.942	340.710	2027	282	131.186	224.359	NaN
127	0127-0301	1030366.535	1992.600	1227	313	25.741	779.837	NaN
128	0128-0291	57527.942	340.710	619	288	138.814	224.359	NaN
129	0129-0297	157174.556	666.944	1305	306	54.782	384.615	NaN
130	0130-0299	149983.563	551.431	1553	293	144.462	384.615	NaN
131	0131-0319	2363782.051	2624.489	1081	323	8.427	1602.564	NaN
132	0132-0299	71909.928	391.236	1367	294	124.992	224.359	NaN
133	0133-0328	3150682.117	2854.184	574	305	145.061	1749.055	NaN
134	0134-0358	3245192.308	4391.377	359	301	123.690	1433.331	NaN
135	0135-0320	772518.080	1586.458	1167	317	171.870	746.457	NaN
136	0136-0364	9083251.151	4221.532	1343	403	41.923	3144.080	NaN
137	0137-0318	110946.746	570.657	1559	325	51.843	329.677	NaN
138	0138-0316	57527.942	340.710	1121	312	131.186	224.359	NaN
139	0139-0391	12539036.818	5562.721	195	319	120.851	3538.954	NaN
140	0140-0320	169501.972	645.020	1313	316	153.435	352.564	NaN
141	0141-0323	137656.147	567.045	1536	329	42.709	416.667	NaN
142	0142-0320	50336.949	317.292	1551	317	135.000	224.359	NaN
143	0143-0333	628698.225	1155.625	292	335	19.440	897.436	NaN
144	0144-0344	1945677.186	3024.731	1203	362	25.750	1024.558	NaN
145	0145-0324	57527.942	340.710	2467	321	138.814	224.359	NaN
146	0146-0329	72937.212	385.949	663	325	131.634	256.410	NaN
147	0147-0343	648216.634	1362.839	1504	360	48.814	884.615	NaN
148	0148-0333	50336.949	317.292	654	330	135.000	224.359	NaN
149	0149-0360	1599482.249	1665.742	334	337	120.018	1466.755	NaN
150	0150-0357	1299515.122	1813.661	1289	378	46.432	1161.786	NaN
151	0151-0375	4366987.179	3558.270	1836	380	17.292	2380.641	NaN
152	0152-0342	85264.629	431.206	1048	347	41.987	288.462	NaN
153	0153-0398	8845948.389	4083.741	508	440	36.060	3113.096	NaN
154	0154-0379	5091222.880	3193.086	1540	364	162.474	2201.482	NaN
155	0155-0362	1514217.620	1937.181	1056	365	16.336	1346.154	NaN
156	0156-0349	139710.717	636.200	648	343	139.086	382.245	NaN
157	0157-0390	11588798.488	5816.138	1924	410	172.718	3044.872	NaN
158	0158-0368	1130013.149	2072.457	66	350	140.648	830.925	NaN
159	0159-0352	120192.308	498.601	1492	358	45.000	352.564	NaN
160	0160-0352	57527.942	340.710	670	349	138.814	224.359	NaN
161	0161-0365	960511.177	1360.576	1154	380	43.091	1057.692	NaN
162	0162-0358	64718.935	365.441	1251	354	127.875	224.359	NaN
163	0163-0366	295857.988	931.695	1651	376	40.815	501.338	NaN
164	0164-0367	94510.191	455.534	618	362	129.289	288.462	NaN
165	0165-0383	813609.467	1494.085	1120	405	67.286	1039.930	NaN
166	0166-0378	887573.964	1679.255	1474	364	156.371	929.487	NaN
167	0167-0480	28987919.132	9292.219	1066	575	45.279	6301.962	NaN
168	0168-0404	2674022.025	3557.115	725	376	155.513	1495.843	NaN
169	0169-0382	85264.629	435.945	1275	386	36.027	256.410	NaN
170	0170-0410	3741370.809	3770.217	313	383	154.306	1458.728	NaN
171	0171-0388	127383.300	533.440	1156	392	32.735	320.513	NaN
172	0172-0390	143819.855	648.989	1308	395	32.905	357.106	NaN
173	0173-0392	154092.702	545.814	799	398	40.236	416.667	NaN
174	0174-0421	2535338.593	2611.147	137	389	131.517	1638.438	NaN
175	0175-0398	182856.673	771.897	2440	407	48.366	394.646	NaN
176	0176-0395	121219.592	516.811	1816	392	150.255	320.513	NaN
177	0177-0394	57527.942	340.710	1285	391	138.814	224.359	NaN
178	0178-0401	119165.023	501.682	1079	399	153.435	288.462	NaN
179	0179-0461	10232782.709	5968.427	2134	436	155.913	3503.520	NaN
180	0180-0477	18933883.958	5824.962	1475	403	134.331	4917.652	NaN
181	0181-0420	1363206.772	2076.171	1714	428	8.881	1341.207	NaN
182	0182-0408	121219.592	533.440	1439	401	122.735	320.513	NaN
183	0183-0466	8119658.120	4544.167	1618	528	62.712	3097.372	NaN
184	0184-0409	84237.344	431.206	1423	414	48.013	288.462	NaN
185	0185-0408	50336.949	317.292	840	405	135.000	224.359	NaN
186	0186-0414	114028.600	560.668	1094	407	120.964	288.462	NaN
187	0187-0455	4485124.918	3119.530	1322	407	94.715	2298.091	NaN
188	0188-0440	1292324.129	2050.531	1273	469	65.037	1045.365	NaN
189	0189-0433	2400764.300	2768.311	1785	442	5.315	1334.628	NaN
190	0190-0435	1236850.756	1884.495	1119	456	48.447	1216.542	NaN
191	0191-0416	57527.942	340.710	1699	413	138.814	224.359	NaN
192	0192-0495	17742233.728	6323.532	2315	513	8.746	4729.225	NaN
193	0193-0427	311267.258	841.308	1069	439	40.365	671.915	NaN
194	0194-0420	64718.935	365.441	2152	416	127.875	224.359	NaN
195	0195-0425	102728.468	525.680	1406	419	127.569	320.513	NaN
196	0196-0423	72937.212	385.949	2420	419	131.634	256.410	NaN
197	0197-0463	3955046.022	3369.198	441	424	129.596	1990.147	NaN
198	0198-0425	71909.928	385.949	1871	429	41.634	256.410	NaN
199	0199-0476	8858275.805	4617.276	309	430	151.834	2823.982	NaN
200	0200-0505	13901216.305	5562.721	1793	539	30.851	3737.136	NaN
201	0201-0530	17056007.561	6125.905	1340	603	57.391	4207.085	NaN
202	0202-0530	8800747.863	5406.701	533	447	100.244	2719.641	NaN
203	0203-0474	1766929.652	2087.028	1958	501	47.490	1502.010	NaN
204	0204-0513	12398298.817	5720.054	1962	544	25.560	3061.686	NaN
205	0205-0584	25243466.469	8499.937	200	456	102.412	5354.327	NaN
206	0206-0495	2834278.435	2634.647	148	455	99.806	1720.419	NaN
207	0207-0464	132519.724	498.601	859	460	135.000	352.564	NaN
208	0208-0501	1170077.252	2071.465	1760	469	98.005	1162.404	NaN
209	0209-0537	5828813.281	3904.604	1282	597	80.074	2214.355	NaN
210	0210-0515	2360700.197	2475.430	856	485	131.326	1624.605	NaN
211	0211-0484	57527.942	340.710	847	480	131.186	224.359	NaN
212	0212-0521	4860083.826	3051.612	981	558	53.973	2412.250	NaN
213	0213-0493	127383.300	506.775	595	488	145.305	320.513	NaN
214	0214-0495	64718.935	365.441	2573	492	142.125	224.359	NaN
215	0215-0523	1511135.766	2791.407	1649	545	34.237	1155.848	NaN
216	0216-0506	57527.942	340.710	2433	502	131.186	224.359	NaN
217	0217-0508	64718.935	365.441	1737	505	142.125	224.359	NaN
218	0218-0560	3538995.726	3591.603	462	506	103.416	1388.721	NaN
219	0219-0573	11417241.946	4679.158	373	637	60.450	3590.347	NaN
220	0220-0594	13431747.206	5734.672	2168	519	124.756	3814.103	NaN
221	0221-0593	11062828.731	5395.669	2073	670	66.176	3266.598	NaN
222	0222-0527	119165.023	516.811	915	523	150.255	288.462	NaN
223	0223-0538	177720.250	796.137	1704	529	130.101	459.509	NaN
224	0224-0539	146901.709	679.910	837	547	45.000	388.952	NaN
225	0225-0536	50336.949	317.292	1729	533	135.000	224.359	NaN
226	0226-0539	78073.636	410.457	139	535	141.340	256.410	NaN
227	0227-0542	106837.607	506.775	1685	549	55.305	288.462	NaN
228	0228-0542	78073.636	410.457	930	546	38.660	256.410	NaN
229	0229-0543	50336.949	317.292	957	540	135.000	224.359	NaN
230	0230-0583	5029585.799	3142.007	2285	609	18.435	2399.417	NaN
231	0231-0578	2434664.694	2958.804	1873	609	39.726	1459.913	NaN
232	0232-0630	18635971.400	6188.886	1454	600	144.911	5160.256	NaN
233	0233-0558	79100.920	410.457	849	553	128.660	256.410	NaN
234	0234-0556	57527.942	340.710	1709	553	138.814	224.359	NaN
235	0235-0601	6483193.623	3294.897	91	644	52.907	2901.108	NaN
236	0236-0650	16598865.878	6132.190	1696	741	72.039	4584.842	NaN
237	0237-0564	50336.949	317.292	927	561	135.000	224.359	NaN
238	0238-0565	98619.329	462.250	1693	561	146.310	256.410	NaN
239	0239-0568	87319.198	391.236	831	563	124.992	288.462	NaN
240	0240-0603	4082429.323	3218.242	1619	635	45.000	2143.713	NaN
241	0241-0583	1286160.421	2111.009	1789	563	149.931	1178.789	NaN
242	0242-0569	129437.870	533.440	815	574	32.735	320.513	NaN
243	0243-0585	597879.684	1439.813	842	607	73.179	641.026	NaN
244	0244-0568	71909.928	365.441	1803	564	142.125	256.410	NaN
245	0245-0576	360576.923	1132.731	871	584	25.115	579.268	NaN
246	0246-0581	536242.604	1192.377	788	571	143.746	691.435	NaN
247	0247-0595	1245069.034	2298.102	909	570	140.092	1155.848	NaN
248	0248-0574	81155.490	410.457	984	570	141.340	256.410	NaN
249	0249-0577	87319.198	410.457	503	572	128.660	288.462	NaN
250	0250-0575	50336.949	317.292	968	572	135.000	224.359	NaN
251	0251-0583	253739.316	747.558	764	593	59.036	448.718	NaN
252	0252-0583	157174.556	577.813	820	579	146.310	352.564	NaN
253	0253-0594	485905.654	1165.363	1238	610	58.496	705.128	NaN
254	0254-0635	6929035.174	3645.684	2443	692	83.437	2840.884	NaN
255	0255-0616	4724482.249	2943.488	1953	598	144.752	2336.953	NaN
256	0256-0622	1825484.878	1967.698	784	592	102.225	1699.776	NaN
257	0257-0595	50336.949	317.292	869	592	135.000	224.359	NaN
258	0258-0597	64718.935	362.619	1173	601	45.000	256.410	NaN
259	0259-0600	110946.746	521.757	810	594	132.510	352.564	NaN
260	0260-0604	254766.601	987.367	1058	595	144.246	448.718	NaN
261	0261-0600	107864.892	480.769	1313	596	143.130	288.462	NaN
262	0262-0606	196211.374	622.323	1132	614	55.491	448.718	NaN
263	0263-0601	57527.942	340.710	1267	598	138.814	224.359	NaN
264	0264-0606	101701.183	462.250	723	603	146.310	288.462	NaN
265	0265-0689	12320225.181	5769.676	121	774	69.854	3908.646	NaN
266	0266-0612	116083.169	525.680	520	617	37.569	320.513	NaN
267	0267-0611	70882.643	385.949	1325	615	41.634	256.410	NaN
268	0268-0610	50336.949	317.292	2171	607	135.000	224.359	NaN
269	0269-0612	115055.884	544.872	1904	616	28.072	256.410	NaN
270	0270-0612	64718.935	365.441	838	609	142.125	224.359	NaN
271	0271-0616	143819.855	516.811	1251	623	60.255	352.564	NaN
272	0272-0614	72937.212	385.949	875	619	48.366	256.410	NaN
273	0273-0616	81155.490	385.949	732	612	131.634	288.462	NaN
274	0274-0685	9191116.042	4600.783	1841	756	81.588	2845.760	NaN
275	0275-0621	95537.475	455.534	553	616	129.289	288.462	NaN
276	0276-0651	3010971.400	2499.589	1890	682	49.160	1762.821	NaN
277	0277-0621	57527.942	340.710	713	617	131.186	224.359	NaN
278	0278-0629	442759.698	1196.677	834	637	20.376	737.179	NaN
279	0279-0623	170529.257	632.150	1216	628	30.466	320.513	NaN
280	0280-0711	22378369.494	8217.951	1154	804	36.915	4371.608	NaN
281	0281-0624	108892.176	453.274	1048	629	45.000	320.513	NaN
282	0282-0627	179774.819	616.519	1349	621	152.103	480.769	NaN
283	0283-0645	2830169.297	2892.795	2289	640	170.433	1325.889	NaN
284	0284-0631	57527.942	340.710	875	627	131.186	224.359	NaN
285	0285-0631	72937.212	385.949	912	627	138.366	256.410	NaN
286	0286-0641	674926.036	1211.606	960	628	142.524	923.164	NaN
287	0287-0643	583497.699	1204.804	499	631	151.390	833.333	NaN
288	0288-0675	3046926.364	3114.422	2480	630	113.663	1635.654	NaN
289	0289-0680	8840811.966	4091.783	2092	689	5.845	3041.755	NaN
290	0290-0646	724235.700	1728.691	1101	649	169.315	836.613	NaN
291	0291-0646	354413.215	796.137	434	655	49.899	673.077	NaN
292	0292-0647	160256.410	681.420	902	654	41.186	397.436	NaN
293	0293-0647	249630.178	832.100	935	644	164.358	446.875	NaN
294	0294-0647	115055.884	636.200	1361	640	130.914	339.056	NaN
295	0295-0659	727317.554	1382.670	788	675	44.061	960.363	NaN
296	0296-0646	50336.949	317.292	892	643	135.000	224.359	NaN
297	0297-0653	116083.169	545.814	404	648	139.764	352.564	NaN
298	0298-0655	279421.433	888.809	1619	649	154.359	480.769	NaN
299	0299-0652	50336.949	317.292	473	649	135.000	224.359	NaN
300	0300-0712	12329470.743	4891.366	811	741	15.584	3820.569	NaN
301	0301-0710	5339825.773	3744.929	1043	652	96.882	2337.309	NaN
302	0302-0657	79100.920	407.946	1165	662	45.000	288.462	NaN
303	0303-0666	226002.630	865.978	420	657	141.009	453.274	NaN
304	0304-0728	16346153.846	6101.709	1902	751	18.054	4081.966	NaN
305	0305-0693	1984714.004	2324.768	991	658	105.186	1434.606	NaN
306	0306-0664	104783.037	533.440	1146	660	147.265	288.462	NaN
307	0307-0673	330785.667	961.538	1611	661	126.870	745.356	NaN
308	0308-0672	223948.060	737.876	364	662	124.380	480.769	NaN
309	0309-0665	50336.949	317.292	753	662	135.000	224.359	NaN
310	0310-0678	425295.858	942.656	383	674	162.181	769.231	NaN
311	0311-0670	64718.935	365.441	652	666	127.875	224.359	NaN
312	0312-0690	3239028.600	3082.260	2330	711	16.928	1514.885	NaN
313	0313-0689	1027284.681	1793.154	709	677	155.726	1227.723	NaN
314	0314-0673	57527.942	340.710	1958	669	131.186	224.359	NaN
315	0315-0674	50336.949	317.292	622	671	135.000	224.359	NaN
316	0316-0690	475632.807	989.445	2302	676	114.905	673.077	NaN
317	0317-0684	134574.293	545.814	346	691	49.764	384.615	NaN
318	0318-0708	1113576.594	1974.734	559	731	54.246	1020.148	NaN
319	0319-0716	3771162.064	2583.461	2222	721	168.551	2088.516	NaN
320	0320-0689	91428.337	476.477	378	684	132.274	320.513	NaN
321	0321-0688	70882.643	385.949	607	693	48.366	256.410	NaN
322	0322-0695	303048.981	796.137	414	686	130.101	608.974	NaN
323	0323-0757	13558103.222	6101.709	2312	774	18.054	3645.203	NaN
324	0324-0749	5511382.314	3902.367	1112	808	75.735	2021.750	NaN
325	0325-0711	961538.462	1671.590	323	722	32.471	1152.424	NaN
326	0326-0698	57527.942	340.710	1508	695	138.814	224.359	NaN
327	0327-0808	15601372.452	7869.291	1317	919	63.644	3039.816	NaN
328	0328-0712	203402.367	632.150	2660	721	59.534	416.667	NaN
329	0329-0716	50336.949	317.292	382	713	135.000	224.359	NaN
330	0330-0716	64718.935	365.441	1626	713	142.125	224.359	NaN
331	0331-0727	227029.915	819.034	1157	738	59.421	507.562	NaN
332	0332-0721	78073.636	385.949	392	717	131.634	288.462	NaN
333	0333-0737	652325.773	1175.456	958	754	64.134	834.023	NaN
334	0334-0806	9084278.435	5820.640	1234	873	53.509	3283.633	NaN
335	0335-0726	89373.767	431.206	373	731	41.987	288.462	NaN
336	0336-0733	762245.233	1760.196	402	726	169.509	673.077	NaN
337	0337-0728	57527.942	340.710	286	724	131.186	224.359	NaN
338	0338-0732	89373.767	410.457	1444	728	141.340	288.462	NaN
339	0339-0732	57527.942	340.710	305	729	138.814	224.359	NaN
340	0340-0738	258875.740	803.842	533	742	23.499	448.718	NaN
341	0341-0736	64718.935	362.619	481	740	45.000	256.410	NaN
342	0342-0762	1416625.575	1998.777	2648	792	74.181	1145.312	NaN
343	0343-0772	2901051.940	2610.163	2534	734	114.677	1753.456	NaN
344	0344-0739	64718.935	362.619	2517	743	45.000	256.410	NaN
345	0345-0815	19077703.813	5884.968	2039	848	34.123	4993.686	NaN
346	0346-0833	16518737.673	6448.763	1446	928	69.944	3840.940	NaN
347	0347-0745	79100.920	417.898	1525	742	147.529	224.359	NaN
348	0348-0746	65746.220	362.619	1769	742	135.000	256.410	NaN
349	0349-0746	81155.490	407.946	1817	742	135.000	288.462	NaN
350	0350-0835	19411571.335	6179.999	271	762	122.289	4273.453	NaN
351	0351-0748	57527.942	340.710	564	744	131.186	224.359	NaN
352	0352-0797	5215524.326	3429.637	992	849	74.275	2275.641	NaN
353	0353-0809	6380465.155	4631.383	1535	868	41.634	2437.666	NaN
354	0354-0803	7235166.009	4214.835	847	839	39.136	2549.286	NaN
355	0355-0781	2022723.537	2363.986	2455	806	40.601	1333.041	NaN
356	0356-0756	97592.045	480.769	1894	752	143.130	288.462	NaN
357	0357-0784	2185034.517	2128.456	2209	753	108.435	1378.205	NaN
358	0358-0781	1814184.747	2007.240	2247	797	38.517	1415.268	NaN
359	0359-0767	377013.478	976.907	552	779	48.991	615.868	NaN
360	0360-0762	97592.045	431.206	248	767	41.987	320.513	NaN
361	0361-0760	50336.949	317.292	965	757	135.000	224.359	NaN
362	0362-0767	261957.594	1046.463	1909	757	139.970	441.340	NaN
363	0363-0762	57527.942	340.710	1444	759	138.814	224.359	NaN
364	0364-0857	15492480.276	6081.303	186	767	108.435	3592.997	NaN
365	0365-0787	914283.366	1297.978	812	772	122.905	1151.494	NaN
366	0366-0773	57527.942	340.710	2579	769	131.186	224.359	NaN
367	0367-0783	50336.949	317.292	560	780	135.000	224.359	NaN
368	0368-0786	71909.928	365.441	848	782	127.875	256.410	NaN
369	0369-0802	1182404.668	1886.947	1678	798	159.102	1196.671	NaN
370	0370-0789	70882.643	385.949	2326	785	138.366	256.410	NaN
371	0371-0795	105810.322	525.680	1987	790	142.431	320.513	NaN
372	0372-0820	2547666.009	2545.001	631	841	36.293	1525.891	NaN
373	0373-0797	87319.198	431.206	1303	802	41.987	288.462	NaN
374	0374-0811	963593.031	1358.309	2301	818	19.290	1043.660	NaN
375	0375-0798	64718.935	362.619	2001	802	45.000	256.410	NaN
376	0376-0797	50336.949	317.292	2287	794	135.000	224.359	NaN
377	0377-0798	50336.949	317.292	117	795	135.000	224.359	NaN
378	0378-0799	70882.643	385.949	1733	804	48.366	256.410	NaN
379	0379-0804	152038.133	543.928	560	811	45.000	384.615	NaN
380	0380-0851	3776298.488	3601.885	1750	903	60.698	1865.247	NaN
381	0381-0881	10622123.603	5312.107	2487	963	79.571	3044.872	NaN
382	0382-0804	64718.935	365.441	1648	801	142.125	224.359	NaN
383	0383-0832	1352933.925	1992.600	581	863	78.871	1406.745	NaN
384	0384-0807	101701.183	476.477	595	802	132.274	320.513	NaN
385	0385-0806	57527.942	340.710	2028	803	138.814	224.359	NaN
386	0386-0825	523915.187	1175.456	1640	809	115.866	673.077	NaN
387	0387-0828	795118.343	1655.845	1671	811	137.353	971.697	NaN
388	0388-0820	331812.952	924.500	548	828	33.690	544.872	NaN
389	0389-0885	10430021.368	4633.157	2221	955	75.579	3204.827	NaN
390	0390-0876	4238576.594	4026.998	81	828	123.311	1829.327	NaN
391	0391-0825	121219.592	525.680	247	820	142.431	320.513	NaN
392	0392-0863	2589784.681	2752.121	1171	823	104.845	1333.519	NaN
393	0393-0828	63691.650	362.619	413	832	45.000	256.410	NaN
394	0394-0927	18605152.860	6656.875	1033	1029	79.177	4134.615	NaN
395	0395-0844	823882.314	1592.275	1814	861	40.101	892.889	NaN
396	0396-0881	3639669.625	3578.422	1128	826	96.170	1595.595	NaN
397	0397-0912	17832634.780	6487.990	2310	989	52.224	4468.599	NaN
398	0398-0844	321540.105	890.541	249	856	59.744	480.769	NaN
399	0399-0845	293803.419	934.447	1621	859	67.834	486.397	NaN
400	0400-0878	8325115.056	5149.196	1855	905	8.231	2788.462	NaN
401	0401-0848	250657.462	874.830	809	860	61.557	427.838	NaN
402	0402-0850	605070.677	1264.300	35	843	149.534	833.333	NaN
403	0403-0844	202375.082	726.653	548	852	41.424	477.719	NaN
404	0404-0854	256821.170	976.381	1213	840	113.199	386.081	NaN
405	0405-0845	69855.358	385.949	2296	850	48.366	256.410	NaN
406	0406-0893	7529996.713	3711.588	634	923	36.573	3203.506	NaN
407	0407-0908	10770052.597	5991.790	820	954	26.017	2851.127	NaN
408	0408-0985	27619575.937	9720.050	1554	1120	57.935	5008.011	NaN
409	0409-0902	3671515.450	3601.885	802	951	60.698	1707.096	NaN
410	0410-0857	57527.942	340.710	1592	854	138.814	224.359	NaN
411	0411-0889	1536817.883	1963.779	1576	917	63.853	1283.703	NaN
412	0412-0891	911201.512	1910.751	256	863	112.694	796.261	NaN
413	0413-0881	719099.277	1359.821	42	866	135.000	989.030	NaN
414	0414-0871	110946.746	489.242	1163	865	121.608	288.462	NaN
415	0415-0870	50336.949	317.292	596	867	135.000	224.359	NaN
416	0416-0872	87319.198	435.945	569	868	143.973	256.410	NaN
417	0417-0924	5707593.688	3641.031	1332	949	9.628	2857.249	NaN
418	0418-0890	88346.483	410.457	571	894	38.660	288.462	NaN
419	0419-0929	3971482.577	3320.519	1488	973	53.241	1827.096	NaN
420	0420-0926	2131615.713	2637.764	1207	963	62.501	1277.862	NaN
421	0421-0953	10104372.124	5605.677	1965	1012	25.393	3261.329	NaN
422	0422-0914	1123849.441	2138.808	1778	931	29.638	967.447	NaN
423	0423-0897	50336.949	317.292	1673	894	135.000	224.359	NaN
424	0424-0908	419132.150	1451.184	75	897	149.470	557.401	NaN
425	0425-0904	88346.483	410.457	531	900	141.340	288.462	NaN
426	0426-0999	11447033.202	6802.880	459	1085	51.888	3325.267	NaN
427	0427-0946	1753574.951	2432.521	52	910	108.435	1360.376	NaN
428	0428-0919	157174.556	632.150	542	928	59.534	352.564	NaN
429	0429-0946	2898997.370	2586.838	1247	979	56.113	1613.056	NaN
430	0430-0922	192102.235	615.685	1758	930	51.340	480.769	NaN
431	0431-0920	50336.949	317.292	1562	917	135.000	224.359	NaN
432	0432-0925	50336.949	317.292	115	922	135.000	224.359	NaN
433	0433-0952	1592291.256	2611.147	80	923	138.483	1192.959	NaN
434	0434-0969	4666954.306	3393.957	254	1005	39.251	2263.389	NaN
435	0435-0929	64718.935	365.441	533	925	127.875	224.359	NaN
436	0436-0933	105810.322	498.601	830	939	45.000	352.564	NaN
437	0437-0933	71909.928	365.441	1749	929	127.875	256.410	NaN
438	0438-1003	7499178.172	4845.153	592	1075	72.284	2383.926	NaN
439	0439-0939	50336.949	317.292	2187	936	135.000	224.359	NaN
440	0440-1018	10612878.041	5083.944	2443	1097	84.936	3738.122	NaN
441	0441-0976	1446416.831	2382.383	1704	1011	70.346	1204.130	NaN
442	0442-0962	891683.103	1565.271	1431	979	47.490	895.921	NaN
443	0443-0979	3133218.277	2472.108	698	975	13.496	2089.744	NaN
444	0444-0951	146901.709	570.657	121	946	141.843	384.615	NaN
445	0445-0973	1387861.604	2011.840	1141	1000	59.349	1199.657	NaN
446	0446-0951	65746.220	362.619	1885	947	135.000	256.410	NaN
447	0447-0983	2674022.025	2462.949	361	955	145.069	1775.732	NaN
448	0448-0985	2889751.808	2483.716	944	1022	72.734	1932.665	NaN
449	0449-0957	134574.293	551.431	85	964	54.462	352.564	NaN
450	0450-0958	71909.928	385.949	203	954	138.366	256.410	NaN
451	0451-0998	3521531.887	2852.564	1283	1038	64.011	1881.085	NaN
452	0452-1051	17651832.676	8163.456	1381	1144	46.909	3839.244	NaN
453	0453-0969	71909.928	385.949	154	965	131.634	256.410	NaN
454	0454-0978	802309.336	1529.085	172	966	146.976	772.282	NaN
455	0455-0971	50336.949	317.292	214	968	135.000	224.359	NaN
456	0456-0973	63691.650	362.619	1351	977	45.000	256.410	NaN
457	0457-0978	335922.091	1024.138	1842	969	159.864	576.923	NaN
458	0458-0973	79100.920	407.946	1929	969	135.000	288.462	NaN
459	0459-0973	50336.949	317.292	348	970	135.000	224.359	NaN
460	0460-0976	147928.994	612.339	776	970	137.121	416.667	NaN
461	0461-0974	57527.942	340.710	984	970	131.186	224.359	NaN
462	0462-1019	4358768.902	3355.602	1184	1068	65.148	2034.186	NaN
463	0463-0976	50336.949	317.292	1139	973	135.000	224.359	NaN
464	0464-0982	122246.877	521.757	160	976	132.510	352.564	NaN
465	0465-0987	186965.812	750.986	760	996	50.194	443.014	NaN
466	0466-0989	410913.872	863.007	1352	978	121.329	641.026	NaN
467	0467-0984	88346.483	431.206	1897	979	131.987	288.462	NaN
468	0468-0994	647189.349	1058.178	1419	1009	54.866	862.893	NaN
469	0469-1051	14236111.111	5228.585	803	994	130.525	4188.083	NaN
470	0470-0989	136628.863	543.928	687	983	135.000	384.615	NaN
471	0471-0989	206484.221	750.301	347	986	160.017	352.564	NaN
472	0472-1017	2049432.939	2309.917	1081	1048	60.945	1494.702	NaN
473	0473-1067	17065253.123	5616.387	2059	1151	70.324	4812.609	NaN
474	0474-1010	1490590.072	2027.101	629	1033	34.695	1228.421	NaN
475	0475-0989	50336.949	317.292	329	986	135.000	224.359	NaN
476	0476-0992	126356.016	516.811	215	987	150.255	320.513	NaN
477	0477-0993	50336.949	317.292	1864	990	135.000	224.359	NaN
478	0478-1016	1368343.195	1770.090	2141	1038	47.936	1199.437	NaN
479	0479-0996	57527.942	340.710	1826	993	138.814	224.359	NaN
480	0480-1015	467414.530	1400.021	368	1036	74.055	504.400	NaN
481	0481-1002	132519.724	602.189	702	1011	64.799	256.410	NaN
482	0482-1004	126356.016	543.928	713	998	135.000	384.615	NaN
483	0483-1008	224975.345	685.927	1873	1000	127.405	512.821	NaN
484	0484-1004	57527.942	340.710	1148	1001	138.814	224.359	NaN
485	0485-1042	4197485.207	2704.490	161	1060	31.430	2269.455	NaN
486	0486-1007	86291.913	410.457	753	1003	141.340	288.462	NaN
487	0487-1006	50336.949	317.292	1800	1003	135.000	224.359	NaN
488	0488-1016	823882.314	1915.852	1801	1028	17.526	729.290	NaN
489	0489-1007	71909.928	391.236	2189	1004	145.008	224.359	NaN
490	0490-1025	1456689.678	1671.590	2218	1038	32.471	1344.829	NaN
491	0491-1009	57527.942	340.710	1131	1005	131.186	224.359	NaN
492	0492-1010	88346.483	435.945	1759	1006	143.973	256.410	NaN
493	0493-1013	96564.760	435.945	1428	1009	143.973	288.462	NaN
494	0494-1039	2159352.400	2202.229	963	1056	21.337	1739.988	NaN
495	0495-1024	297912.558	1001.314	333	1012	129.806	429.487	NaN
496	0496-1017	99646.614	476.477	1251	1012	137.726	320.513	NaN
497	0497-1020	268121.302	759.825	1735	1013	152.354	480.769	NaN
498	0498-1019	122246.877	570.657	703	1025	38.157	338.999	NaN
499	0499-1018	63691.650	362.619	1918	1022	45.000	256.410	NaN
500	0500-1018	125328.731	533.440	2325	1023	32.735	288.462	NaN
501	0501-1021	109919.461	500.657	2493	1027	50.194	320.513	NaN
502	0502-1020	50336.949	317.292	727	1017	135.000	224.359	NaN
503	0503-1024	50336.949	317.292	253	1021	135.000	224.359	NaN
504	0504-1024	50336.949	317.292	275	1021	135.000	224.359	NaN
505	0505-1030	242439.185	853.431	1378	1022	145.713	524.937	NaN
506	0506-1028	71909.928	385.949	283	1024	131.634	256.410	NaN
507	0507-1027	57527.942	340.710	324	1024	138.814	224.359	NaN
508	0508-1109	16714949.047	7415.215	1188	1182	43.073	3643.870	NaN
509	0509-1031	116083.169	590.996	2275	1024	130.601	344.010	NaN
510	0510-1072	7251602.564	4315.036	618	1101	31.329	2853.191	NaN
511	0511-1028	57527.942	340.710	1055	1025	138.814	224.359	NaN
512	0512-1032	72937.212	385.949	1896	1036	41.634	256.410	NaN
513	0513-1034	86291.913	410.457	1419	1038	38.660	288.462	NaN
514	0514-1073	1693992.439	2798.758	323	1034	113.629	1339.234	NaN
515	0515-1039	126356.016	551.431	754	1032	125.538	320.513	NaN
516	0516-1076	2954470.743	3564.039	1194	1115	48.281	1284.594	NaN
517	0517-1037	96564.760	410.457	1776	1033	141.340	320.513	NaN
518	0518-1038	96564.760	435.945	1803	1033	126.027	288.462	NaN
519	0519-1115	12935568.705	5604.669	1078	1192	63.875	4081.536	NaN
520	0520-1056	387286.325	1317.616	368	1037	108.435	519.420	NaN
521	0521-1043	95537.475	462.250	1272	1049	56.310	256.410	NaN
522	0522-1085	4110166.009	2935.450	249	1127	58.392	2102.622	NaN
523	0523-1051	232166.338	720.263	1047	1046	147.724	416.667	NaN
524	0524-1050	71909.928	385.949	347	1055	48.366	256.410	NaN
525	0525-1050	64718.935	365.441	2268	1047	142.125	224.359	NaN
526	0526-1057	253739.316	685.927	746	1066	52.595	544.872	NaN
527	0527-1055	151010.848	596.188	764	1049	143.746	384.615	NaN
528	0528-1052	50336.949	317.292	2347	1049	135.000	224.359	NaN
529	0529-1083	4000246.548	3691.328	2162	1114	20.323	1936.478	NaN
530	0530-1057	169501.972	673.840	386	1054	154.654	352.564	NaN
531	0531-1069	233193.623	1051.360	1872	1056	127.569	390.704	NaN
532	0532-1062	79100.920	407.946	2402	1058	135.000	288.462	NaN
533	0533-1068	132519.724	533.440	1768	1064	147.265	320.513	NaN
534	0534-1069	50336.949	317.292	1860	1066	135.000	224.359	NaN
535	0535-1070	86291.913	431.206	2144	1075	41.987	288.462	NaN
536	0536-1071	80128.205	385.949	423	1067	131.634	288.462	NaN
537	0537-1070	64718.935	365.441	2352	1067	142.125	224.359	NaN
538	0538-1096	687253.452	1750.833	995	1122	66.251	713.637	NaN
539	0539-1074	50336.949	317.292	1894	1071	135.000	224.359	NaN
540	0540-1074	50336.949	317.292	1915	1071	135.000	224.359	NaN
541	0541-1082	186965.812	641.026	1848	1074	126.870	416.667	NaN
542	0542-1150	17414529.915	6149.337	2322	1087	153.034	4584.243	NaN
543	0543-1107	2117233.728	2677.769	1000	1138	47.911	1534.651	NaN
544	0544-1081	71909.928	385.949	54	1077	131.634	256.410	NaN
545	0545-1084	138683.432	612.339	1679	1091	47.121	362.619	NaN
546	0546-1123	3555432.281	3077.090	922	1168	67.977	1987.179	NaN
547	0547-1087	121219.592	462.250	1831	1081	123.690	352.564	NaN
548	0548-1095	425295.858	1248.355	1807	1083	150.803	656.416	NaN
549	0549-1089	199293.228	660.754	377	1088	157.166	412.566	NaN
550	0550-1129	2625739.645	2979.563	539	1173	58.191	1927.175	NaN
551	0551-1094	373931.624	947.006	1505	1085	156.038	608.974	NaN
552	0552-1088	50336.949	317.292	1760	1085	135.000	224.359	NaN
553	0553-1092	113001.315	480.769	1909	1098	53.130	320.513	NaN
554	0554-1092	64718.935	362.619	774	1096	45.000	256.410	NaN
555	0555-1096	289694.280	835.795	2471	1102	32.471	491.940	NaN
556	0556-1098	164365.549	573.351	2132	1106	63.435	352.564	NaN
557	0557-1096	122246.877	506.775	1890	1091	145.305	320.513	NaN
558	0558-1100	134574.293	570.657	793	1107	51.843	347.767	NaN
559	0559-1102	88346.483	435.945	311	1097	126.027	256.410	NaN
560	0560-1102	50336.949	317.292	1939	1099	135.000	224.359	NaN
561	0561-1103	50336.949	317.292	1658	1100	135.000	224.359	NaN
562	0562-1152	12109631.821	6713.730	2112	1164	3.832	2793.145	NaN
563	0563-1108	64718.935	365.441	728	1104	127.875	224.359	NaN
564	0564-1134	2603139.382	2388.412	1976	1108	139.899	1807.555	NaN
565	0565-1113	57527.942	340.710	1964	1109	131.186	224.359	NaN
566	0566-1150	4779955.621	3350.854	362	1168	14.967	2416.734	NaN
567	0567-1132	923528.928	1498.547	474	1151	48.468	994.265	NaN
568	0568-1118	80128.205	407.946	1824	1123	45.000	288.462	NaN
569	0569-1142	2501438.199	2604.253	808	1128	166.477	1629.063	NaN
570	0570-1121	50336.949	317.292	385	1118	135.000	224.359	NaN
571	0571-1123	105810.322	435.945	668	1119	143.973	320.513	NaN
572	0572-1123	64718.935	365.441	1874	1120	142.125	224.359	NaN
573	0573-1124	71909.928	391.236	617	1121	145.008	224.359	NaN
574	0574-1132	290721.565	907.680	514	1122	137.862	579.688	NaN
575	0575-1127	82182.774	431.206	1583	1123	138.013	288.462	NaN
576	0576-1135	284557.857	796.137	1710	1143	49.899	552.592	NaN
577	0577-1128	50336.949	317.292	697	1125	135.000	224.359	NaN
578	0578-1160	2413091.716	2408.116	1500	1164	9.964	1939.349	NaN
579	0579-1132	80128.205	385.949	1666	1128	131.634	288.462	NaN
580	0580-1159	2361727.482	2418.970	280	1148	147.995	1816.021	NaN
581	0581-1146	440705.128	1436.598	1683	1134	141.340	589.256	NaN
582	0582-1140	286612.426	846.178	1947	1132	142.696	528.603	NaN
583	0583-1147	368795.201	989.445	627	1133	114.905	544.872	NaN
584	0584-1139	89373.767	431.206	601	1144	48.013	288.462	NaN
585	0585-1139	113001.315	480.769	1870	1144	36.870	320.513	NaN
586	0586-1146	374958.909	1176.767	703	1139	150.642	607.995	NaN
587	0587-1141	130465.155	516.811	772	1138	150.255	320.513	NaN
588	0588-1143	71909.928	385.949	1021	1147	41.634	256.410	NaN
589	0589-1146	290721.565	817.151	1882	1154	25.560	480.769	NaN
590	0590-1143	50336.949	317.292	666	1140	135.000	224.359	NaN
591	0591-1145	80128.205	407.946	1586	1141	135.000	288.462	NaN
592	0592-1149	125328.731	480.769	1404	1155	53.130	352.564	NaN
593	0593-1148	57527.942	340.710	911	1145	138.814	224.359	NaN
594	0594-1154	217784.352	645.020	1810	1145	116.565	448.718	NaN
595	0595-1163	477687.377	1196.677	1733	1146	110.376	544.872	NaN
596	0596-1153	57527.942	340.710	708	1150	138.814	224.359	NaN
597	0597-1153	50336.949	317.292	1666	1150	135.000	224.359	NaN
598	0598-1154	83210.059	407.946	2293	1150	135.000	288.462	NaN
599	0599-1166	585552.268	1264.300	575	1180	30.466	982.278	NaN
600	0600-1160	87319.198	417.898	1414	1157	147.529	256.410	NaN
601	0601-1183	1695019.724	2017.195	487	1160	135.644	1301.845	NaN
602	0602-1240	18217866.535	5739.596	909	1266	20.256	4555.292	NaN
603	0603-1164	80128.205	407.946	2014	1169	45.000	288.462	NaN
604	0604-1188	2397682.446	2195.688	765	1169	146.310	1762.821	NaN
605	0605-1167	117110.454	500.657	622	1162	140.194	320.513	NaN
606	0606-1166	80128.205	410.457	1488	1170	38.660	256.410	NaN
607	0607-1177	822855.030	1407.340	1692	1165	149.931	932.466	NaN
608	0608-1195	3431130.835	2643.016	1896	1210	14.036	2121.398	NaN
609	0609-1166	57527.942	340.710	1603	1163	138.814	224.359	NaN
610	0610-1171	156147.272	666.944	2310	1180	54.782	380.755	NaN
611	0611-1235	14281311.637	5558.195	592	1268	14.357	3711.538	NaN
612	0612-1168	50336.949	317.292	690	1165	135.000	224.359	NaN
613	0613-1169	50336.949	317.292	1588	1166	135.000	224.359	NaN
614	0614-1173	166420.118	551.431	1774	1166	125.538	416.667	NaN
615	0615-1197	2046351.085	2151.260	2017	1225	61.526	1543.582	NaN
616	0616-1176	139710.717	525.680	1811	1181	37.569	384.615	NaN
617	0617-1200	4015655.819	4558.161	1570	1189	169.875	1818.214	NaN
618	0618-1201	2663749.178	2649.422	1821	1223	34.651	1684.100	NaN
619	0619-1186	253739.316	871.889	1472	1173	107.103	384.615	NaN
620	0620-1186	210593.360	891.118	1436	1175	127.694	488.091	NaN
621	0621-1180	87319.198	453.274	1459	1175	135.000	320.513	NaN
622	0622-1212	2117233.728	2262.058	879	1177	97.326	1642.426	NaN
623	0623-1185	50336.949	317.292	1357	1182	135.000	224.359	NaN
624	0624-1189	50336.949	317.292	1318	1186	135.000	224.359	NaN
625	0625-1189	50336.949	317.292	1689	1186	135.000	224.359	NaN
626	0626-1192	111974.030	498.601	586	1187	135.000	352.564	NaN
627	0627-1259	11039201.183	5908.921	2190	1284	15.092	4069.095	NaN
628	0628-1219	3344838.922	3024.731	1250	1238	25.750	1660.534	NaN
629	0629-1252	11056665.023	4936.834	386	1315	50.004	3311.101	NaN
630	0630-1217	1512163.051	1866.970	315	1234	34.509	1370.132	NaN
631	0631-1197	64718.935	365.441	1426	1194	142.125	224.359	NaN
632	0632-1201	71909.928	391.236	1388	1198	145.008	224.359	NaN
633	0633-1252	7317348.784	3991.511	2071	1205	145.800	2956.625	NaN
634	0634-1252	5570964.826	3801.152	86	1306	61.274	2333.095	NaN
635	0635-1211	449950.690	1173.707	1967	1220	34.992	687.450	NaN
636	0636-1232	1562500.000	2329.182	1103	1263	55.654	1390.286	NaN
637	0637-1207	79100.920	410.457	1161	1202	128.660	256.410	NaN
638	0638-1212	299967.127	956.182	549	1222	39.560	566.592	NaN
639	0639-1207	57527.942	340.710	1626	1203	131.186	224.359	NaN
640	0640-1209	123274.162	501.682	1716	1207	153.435	320.513	NaN
641	0641-1209	96564.760	435.945	515	1213	36.027	288.462	NaN
642	0642-1216	319485.536	1020.117	2205	1227	43.727	544.161	NaN
643	0643-1212	99646.614	506.775	35	1206	124.695	288.462	NaN
644	0644-1209	50336.949	317.292	1731	1206	135.000	224.359	NaN
645	0645-1217	152038.133	690.406	1615	1207	111.801	282.695	NaN
646	0646-1211	64718.935	362.619	2051	1207	135.000	256.410	NaN
647	0647-1212	71909.928	385.949	1451	1216	41.634	256.410	NaN
648	0648-1220	488987.508	1049.894	1578	1230	31.264	682.784	NaN
649	0649-1214	78073.636	407.946	1437	1219	45.000	288.462	NaN
650	0650-1238	1223496.055	2080.126	554	1266	56.310	1366.348	NaN
651	0651-1217	116083.169	506.775	1420	1213	145.305	288.462	NaN
652	0652-1220	144847.140	530.543	1713	1217	154.983	352.564	NaN
653	0653-1250	1702210.717	2276.544	1187	1283	54.744	1473.268	NaN
654	0654-1256	2414119.001	2787.725	781	1248	160.523	2112.902	NaN
655	0655-1222	93482.906	462.250	1386	1226	33.690	256.410	NaN
656	0656-1238	874219.264	1638.068	1484	1256	30.579	776.781	NaN
657	0657-1250	2853796.844	2629.377	1840	1241	170.882	1750.752	NaN
658	0658-1254	2051487.508	2355.715	1129	1283	56.094	1621.017	NaN
659	0659-1226	50336.949	317.292	1765	1223	135.000	224.359	NaN
660	0660-1260	2332963.511	2608.785	1434	1297	63.750	1619.197	NaN
661	0661-1229	50336.949	317.292	1363	1226	135.000	224.359	NaN
662	0662-1230	50336.949	317.292	530	1227	135.000	224.359	NaN
663	0663-1231	57527.942	340.710	1785	1228	138.814	224.359	NaN
664	0664-1234	82182.774	410.457	2222	1229	128.660	256.410	NaN
665	0665-1257	2007314.267	2175.713	1935	1282	45.000	1354.812	NaN
666	0666-1239	57527.942	340.710	1375	1235	131.186	224.359	NaN
667	0667-1240	50336.949	317.292	1367	1237	135.000	224.359	NaN
668	0668-1248	349276.792	782.472	1600	1238	124.992	641.026	NaN
669	0669-1370	22296186.719	8420.220	1307	1500	80.358	4628.263	NaN
670	0670-1250	234220.907	820.913	1753	1242	141.340	559.467	NaN
671	0671-1274	2908242.932	2810.662	1993	1275	172.794	1973.982	NaN
672	0672-1247	50336.949	317.292	1232	1244	135.000	224.359	NaN
673	0673-1271	2523011.177	2466.075	1628	1293	27.897	1756.877	NaN
674	0674-1250	81155.490	410.457	1404	1245	128.660	256.410	NaN
675	0675-1257	371877.055	1066.879	1547	1266	32.735	544.342	NaN
676	0676-1252	63691.650	362.619	2189	1256	45.000	256.410	NaN
677	0677-1257	164365.549	648.989	1390	1249	122.905	377.146	NaN
678	0678-1253	57527.942	340.710	1774	1249	131.186	224.359	NaN
679	0679-1253	50336.949	317.292	861	1250	135.000	224.359	NaN
680	0680-1263	575279.421	1318.785	504	1274	25.942	677.908	NaN
681	0681-1260	130465.155	660.754	1415	1252	129.094	350.233	NaN
682	0682-1263	113001.315	480.769	1477	1269	53.130	320.513	NaN
683	0683-1263	50336.949	317.292	1249	1260	135.000	224.359	NaN
684	0684-1265	57527.942	340.710	1753	1261	131.186	224.359	NaN
685	0685-1285	389340.894	1040.063	1597	1298	56.310	549.367	NaN
686	0686-1277	95537.475	431.206	1542	1272	131.987	320.513	NaN
687	0687-1278	144847.140	632.150	803	1283	30.466	320.513	NaN
688	0688-1282	190047.666	756.437	1470	1292	53.616	387.012	NaN
689	0689-1278	71909.928	385.949	1532	1282	41.634	256.410	NaN
690	0690-1277	50336.949	317.292	1713	1274	135.000	224.359	NaN
691	0691-1282	354413.215	942.656	1729	1288	17.819	512.821	NaN
692	0692-1296	1089949.047	1873.835	1227	1291	167.152	1232.704	NaN
693	0693-1278	50336.949	317.292	1903	1275	135.000	224.359	NaN
694	0694-1281	57527.942	340.710	1589	1277	131.186	224.359	NaN
695	0695-1285	202375.082	808.938	749	1278	146.310	455.128	NaN
696	0696-1281	50336.949	317.292	1274	1278	135.000	224.359	NaN
697	0697-1317	3249301.446	2541.972	866	1286	138.066	1984.137	NaN
698	0698-1287	50336.949	317.292	564	1284	135.000	224.359	NaN
699	0699-1309	1345742.932	2111.009	721	1291	149.931	1028.676	NaN
700	0700-1287	50336.949	317.292	773	1284	135.000	224.359	NaN
701	0701-1289	104783.037	455.534	1144	1293	39.289	320.513	NaN
702	0702-1292	141765.286	567.045	1648	1299	47.291	384.615	NaN
703	0703-1292	117110.454	480.769	1804	1286	126.870	320.513	NaN
704	0704-1293	64718.935	362.619	601	1289	135.000	256.410	NaN
705	0705-1297	161283.695	596.188	1663	1305	53.746	384.615	NaN
706	0706-1296	97592.045	545.814	1818	1291	139.764	311.130	NaN
707	0707-1300	196211.374	648.989	778	1309	57.095	416.667	NaN
708	0708-1390	19718729.454	6349.876	1182	1292	96.085	4767.818	NaN
709	0709-1296	71909.928	365.441	1845	1292	127.875	256.410	NaN
710	0710-1304	362631.492	1065.434	613	1293	136.219	569.697	NaN
711	0711-1297	64718.935	365.441	824	1293	127.875	224.359	NaN
712	0712-1301	177720.250	705.856	1409	1293	129.472	425.691	NaN
713	0713-1301	240384.615	711.654	1738	1308	35.838	512.821	NaN
714	0714-1298	88346.483	417.898	1724	1294	147.529	256.410	NaN
715	0715-1301	122246.877	500.657	477	1307	50.194	352.564	NaN
716	0716-1381	16243425.378	6567.933	340	1380	18.789	4672.967	NaN
717	0717-1308	243466.469	952.953	2175	1319	47.726	447.106	NaN
718	0718-1352	7267011.834	4274.372	1471	1383	28.679	3428.884	NaN
719	0719-1309	284557.857	730.882	1034	1318	52.125	608.974	NaN
720	0720-1303	50336.949	317.292	1797	1300	135.000	224.359	NaN
721	0721-1344	6508875.740	4077.699	96	1330	159.286	2291.793	NaN
722	0722-1308	163338.264	681.420	1451	1315	41.186	379.907	NaN
723	0723-1308	79100.920	410.457	1440	1303	128.660	256.410	NaN
724	0724-1316	422214.004	998.232	819	1304	132.397	707.396	NaN
725	0725-1325	1262532.873	1951.183	1085	1347	42.337	1118.646	NaN
726	0726-1315	311267.258	976.907	1914	1304	131.009	603.681	NaN
727	0727-1308	50336.949	317.292	715	1305	135.000	224.359	NaN
728	0728-1327	1993959.566	2552.256	1955	1313	172.786	1357.727	NaN
729	0729-1325	1080703.485	2039.479	2204	1306	149.808	1110.757	NaN
730	0730-1311	50336.949	317.292	802	1308	135.000	224.359	NaN
731	0731-1319	379068.047	1005.920	1615	1330	22.479	685.844	NaN
732	0732-1315	64718.935	362.619	2155	1319	45.000	256.410	NaN
733	0733-1315	50336.949	317.292	1048	1312	135.000	224.359	NaN
734	0734-1317	64718.935	365.441	794	1313	127.875	224.359	NaN
735	0735-1318	63691.650	362.619	1822	1322	45.000	256.410	NaN
736	0736-1375	12119904.668	5679.502	654	1337	163.610	3574.743	NaN
737	0737-1326	158201.841	596.188	1238	1319	126.254	384.615	NaN
738	0738-1324	79100.920	410.457	1905	1329	51.340	256.410	NaN
739	0739-1366	2237426.036	3037.271	2279	1413	82.725	1142.756	NaN
740	0740-1339	1126931.295	1583.217	536	1352	21.371	1217.949	NaN
741	0741-1324	64718.935	362.619	1792	1328	45.000	256.410	NaN
742	0742-1330	221893.491	705.856	1591	1322	129.472	497.509	NaN
743	0743-1332	193129.520	775.217	1449	1343	60.255	378.724	NaN
744	0744-1329	121219.592	596.188	1652	1337	53.746	330.194	NaN
745	0745-1329	126356.016	544.872	1041	1334	28.072	288.462	NaN
746	0746-1328	57527.942	340.710	1057	1325	138.814	224.359	NaN
747	0747-1330	81155.490	407.946	1688	1335	45.000	288.462	NaN
748	0748-1331	69855.358	385.949	1758	1336	48.366	256.410	NaN
749	0749-1333	71909.928	385.949	1937	1338	48.366	256.410	NaN
750	0750-1334	79100.920	410.457	968	1330	141.340	256.410	NaN
751	0751-1343	501314.924	1110.752	1623	1354	43.831	797.761	NaN
752	0752-1341	255793.886	817.151	821	1352	41.820	538.681	NaN
753	0753-1339	213675.214	737.876	1655	1347	34.380	480.769	NaN
754	0754-1363	2092578.895	2388.412	30	1392	49.899	1450.475	NaN
755	0755-1347	392422.748	871.889	1002	1353	36.027	703.020	NaN
756	0756-1340	70882.643	385.949	1703	1344	41.634	256.410	NaN
757	0757-1381	2840442.143	2878.912	2186	1425	78.440	1388.599	NaN
758	0758-1344	95537.475	435.945	593	1339	126.027	288.462	NaN
759	0759-1342	50336.949	317.292	1043	1339	135.000	224.359	NaN
760	0760-1351	239357.331	726.653	967	1358	41.424	529.383	NaN
761	0761-1355	351331.361	1006.431	1675	1366	37.235	530.349	NaN
762	0762-1356	282503.287	801.282	865	1365	36.870	566.592	NaN
763	0763-1350	50336.949	317.292	1970	1347	135.000	224.359	NaN
764	0764-1351	50336.949	317.292	948	1348	135.000	224.359	NaN
765	0765-1352	64718.935	362.619	1332	1348	135.000	256.410	NaN
766	0766-1354	64718.935	362.619	1644	1350	135.000	256.410	NaN
767	0767-1428	6753369.494	6084.428	1350	1505	54.217	2189.737	NaN
768	0768-1358	190047.666	688.170	1051	1362	27.759	416.667	NaN
769	0769-1355	50336.949	317.292	1573	1352	135.000	224.359	NaN
770	0770-1357	64718.935	362.619	990	1353	135.000	256.410	NaN
771	0771-1381	1620027.942	2453.755	912	1365	156.114	1504.238	NaN
772	0772-1403	5033694.938	3173.724	510	1438	38.027	2820.513	NaN
773	0773-1376	1082758.054	1699.020	2222	1394	35.789	1206.125	NaN
774	0774-1362	65746.220	362.619	1339	1358	135.000	256.410	NaN
775	0775-1386	1741247.535	2090.225	606	1413	54.360	1590.673	NaN
776	0776-1365	50336.949	317.292	1248	1362	135.000	224.359	NaN
777	0777-1367	89373.767	431.206	1956	1372	48.013	288.462	NaN
778	0778-1366	50336.949	317.292	566	1363	135.000	224.359	NaN
779	0779-1369	103755.753	489.242	1967	1363	121.608	256.410	NaN
780	0780-1373	133547.009	500.657	981	1367	140.194	384.615	NaN
781	0781-1371	57527.942	340.710	1589	1367	131.186	224.359	NaN
782	0782-1373	78073.636	410.457	1641	1368	128.660	256.410	NaN
783	0783-1372	57527.942	340.710	578	1369	138.814	224.359	NaN
784	0784-1375	50336.949	317.292	1977	1372	135.000	224.359	NaN
785	0785-1380	50336.949	317.292	1956	1377	135.000	224.359	NaN
786	0786-1392	396531.887	1084.546	835	1406	55.840	638.145	NaN
787	0787-1397	990302.433	1852.608	219	1384	149.886	1070.064	NaN
788	0788-1384	122246.877	500.657	1020	1380	140.194	352.564	NaN
789	0789-1388	144847.140	631.337	2161	1397	66.038	288.462	NaN
790	0790-1390	236275.477	884.174	1489	1400	46.469	462.250	NaN
791	0791-1384	50336.949	317.292	1620	1381	135.000	224.359	NaN
792	0792-1385	50336.949	317.292	1638	1382	135.000	224.359	NaN
793	0793-1406	1621055.227	2079.632	88	1398	151.460	1334.804	NaN
794	0794-1388	57527.942	340.710	208	1385	138.814	224.359	NaN
795	0795-1389	50336.949	317.292	323	1386	135.000	224.359	NaN
796	0796-1393	123274.162	525.680	863	1398	37.569	320.513	NaN
797	0797-1392	81155.490	410.457	1246	1388	141.340	256.410	NaN
798	0798-1397	135601.578	681.420	1056	1390	138.814	371.795	NaN
799	0799-1397	183883.958	604.742	925	1402	32.005	416.667	NaN
800	0800-1397	57527.942	340.710	458	1393	131.186	224.359	NaN
801	0801-1417	1866576.266	1875.753	292	1403	146.853	1502.582	NaN
802	0802-1397	64718.935	365.441	1463	1394	142.125	224.359	NaN
803	0803-1399	69855.358	385.949	1390	1403	41.634	256.410	NaN
804	0804-1401	50336.949	317.292	33	1398	135.000	224.359	NaN
805	0805-1407	329758.383	871.889	48	1400	162.897	544.872	NaN
806	0806-1402	50336.949	317.292	180	1399	135.000	224.359	NaN
807	0807-1403	50336.949	317.292	161	1400	135.000	224.359	NaN
808	0808-1410	216757.068	716.688	1018	1400	116.565	384.615	NaN
809	0809-1404	64718.935	362.619	1664	1408	45.000	256.410	NaN
810	0810-1405	82182.774	435.945	1602	1401	143.973	256.410	NaN
811	0811-1408	50336.949	317.292	1763	1405	135.000	224.359	NaN
812	0812-1419	406804.734	978.483	169	1406	121.608	608.974	NaN
813	0813-1410	97592.045	462.250	1538	1415	33.690	288.462	NaN
814	0814-1414	271203.156	1075.033	865	1422	26.565	407.946	NaN
815	0815-1430	1297460.552	1593.887	10	1445	15.154	1375.261	NaN
816	0816-1413	86291.913	431.206	201	1418	48.013	288.462	NaN
817	0817-1412	71909.928	385.949	924	1408	138.366	256.410	NaN
818	0818-1412	50336.949	317.292	915	1409	135.000	224.359	NaN
819	0819-1521	22325977.975	7282.063	1057	1409	99.628	4962.055	NaN
820	0820-1420	215729.783	748.245	352	1412	133.264	483.714	NaN
821	0821-1418	72937.212	385.949	649	1423	48.366	256.410	NaN
822	0822-1438	1519354.043	2154.838	621	1426	157.249	1403.846	NaN
823	0823-1421	132519.724	525.680	968	1415	127.569	352.564	NaN
824	0824-1422	64718.935	362.619	1778	1418	135.000	256.410	NaN
825	0825-1426	189020.381	685.927	928	1419	142.595	421.702	NaN
826	0826-1427	228057.199	771.897	1459	1435	41.634	493.656	NaN
827	0827-1425	86291.913	435.945	1572	1429	36.027	256.410	NaN
828	0828-1496	13714250.493	6344.859	669	1543	29.673	3424.065	NaN
829	0829-1428	85264.629	435.945	1655	1424	143.973	256.410	NaN
830	0830-1435	280448.718	771.897	147	1443	48.366	512.821	NaN
831	0831-1428	50336.949	317.292	1444	1425	135.000	224.359	NaN
832	0832-1513	19264669.625	7074.699	149	1594	46.836	5298.849	NaN
833	0833-1433	138683.432	567.045	1476	1439	42.709	384.615	NaN
834	0834-1435	202375.082	730.882	991	1442	37.875	442.613	NaN
835	0835-1434	121219.592	500.657	1634	1429	140.194	352.564	NaN
836	0836-1433	57527.942	340.710	1697	1430	138.814	224.359	NaN
837	0837-1441	381122.617	934.447	76	1445	22.166	641.026	NaN
838	0838-1438	111974.030	500.657	1615	1444	39.806	352.564	NaN
839	0839-1522	12137368.508	5852.059	1742	1439	110.519	3381.007	NaN
840	0840-1457	964620.316	1433.377	94	1454	169.695	1190.847	NaN
841	0841-1519	7639916.174	5246.434	892	1438	95.258	2410.263	NaN
842	0842-1490	6281845.825	3745.066	337	1541	60.803	2478.762	NaN
843	0843-1454	406804.734	942.656	1962	1468	72.181	673.077	NaN
844	0844-1447	69855.358	385.949	1457	1452	48.366	256.410	NaN
845	0845-1447	70882.643	385.949	1522	1451	41.634	256.410	NaN
846	0846-1449	69855.358	385.949	959	1445	138.366	256.410	NaN
847	0847-1449	69855.358	385.949	1542	1453	41.634	256.410	NaN
848	0848-1452	50336.949	317.292	1494	1449	135.000	224.359	NaN
849	0849-1490	4136875.411	3935.918	446	1514	30.324	1969.315	NaN
850	0850-1458	114028.600	533.440	625	1465	57.265	288.462	NaN
851	0851-1458	118137.738	506.775	973	1452	124.695	352.564	NaN
852	0852-1470	724235.700	1236.781	62	1460	148.782	1021.236	NaN
853	0853-1461	80128.205	410.457	1594	1456	128.660	256.410	NaN
854	0854-1462	84237.344	431.206	1548	1467	48.013	288.462	NaN
855	0855-1461	57527.942	340.710	959	1458	138.814	224.359	NaN
856	0856-1486	1195759.369	1500.603	29	1509	70.017	1057.692	NaN
857	0857-1468	64718.935	362.619	145	1464	135.000	256.410	NaN
858	0858-1532	6730769.231	5191.912	491	1600	57.095	2330.622	NaN
859	0859-1477	534188.034	1318.785	590	1473	154.058	692.120	NaN
860	0860-1477	354413.215	942.656	635	1465	125.311	519.346	NaN
861	0861-1469	81155.490	407.946	1247	1474	45.000	288.462	NaN
862	0862-1480	516724.195	1301.535	944	1492	37.999	832.109	NaN
863	0863-1474	122246.877	612.339	1482	1481	47.121	339.955	NaN
864	0864-1548	12328443.458	5353.428	1647	1628	70.046	4010.579	NaN
865	0865-1475	64718.935	362.619	1513	1471	135.000	256.410	NaN
866	0866-1478	129437.870	560.668	140	1473	149.036	320.513	NaN
867	0867-1479	89373.767	435.945	985	1485	53.973	256.410	NaN
868	0868-1477	50336.949	317.292	1238	1474	135.000	224.359	NaN
869	0869-1484	236275.477	731.584	1527	1474	118.811	416.667	NaN
870	0870-1479	57527.942	340.710	1991	1475	131.186	224.359	NaN
871	0871-1486	95537.475	435.945	433	1492	53.973	288.462	NaN
872	0872-1502	576306.706	1609.281	582	1483	134.193	861.220	NaN
873	0873-1488	57527.942	340.710	1498	1484	131.186	224.359	NaN
874	0874-1544	6936226.167	4759.588	1134	1599	44.454	2798.673	NaN
875	0875-1494	130465.155	500.657	1481	1499	39.806	384.615	NaN
876	0876-1493	81155.490	410.457	1370	1497	38.660	256.410	NaN
877	0877-1494	50336.949	317.292	131	1491	135.000	224.359	NaN
878	0878-1522	1094058.185	2044.510	994	1554	80.981	737.179	NaN
879	0879-1495	57527.942	340.710	1456	1491	131.186	224.359	NaN
880	0880-1496	50336.949	317.292	177	1493	135.000	224.359	NaN
881	0881-1610	20448101.578	7545.406	828	1728	86.591	4124.790	NaN
882	0882-1536	4171803.090	3600.316	1400	1577	34.114	2130.216	NaN
883	0883-1501	146901.709	589.256	1261	1508	45.000	401.346	NaN
884	0884-1519	1427925.707	1860.631	63	1503	137.793	1470.833	NaN
885	0885-1498	50336.949	317.292	621	1495	135.000	224.359	NaN
886	0886-1500	64718.935	362.619	431	1504	45.000	256.410	NaN
887	0887-1499	79100.920	417.898	1293	1496	147.529	224.359	NaN
888	0888-1500	50336.949	317.292	1318	1497	135.000	224.359	NaN
889	0889-1507	427350.427	1251.643	403	1505	166.675	569.607	NaN
890	0890-1541	6376356.016	3971.385	2176	1566	25.324	2539.407	NaN
891	0891-1511	190047.666	660.754	132	1517	39.094	444.347	NaN
892	0892-1517	266066.732	827.147	957	1528	54.462	576.923	NaN
893	0893-1511	50336.949	317.292	636	1508	135.000	224.359	NaN
894	0894-1516	57527.942	340.710	1268	1513	138.814	224.359	NaN
895	0895-1526	91428.337	462.250	622	1522	146.310	256.410	NaN
896	0896-1530	136628.863	521.757	572	1536	47.490	384.615	NaN
897	0897-1540	260930.309	989.445	1279	1554	65.095	405.728	NaN
898	0898-1537	405777.449	1209.485	403	1547	32.005	577.813	NaN
899	0899-1536	82182.774	431.206	132	1532	138.013	288.462	NaN
900	0900-1601	8429898.093	5906.661	509	1664	41.040	2647.001	NaN
901	0901-1537	50336.949	317.292	1548	1534	135.000	224.359	NaN
902	0902-1555	607125.247	1358.309	953	1535	109.290	833.333	NaN
903	0903-1541	97592.045	480.769	1556	1535	126.870	288.462	NaN
904	0904-1540	87319.198	431.206	1612	1545	48.013	288.462	NaN
905	0905-1562	1657010.191	2279.475	412	1586	27.646	1530.934	NaN
906	0906-1541	57527.942	340.710	569	1537	131.186	224.359	NaN
907	0907-1542	72937.212	385.949	119	1547	48.366	256.410	NaN
908	0908-1543	65746.220	362.619	1583	1539	135.000	256.410	NaN
909	0909-1547	79100.920	410.457	1304	1551	38.660	256.410	NaN
910	0910-1564	546515.450	1250.000	377	1582	67.380	762.568	NaN
911	0911-1558	57527.942	340.710	1530	1554	131.186	224.359	NaN
912	0912-1650	14941855.687	6111.298	2014	1744	74.798	4251.198	NaN
913	0913-1565	203402.367	801.282	106	1573	36.870	402.954	NaN
914	0914-1563	80128.205	407.946	135	1568	45.000	288.462	NaN
915	0915-1563	69855.358	385.949	674	1568	48.366	256.410	NaN
916	0916-1585	960511.177	1634.301	2119	1601	25.560	888.694	NaN
917	0917-1572	57527.942	340.710	980	1568	131.186	224.359	NaN
918	0918-1578	197238.659	616.519	126	1570	117.897	416.667	NaN
919	0919-1628	3890327.087	3681.296	1009	1571	97.001	1601.070	NaN
920	0920-1576	50336.949	317.292	1508	1573	135.000	224.359	NaN
921	0921-1580	142792.571	615.685	345	1575	141.340	377.670	NaN
922	0922-1579	90401.052	431.206	2088	1575	138.013	288.462	NaN
923	0923-1593	533160.750	1075.033	312	1608	63.435	825.374	NaN
924	0924-1584	76019.066	410.457	1253	1589	51.340	256.410	NaN
925	0925-1598	503369.494	1226.773	670	1582	123.275	748.062	NaN
926	0926-1585	50336.949	317.292	1557	1582	135.000	224.359	NaN
927	0927-1592	164365.549	636.200	708	1585	130.914	430.610	NaN
928	0928-1628	10826553.254	6293.325	2127	1646	6.727	2677.344	NaN
929	0929-1591	50336.949	317.292	114	1588	135.000	224.359	NaN
930	0930-1617	1774120.644	2471.276	1796	1646	46.577	1368.669	NaN
931	0931-1594	64718.935	365.441	1481	1590	127.875	224.359	NaN
932	0932-1595	64718.935	362.619	695	1591	135.000	256.410	NaN
933	0933-1625	2542529.586	2138.808	418	1595	109.250	1893.242	NaN
934	0934-1599	95537.475	455.534	1503	1605	50.711	288.462	NaN
935	0935-1599	77046.351	407.946	137	1604	45.000	288.462	NaN
936	0936-1629	2808596.318	2254.552	363	1664	75.174	1761.249	NaN
937	0937-1638	3596523.669	2981.458	1431	1681	63.159	1716.276	NaN
938	0938-1620	1692965.155	2254.552	158	1605	165.174	1155.687	NaN
939	0939-1647	6847879.684	4522.866	1121	1697	40.689	2162.710	NaN
940	0940-1600	57527.942	340.710	1404	1597	138.814	224.359	NaN
941	0941-1606	121219.592	500.657	651	1612	50.194	352.564	NaN
942	0942-1691	9723249.507	5859.690	710	1781	79.919	3164.117	NaN
943	0943-1638	2501438.199	2429.563	1391	1676	81.656	1506.410	NaN
944	0944-1607	71909.928	365.441	1256	1604	142.125	256.410	NaN
945	0945-1607	72937.212	385.949	1562	1612	48.366	256.410	NaN
946	0946-1606	50336.949	317.292	1858	1603	135.000	224.359	NaN
947	0947-1611	154092.702	551.431	664	1604	125.538	384.615	NaN
948	0948-1611	141765.286	567.045	1347	1618	47.291	385.283	NaN
949	0949-1611	50336.949	317.292	474	1608	135.000	224.359	NaN
950	0950-1693	16563938.199	7027.495	22	1642	168.690	4722.298	NaN
951	0951-1620	235248.192	688.170	248	1630	62.241	480.769	NaN
952	0952-1617	121219.592	506.775	1504	1624	55.305	320.513	NaN
953	0953-1627	708826.430	1360.576	902	1643	46.909	910.175	NaN
954	0954-1666	3849235.700	3671.236	937	1616	114.775	1828.872	NaN
955	0955-1615	64718.935	365.441	1522	1612	142.125	224.359	NaN
956	0956-1619	107864.892	476.477	2101	1625	47.726	320.513	NaN
957	0957-1704	17819280.079	6623.768	1515	1793	59.464	4596.167	NaN
958	0958-1624	149983.563	588.383	108	1616	119.358	320.513	NaN
959	0959-1626	241411.900	827.147	637	1616	125.538	481.032	NaN
960	0960-1624	108892.176	489.242	1320	1631	58.392	288.462	NaN
961	0961-1623	71909.928	385.949	679	1619	131.634	256.410	NaN
962	0962-1624	57527.942	340.710	473	1620	131.186	224.359	NaN
963	0963-1645	1446416.831	2067.246	232	1647	7.125	1217.949	NaN
964	0964-1631	65746.220	362.619	2329	1627	135.000	256.410	NaN
965	0965-1635	149983.563	525.680	1286	1640	37.569	384.615	NaN
966	0966-1634	93482.906	455.534	1341	1640	50.711	288.462	NaN
967	0967-1634	57527.942	340.710	312	1631	138.814	224.359	NaN
968	0968-1634	79100.920	417.898	457	1631	147.529	224.359	NaN
969	0969-1639	81155.490	385.949	539	1635	131.634	288.462	NaN
970	0970-1641	118137.738	500.657	1306	1636	140.194	320.513	NaN
971	0971-1659	1655982.906	2098.074	1058	1674	34.418	1363.282	NaN
972	0972-1643	50336.949	317.292	933	1640	135.000	224.359	NaN
973	0973-1650	240384.615	791.608	626	1656	31.759	431.080	NaN
974	0974-1647	50336.949	317.292	1269	1644	135.000	224.359	NaN
975	0975-1650	103755.753	462.250	603	1655	33.690	288.462	NaN
976	0976-1675	1214250.493	2019.485	895	1701	54.039	1118.630	NaN
977	0977-1730	13196499.014	5281.853	1184	1804	66.391	3566.111	NaN
978	0978-1656	72937.212	385.949	1324	1652	138.366	256.410	NaN
979	0979-1666	444814.267	1091.627	2133	1678	49.764	792.261	NaN
980	0980-1679	1354988.494	1765.441	326	1653	105.803	1173.979	NaN
981	0981-1663	146901.709	645.020	409	1658	153.435	318.038	NaN
982	0982-1664	57527.942	340.710	432	1661	138.814	224.359	NaN
983	0983-1669	117110.454	521.757	471	1675	47.490	352.564	NaN
984	0984-1666	64718.935	365.441	2102	1663	142.125	224.359	NaN
985	0985-1669	71909.928	391.236	567	1664	124.992	224.359	NaN
986	0986-1671	115055.884	525.680	543	1678	52.431	320.513	NaN
987	0987-1670	111974.030	498.601	637	1676	45.000	352.564	NaN
988	0988-1673	175665.680	745.494	392	1669	154.537	339.955	NaN
989	0989-1674	79100.920	417.898	420	1669	122.471	224.359	NaN
990	0990-1678	291748.849	871.889	289	1686	36.027	544.872	NaN
991	0991-1676	101701.183	462.250	1289	1670	123.690	288.462	NaN
992	0992-1673	57527.942	340.710	1331	1670	138.814	224.359	NaN
993	0993-1677	122246.877	480.769	378	1674	143.130	352.564	NaN
994	0994-1676	63691.650	362.619	1267	1672	135.000	256.410	NaN
995	0995-1677	81155.490	410.457	869	1681	38.660	256.410	NaN
996	0996-1677	50336.949	317.292	366	1674	135.000	224.359	NaN
997	0997-1679	72937.212	385.949	2181	1675	131.634	256.410	NaN
998	0998-1695	946129.191	1518.636	224	1711	45.855	1178.511	NaN
999	0999-1681	70882.643	385.949	640	1677	131.634	256.410	NaN
1000	1000-1682	71909.928	365.441	443	1679	142.125	256.410	NaN
1001	1001-1683	57527.942	340.710	688	1680	138.814	224.359	NaN
1002	1002-1688	119165.023	573.351	2004	1696	63.435	256.410	NaN
1003	1003-1684	78073.636	407.946	2420	1680	135.000	288.462	NaN
1004	1004-1756	7665598.291	5205.547	1298	1830	61.699	2220.198	NaN
1005	1005-1689	208538.790	660.754	2079	1683	140.906	416.667	NaN
1006	1006-1690	120192.308	480.769	484	1696	53.130	320.513	NaN
1007	1007-1689	71909.928	385.949	548	1694	48.366	256.410	NaN
1008	1008-1705	1205004.931	1585.810	2150	1717	14.036	1256.427	NaN
1009	1009-1702	606097.962	1321.508	366	1719	50.906	854.334	NaN
1010	1010-1691	88346.483	410.457	611	1696	51.340	288.462	NaN
1011	1011-1742	4805637.738	3983.266	1017	1797	55.159	1997.297	NaN
1012	1012-1692	71909.928	365.441	438	1688	127.875	256.410	NaN
1013	1013-1694	103755.753	417.898	1403	1690	147.529	320.513	NaN
1014	1014-1698	158201.841	544.872	516	1691	118.072	384.615	NaN
1015	1015-1738	5343934.911	3196.302	43	1692	111.161	2466.534	NaN
1016	1016-1700	499260.355	1383.784	2102	1698	166.608	510.053	NaN
1017	1017-1700	98619.329	489.242	599	1707	58.392	256.410	NaN
1018	1018-1698	153065.417	645.020	643	1703	26.565	288.462	NaN
1019	1019-1702	122246.877	516.811	788	1695	119.745	288.462	NaN
1020	1020-1784	10036571.335	6195.439	1356	1871	61.579	2753.987	NaN
1021	1021-1705	64718.935	362.619	302	1709	45.000	256.410	NaN
1022	1022-1705	143819.855	560.668	572	1701	149.036	288.462	NaN
1023	1023-1708	113001.315	455.534	665	1712	39.289	320.513	NaN
1024	1024-1707	57527.942	340.710	399	1704	138.814	224.359	NaN
1025	1025-1773	10829635.108	6457.677	1995	1810	21.854	3273.642	NaN
1026	1026-1710	71909.928	385.949	535	1714	41.634	256.410	NaN
1027	1027-1710	64718.935	365.441	851	1707	142.125	224.359	NaN
1028	1028-1763	5139505.260	3845.219	1102	1819	68.997	2290.393	NaN
1029	1029-1720	244493.754	756.437	480	1730	53.616	448.718	NaN
1030	1030-1723	357495.069	846.178	557	1711	127.304	688.021	NaN
1031	1031-1716	78073.636	407.946	292	1721	45.000	288.462	NaN
1032	1032-1733	666707.758	1448.349	1270	1754	65.136	714.822	NaN
1033	1033-1718	50336.949	317.292	282	1715	135.000	224.359	NaN
1034	1034-1723	147928.994	573.351	629	1715	116.565	320.513	NaN
1035	1035-1741	1000575.279	1877.943	895	1767	62.560	954.113	NaN
1036	1036-1718	50336.949	317.292	1997	1715	135.000	224.359	NaN
1037	1037-1720	86291.913	431.206	517	1725	41.987	288.462	NaN
1038	1038-1735	691362.590	1720.052	288	1741	26.565	986.386	NaN
1039	1039-1770	5297707.101	3488.882	953	1717	100.587	2435.897	NaN
1040	1040-1731	449950.690	1166.684	647	1742	37.185	619.777	NaN
1041	1041-1748	2199416.502	2594.769	183	1766	25.615	1302.730	NaN
1042	1042-1729	302021.696	947.006	339	1725	156.038	471.433	NaN
1043	1043-1730	205456.936	636.200	367	1737	40.914	480.769	NaN
1044	1044-1726	50336.949	317.292	538	1723	135.000	224.359	NaN
1045	1045-1737	158201.841	705.856	511	1746	50.528	416.624	NaN
1046	1046-1736	178747.535	570.657	414	1730	141.843	448.718	NaN
1047	1047-1734	153065.417	551.431	578	1739	35.538	352.564	NaN
1048	1048-1734	57527.942	340.710	391	1731	138.814	224.359	NaN
1049	1049-1735	50336.949	317.292	438	1732	135.000	224.359	NaN
1050	1050-1736	82182.774	407.946	609	1741	45.000	288.462	NaN
1051	1051-1740	151010.848	573.351	773	1748	63.435	320.513	NaN
1052	1052-1752	708826.430	1467.725	808	1733	121.608	1199.922	NaN
1053	1053-1743	57527.942	340.710	540	1739	131.186	224.359	NaN
1054	1054-1744	57527.942	340.710	326	1741	138.814	224.359	NaN
1055	1055-1765	700608.153	1593.887	1473	1789	74.846	608.974	NaN
1056	1056-1750	163338.264	596.188	463	1743	126.254	448.718	NaN
1057	1057-1748	80128.205	407.946	557	1753	45.000	288.462	NaN
1058	1058-1751	183883.958	702.939	153	1747	155.772	362.630	NaN
1059	1059-1819	5880177.515	4742.940	350	1893	83.403	2101.321	NaN
1060	1060-1754	166420.118	612.339	848	1748	132.879	416.667	NaN
1061	1061-1763	620479.947	1648.383	502	1752	153.435	961.538	NaN
1062	1062-1754	134574.293	616.519	441	1759	27.897	288.462	NaN
1063	1063-1755	164365.549	631.337	603	1758	23.962	320.513	NaN
1064	1064-1794	2874342.538	2904.490	231	1836	67.964	1714.759	NaN
1065	1065-1758	50336.949	317.292	18	1755	135.000	224.359	NaN
1066	1066-1760	104783.037	455.534	761	1755	140.711	320.513	NaN
1067	1067-1760	50336.949	317.292	310	1757	135.000	224.359	NaN
1068	1068-1762	87319.198	410.457	555	1767	51.340	288.462	NaN
1069	1069-1768	220866.206	748.245	382	1760	133.264	512.821	NaN
1070	1070-1771	271203.156	801.282	804	1782	53.130	480.769	NaN
1071	1071-1767	127383.300	551.431	677	1762	144.462	320.513	NaN
1072	1072-1766	57527.942	340.710	862	1763	138.814	224.359	NaN
1073	1073-1768	98619.329	480.769	493	1764	143.130	288.462	NaN
1074	1074-1781	536242.604	1253.693	1263	1798	57.529	700.926	NaN
1075	1075-1771	64718.935	362.619	303	1775	45.000	256.410	NaN
1076	1076-1770	50336.949	317.292	780	1767	135.000	224.359	NaN
1077	1077-1772	71909.928	385.949	431	1777	48.366	256.410	NaN
1078	1078-1777	257848.455	819.034	834	1770	149.421	448.718	NaN
1079	1079-1776	160256.410	659.976	19	1782	29.055	352.564	NaN
1080	1080-1777	93482.906	473.232	750	1771	118.301	224.359	NaN
1081	1081-1775	50336.949	317.292	586	1772	135.000	224.359	NaN
1082	1082-1781	50336.949	317.292	573	1778	135.000	224.359	NaN
1083	1083-1793	652325.773	1182.427	661	1780	147.171	929.487	NaN
1084	1084-1884	15272641.354	7335.333	453	1787	122.510	3162.818	NaN
1085	1085-1785	50336.949	317.292	101	1782	135.000	224.359	NaN
1086	1086-1786	64718.935	362.619	908	1790	45.000	256.410	NaN
1087	1087-1789	114028.600	480.769	436	1795	53.130	320.513	NaN
1088	1088-1793	167447.403	648.989	611	1802	57.095	416.667	NaN
1089	1089-1796	321540.105	907.680	116	1786	132.138	634.583	NaN
1090	1090-1789	71909.928	391.236	624	1786	145.008	224.359	NaN
1091	1091-1814	1293351.414	1875.753	855	1786	106.887	1179.108	NaN
1092	1092-1837	6282873.110	3694.249	124	1872	44.648	2790.547	NaN
1093	1093-1796	228057.199	775.879	696	1787	128.290	557.199	NaN
1094	1094-1794	72937.212	385.949	887	1798	41.634	256.410	NaN
1095	1095-1838	3718770.546	3019.292	1057	1885	80.838	2091.120	NaN
1096	1096-1801	202375.082	685.927	47	1796	142.595	452.350	NaN
1097	1097-1854	3311965.812	3894.066	414	1794	98.997	1339.534	NaN
1098	1098-1924	21861645.299	8253.127	1152	1796	93.562	5131.802	NaN
1099	1099-1804	87319.198	431.206	573	1809	48.013	288.462	NaN
1100	1100-1815	323594.675	841.308	690	1803	107.745	641.026	NaN
1101	1101-1903	13648504.274	6535.319	1367	1997	68.720	4228.462	NaN
1102	1102-1822	425295.858	974.802	84	1814	152.592	737.424	NaN
1103	1103-1832	622534.517	1464.572	1241	1853	66.801	714.261	NaN
1104	1104-1843	1094058.185	2037.211	1464	1812	102.724	769.231	NaN
1105	1105-1854	3861563.116	3072.245	881	1888	23.356	2403.846	NaN
1106	1106-1847	1997041.420	2134.721	17	1870	48.652	1426.117	NaN
1107	1107-1911	13514957.265	6375.950	280	1820	113.085	4083.745	NaN
1108	1108-1835	327703.813	974.802	556	1825	133.668	595.592	NaN
1109	1109-1826	50336.949	317.292	1503	1823	135.000	224.359	NaN
1110	1110-1913	9419173.241	5865.034	1296	2003	78.015	2307.692	NaN
1111	1111-1829	63691.650	362.619	710	1825	135.000	256.410	NaN
1112	1112-1835	64718.935	365.441	328	1831	127.875	224.359	NaN
1113	1113-1837	70882.643	385.949	545	1833	131.634	256.410	NaN
1114	1114-1836	57527.942	340.710	665	1833	138.814	224.359	NaN
1115	1115-1842	105810.322	489.242	592	1849	58.392	288.462	NaN
1116	1116-1902	5923323.471	4334.869	1221	1964	66.468	2869.867	NaN
1117	1117-1847	69855.358	385.949	978	1852	48.366	256.410	NaN
1118	1118-1849	57527.942	340.710	555	1845	131.186	224.359	NaN
1119	1119-1850	70882.643	385.949	655	1846	131.634	256.410	NaN
1120	1120-1874	546515.450	1571.820	596	1898	73.413	537.407	NaN
1121	1121-1964	15285996.055	7755.218	1004	1852	111.582	3846.561	NaN
1122	1122-1859	95537.475	453.274	569	1854	135.000	320.513	NaN
1123	1123-1859	94510.191	453.274	1631	1864	45.000	320.513	NaN
1124	1124-1860	64718.935	365.441	660	1856	127.875	224.359	NaN
1125	1125-1860	50336.949	317.292	116	1857	135.000	224.359	NaN
1126	1126-1931	10309829.060	4892.416	47	2001	68.477	3309.538	NaN
1127	1127-1899	1619000.657	2451.452	854	1865	115.560	1232.569	NaN
1128	1128-1871	71909.928	365.441	313	1867	127.875	256.410	NaN
1129	1129-1871	90401.052	431.206	2001	1876	41.987	288.462	NaN
1130	1130-1883	603016.108	1246.708	561	1898	46.042	829.440	NaN
1131	1131-1886	665680.473	1231.370	656	1903	38.660	1027.373	NaN
1132	1132-1876	88346.483	431.206	1606	1881	41.987	288.462	NaN
1133	1133-1893	385231.755	1091.627	633	1883	130.236	632.971	NaN
1134	1134-1883	50336.949	317.292	321	1880	135.000	224.359	NaN
1135	1135-1887	118137.738	500.657	539	1881	129.806	352.564	NaN
1136	1136-1893	71909.928	391.236	974	1888	124.992	224.359	NaN
1137	1137-1894	132519.724	525.680	319	1899	37.569	352.564	NaN
1138	1138-1895	50336.949	317.292	940	1892	135.000	224.359	NaN
1139	1139-1904	229084.484	788.357	581	1915	63.435	416.667	NaN
1140	1140-1897	70882.643	385.949	957	1893	131.634	256.410	NaN
1141	1141-2005	18011382.314	7574.214	106	2116	69.955	3492.687	NaN
1142	1142-1899	57527.942	340.710	344	1896	138.814	224.359	NaN
1143	1143-1909	95537.475	431.206	921	1914	41.987	320.513	NaN
1144	1144-1913	50336.949	317.292	1512	1910	135.000	224.359	NaN
1145	1145-1920	142792.571	560.668	597	1913	120.964	320.513	NaN
1146	1146-1964	3157873.110	3679.761	411	1920	127.569	1632.759	NaN
1147	1147-1926	63691.650	362.619	560	1930	45.000	256.410	NaN
1148	1148-1932	207511.506	659.976	953	1935	29.055	463.829	NaN
1149	1149-1967	1928213.346	2757.156	1070	1926	107.592	1317.273	NaN
1150	1150-1931	50336.949	317.292	930	1928	135.000	224.359	NaN
1151	1151-1935	79100.920	407.946	585	1940	45.000	288.462	NaN
1152	1152-1935	50336.949	317.292	893	1932	135.000	224.359	NaN
1153	1153-1937	57527.942	340.710	617	1934	138.814	224.359	NaN
1154	1154-1942	116083.169	480.769	881	1948	53.130	320.513	NaN
1155	1155-1949	298939.842	860.026	929	1961	63.435	487.348	NaN
1156	1156-1955	341058.514	1405.879	873	1970	43.152	449.639	NaN
1157	1157-1948	50336.949	317.292	865	1945	135.000	224.359	NaN
1158	1158-2063	18318540.434	7519.766	381	2180	85.845	3983.311	NaN
1159	1159-1952	57527.942	340.710	873	1948	131.186	224.359	NaN
1160	1160-1958	192102.235	602.189	613	1967	64.799	416.667	NaN
1161	1161-1983	2136752.137	2674.314	243	1956	135.000	1800.262	NaN
1162	1162-1959	169501.972	615.685	940	1967	51.340	416.667	NaN
1163	1163-1962	94510.191	476.477	956	1957	132.274	320.513	NaN
1164	1164-1968	165392.834	681.420	1238	1975	41.186	373.717	NaN
1165	1165-2033	6923898.751	4779.511	216	1963	111.231	2241.100	NaN
1166	1166-1968	50336.949	317.292	928	1965	135.000	224.359	NaN
1167	1167-1975	50336.949	317.292	581	1972	135.000	224.359	NaN
1168	1168-1977	105810.322	500.657	623	1972	140.194	320.513	NaN
1169	1169-1979	241411.900	808.938	1271	1986	33.690	419.366	NaN
1170	1170-1988	426323.143	865.978	292	1978	141.009	673.077	NaN
1171	1171-1983	79100.920	410.457	1122	1978	128.660	256.410	NaN
1172	1172-1986	144847.140	551.431	637	1993	54.462	352.564	NaN
1173	1173-1987	50336.949	317.292	888	1984	135.000	224.359	NaN
1174	1174-1992	50336.949	317.292	331	1989	135.000	224.359	NaN
1175	1175-1993	50336.949	317.292	1113	1990	135.000	224.359	NaN
1176	1176-2008	357495.069	1226.773	1124	1990	109.855	447.727	NaN
1177	1177-2073	17829552.926	6110.457	487	2148	54.392	4133.081	NaN
1178	1178-2003	57527.942	340.710	1312	1999	131.186	224.359	NaN
1179	1179-2041	2451101.249	2833.051	331	2000	111.922	1449.377	NaN
1180	1180-2009	259903.024	796.137	632	2000	130.101	506.775	NaN
1181	1181-2010	57527.942	340.710	1345	2007	138.814	224.359	NaN
1182	1182-2013	147928.994	525.680	1400	2019	37.569	384.615	NaN
1183	1183-2015	71909.928	365.441	621	2012	142.125	256.410	NaN
1184	1184-2014	50336.949	317.292	957	2011	135.000	224.359	NaN
1185	1185-2064	5667529.586	3395.772	40	2113	72.420	2467.949	NaN
1186	1186-2022	152038.133	589.256	1114	2016	135.000	416.667	NaN
1187	1187-2023	64718.935	362.619	904	2027	45.000	256.410	NaN
1188	1188-2065	2890779.093	3031.346	288	2028	123.354	1734.874	NaN
1189	1189-2032	57527.942	340.710	934	2028	131.186	224.359	NaN
1190	1190-2043	244493.754	693.375	1117	2048	33.690	544.872	NaN
1191	1191-2049	64718.935	365.441	1139	2045	127.875	224.359	NaN
1192	1192-2060	136628.863	645.020	970	2051	116.565	303.876	NaN
1193	1193-2055	50336.949	317.292	631	2052	135.000	224.359	NaN
1194	1194-2060	170529.257	666.944	1058	2069	54.782	430.013	NaN
1195	1195-2058	115055.884	480.769	1122	2053	143.130	320.513	NaN
1196	1196-2064	72937.212	385.949	1029	2060	131.634	256.410	NaN
1197	1197-2075	516724.195	1005.920	616	2070	157.521	737.179	NaN
1198	1198-2087	50336.949	317.292	618	2084	135.000	224.359	NaN
1199	1199-2096	70882.643	385.949	631	2092	131.634	256.410	NaN
1200	1200-2150	9175706.772	4309.795	144	2197	38.660	3141.026	NaN
1201	1201-2107	50336.949	317.292	74	2104	135.000	224.359	NaN
1202	1202-2153	9891724.195	4912.323	232	2183	176.634	2913.524	NaN
1203	1203-2160	4166666.667	2770.907	65	2196	60.173	2254.338	NaN
1204	1204-2126	71909.928	391.236	601	2121	124.992	224.359	NaN
1205	1205-2145	82182.774	410.457	601	2140	128.660	256.410	NaN
1206	1206-2147	64718.935	365.441	120	2144	142.125	224.359	NaN
1207	1207-2161	63691.650	362.619	365	2157	135.000	256.410	NaN
1208	1208-2163	241411.900	801.282	501	2157	163.740	384.615	NaN
1209	1209-2174	65746.220	362.619	577	2170	135.000	256.410	NaN
1210	1210-2187	50336.949	317.292	27	2184	135.000	224.359	NaN
1211	1211-2191	107864.892	455.534	434	2197	50.711	320.513	NaN
