 	Label	Area	Feret	FeretX	FeretY	FeretAngle	MinFeret	Perinuclei
1	0001-0044	7878246.220	4559.063	2457	21	158.124	2506.093	NaN
2	0002-0007	57527.942	340.710	2156	3	131.186	224.359	NaN
3	0003-0024	202375.082	622.323	1313	16	124.509	448.718	NaN
4	0004-0079	10712524.655	5732.970	1736	20	139.989	2929.487	NaN
5	0005-0036	141765.286	500.657	1330	30	140.194	384.615	NaN
6	0006-0068	2044296.515	2440.953	539	31	103.671	1193.585	NaN
7	0007-0071	1078648.915	2347.415	2603	41	124.992	826.301	NaN
8	0008-0056	461250.822	956.182	2044	65	39.560	712.230	NaN
9	0009-0052	321540.105	907.114	1331	44	147.995	512.821	NaN
10	0010-0051	71909.928	385.949	798	56	48.366	256.410	NaN
11	0011-0092	3480440.500	3441.597	1107	47	122.062	1825.832	NaN
12	0012-0054	85264.629	435.945	1913	50	143.973	256.410	NaN
13	0013-0073	984138.725	1551.759	2068	57	128.290	1103.848	NaN
14	0014-0086	3538995.726	2971.104	1888	53	137.186	1853.054	NaN
15	0015-0061	88346.483	431.206	778	57	138.013	288.462	NaN
16	0016-0082	1098167.324	1884.495	1323	63	138.447	1129.729	NaN
17	0017-0064	50336.949	317.292	1939	61	135.000	224.359	NaN
18	0018-0073	324621.959	841.308	965	66	139.635	641.026	NaN
19	0019-0087	347222.222	1058.178	943	75	125.134	576.738	NaN
20	0020-0079	88346.483	435.945	1017	74	126.027	256.410	NaN
21	0021-0079	50336.949	317.292	792	76	135.000	224.359	NaN
22	0022-0152	12658201.841	6694.423	1379	77	137.911	3028.875	NaN
23	0023-0110	2385355.030	2110.766	574	80	131.923	1728.295	NaN
24	0024-0083	50336.949	317.292	1007	80	135.000	224.359	NaN
25	0025-0089	107864.892	516.811	1214	82	119.745	256.410	NaN
26	0026-0135	7482741.617	4847.379	2545	97	144.418	2324.734	NaN
27	0027-0137	9560938.527	5862.582	2434	105	153.715	2416.978	NaN
28	0028-0128	2458292.242	2692.689	635	170	81.098	1356.233	NaN
29	0029-0146	4600180.802	3742.459	1033	92	118.101	1893.741	NaN
30	0030-0100	132519.724	521.757	663	95	137.490	352.564	NaN
31	0031-0102	134574.293	545.814	1962	96	139.764	384.615	NaN
32	0032-0102	64718.935	365.441	539	98	127.875	224.359	NaN
33	0033-0183	17208045.694	10316.829	1655	111	150.807	3034.795	NaN
34	0034-0109	430432.281	1003.876	974	105	163.301	662.668	NaN
35	0035-0125	1522435.897	2062.519	875	100	134.370	1443.809	NaN
36	0036-0180	8642546.022	5938.143	934	102	123.776	2478.506	NaN
37	0037-0136	1209114.070	1785.691	534	110	111.038	1181.269	NaN
38	0038-0172	12647928.994	5418.184	2222	217	26.717	3665.546	NaN
39	0039-0118	138683.432	567.045	1362	112	132.709	384.615	NaN
40	0040-0153	7291666.667	4744.564	1515	115	153.089	2411.086	NaN
41	0041-0174	14203238.001	7613.714	1869	152	162.862	3120.426	NaN
42	0042-0173	4385478.304	3952.847	1100	127	131.055	1972.087	NaN
43	0043-0138	481796.515	1040.063	1354	130	146.310	705.128	NaN
44	0044-0141	50336.949	317.292	760	138	135.000	224.359	NaN
45	0045-0195	12646901.709	7345.270	2379	159	159.034	2382.683	NaN
46	0046-0208	8282996.384	4464.227	573	143	111.038	2782.643	NaN
47	0047-0174	1514217.620	2244.734	1178	146	136.736	1107.409	NaN
48	0048-0170	850591.716	1647.448	1369	157	142.907	803.969	NaN
49	0049-0232	12246260.684	5704.858	877	153	116.709	3021.521	NaN
50	0050-0169	808473.044	1338.885	781	153	132.089	995.644	NaN
51	0051-0159	57527.942	340.710	480	155	131.186	224.359	NaN
52	0052-0161	64718.935	362.619	495	165	45.000	256.410	NaN
53	0053-0231	8932240.302	6097.583	1237	164	136.065	2125.741	NaN
54	0054-0171	224975.345	907.114	642	178	32.005	424.773	NaN
55	0055-0170	57527.942	340.710	862	166	131.186	224.359	NaN
56	0056-0178	90401.052	410.457	549	174	141.340	288.462	NaN
57	0057-0183	87319.198	407.946	816	178	135.000	288.462	NaN
58	0058-0185	72937.212	385.949	859	190	48.366	256.410	NaN
59	0059-0190	156147.272	560.668	535	198	59.036	384.615	NaN
60	0060-0189	119165.023	500.657	840	195	50.194	352.564	NaN
61	0061-0234	3703361.275	3398.192	652	184	115.115	1823.196	NaN
62	0062-0235	6944444.444	4139.085	1646	197	149.265	2576.798	NaN
63	0063-0193	50336.949	317.292	2593	190	135.000	224.359	NaN
64	0064-0199	203402.367	685.927	493	208	52.595	448.718	NaN
65	0065-0215	1309787.968	2228.429	797	193	139.667	1292.106	NaN
66	0066-0236	5806213.018	4090.778	1338	207	150.422	2548.486	NaN
67	0067-0197	64718.935	365.441	853	193	127.875	224.359	NaN
68	0068-0211	760190.664	1571.820	1731	198	140.793	889.077	NaN
69	0069-0201	119165.023	476.477	1038	196	137.726	352.564	NaN
70	0070-0207	212647.929	711.654	510	198	125.838	465.367	NaN
71	0071-0220	1432034.845	2051.532	1571	201	151.032	1055.790	NaN
72	0072-0217	178747.535	720.263	1781	228	69.146	288.462	NaN
73	0073-0212	64718.935	362.619	1049	208	135.000	256.410	NaN
74	0074-0281	10531722.551	5511.796	1106	210	124.337	3002.218	NaN
75	0075-0249	7165310.651	4307.888	2275	231	160.891	2274.276	NaN
76	0076-0266	4096811.308	3718.501	1199	219	125.882	1539.898	NaN
77	0077-0244	6144189.678	5132.210	1944	225	170.655	1730.769	NaN
78	0078-0236	1737138.396	2437.794	2399	218	155.120	1126.208	NaN
79	0079-0225	154092.702	589.256	1792	232	45.000	416.667	NaN
80	0080-0225	50336.949	317.292	1048	222	135.000	224.359	NaN
81	0081-0236	125328.731	500.657	1766	231	140.194	352.564	NaN
82	0082-0284	2278517.423	3570.519	1062	234	114.955	1611.507	NaN
83	0083-0239	57527.942	340.710	1495	236	138.814	224.359	NaN
84	0084-0351	23184787.968	8454.312	1471	241	123.088	4289.608	NaN
85	0085-0289	4829265.286	3232.098	285	239	97.407	2676.310	NaN
86	0086-0248	183883.958	756.437	1567	239	126.384	408.914	NaN
87	0087-0299	11790146.285	6937.678	1772	255	153.080	2493.940	NaN
88	0088-0272	2632930.638	2787.725	1593	241	134.534	1691.833	NaN
89	0089-0276	2951388.889	2545.001	2214	312	58.912	1702.489	NaN
90	0090-0261	908119.658	1692.356	828	248	142.696	1026.142	NaN
91	0091-0299	6604413.215	4545.975	518	246	148.551	2653.419	NaN
92	0092-0252	153065.417	588.383	488	257	29.358	320.513	NaN
93	0093-0252	57527.942	340.710	692	248	131.186	224.359	NaN
94	0094-0254	57527.942	340.710	2448	250	131.186	224.359	NaN
95	0095-0294	8100139.711	4410.634	2454	276	8.778	2764.502	NaN
96	0096-0279	778681.788	1530.763	70	257	109.573	769.231	NaN
97	0097-0284	1802884.615	1999.034	463	302	41.100	1424.790	NaN
98	0098-0309	15169912.886	7451.423	1955	307	3.699	2818.285	NaN
99	0099-0273	71909.928	385.949	1751	277	41.634	256.410	NaN
100	0100-0273	50336.949	317.292	1431	270	135.000	224.359	NaN
101	0101-0282	158201.841	725.238	996	290	45.000	425.874	NaN
102	0102-0323	11152202.498	6187.226	2233	314	171.660	2360.936	NaN
103	0103-0303	2197361.933	2626.250	2400	287	156.251	1518.073	NaN
104	0104-0300	689308.021	1429.430	1019	279	109.654	851.426	NaN
105	0105-0286	221893.491	679.910	1943	294	45.000	480.769	NaN
106	0106-0285	64718.935	362.619	1086	281	135.000	256.410	NaN
107	0107-0289	176692.965	659.976	367	285	150.945	384.615	NaN
108	0108-0340	13980317.226	7459.759	1684	298	161.721	2964.453	NaN
109	0109-0290	64718.935	362.619	1660	294	45.000	256.410	NaN
110	0110-0298	287639.711	761.850	420	287	112.249	544.872	NaN
111	0111-0292	50336.949	317.292	437	289	135.000	224.359	NaN
112	0112-0322	1765902.367	1999.034	1287	292	102.031	1331.480	NaN
113	0113-0331	3066444.773	2855.983	1394	306	135.909	1648.472	NaN
114	0114-0299	97592.045	431.206	1094	294	131.987	320.513	NaN
115	0115-0298	63691.650	362.619	1395	302	45.000	256.410	NaN
116	0116-0306	163338.264	693.375	894	297	123.690	363.575	NaN
117	0117-0356	6273627.548	4784.667	912	312	136.900	2814.040	NaN
118	0118-0303	64718.935	365.441	435	299	127.875	224.359	NaN
119	0119-0324	1911776.792	2047.773	665	349	50.080	1562.637	NaN
120	0120-0305	70882.643	385.949	522	301	131.634	256.410	NaN
121	0121-0343	3733152.531	3449.200	1613	308	142.172	1879.244	NaN
122	0122-0338	2948307.035	3063.707	389	304	137.968	1958.279	NaN
123	0123-0360	5170323.800	3583.442	496	415	79.695	2572.104	NaN
124	0124-0311	105810.322	476.477	1074	306	137.726	320.513	NaN
125	0125-0315	170529.257	622.323	994	307	124.509	352.564	NaN
126	0126-0312	64718.935	362.619	1588	308	135.000	256.410	NaN
127	0127-0365	5382971.729	3501.667	1335	318	113.749	2116.928	NaN
128	0128-0320	164365.549	632.150	347	314	149.534	416.667	NaN
129	0129-0320	63691.650	362.619	321	324	45.000	256.410	NaN
130	0130-0500	25717044.707	12082.356	1057	321	107.762	3402.886	NaN
131	0131-0390	14736398.751	5677.331	2090	365	154.592	4156.057	NaN
132	0132-0330	157174.556	590.996	72	323	130.601	407.946	NaN
133	0133-0489	33644600.592	10789.054	2402	651	69.842	5129.938	NaN
134	0134-0358	1938486.193	2421.092	214	353	173.157	1845.949	NaN
135	0135-0340	317430.966	720.263	57	351	69.146	608.974	NaN
136	0136-0348	764299.803	1292.028	316	350	29.745	1135.920	NaN
137	0137-0364	2372000.329	2266.821	1228	335	133.854	1480.919	NaN
138	0138-0339	50336.949	317.292	2557	336	135.000	224.359	NaN
139	0139-0342	106837.607	500.657	696	347	39.806	320.513	NaN
140	0140-0402	6873561.801	4213.494	879	468	85.200	2460.716	NaN
141	0141-0342	64718.935	362.619	79	338	135.000	256.410	NaN
142	0142-0343	138683.432	577.813	390	338	146.310	352.564	NaN
143	0143-0411	6550994.412	4821.881	629	338	102.281	1928.712	NaN
144	0144-0349	187993.097	648.989	358	341	122.905	416.667	NaN
145	0145-0404	14360412.558	6707.913	2235	350	158.707	3090.789	NaN
146	0146-0352	64718.935	365.441	928	348	127.875	224.359	NaN
147	0147-0439	15548980.934	5746.840	667	375	138.844	3903.476	NaN
148	0148-0358	119165.023	498.601	63	364	45.000	352.564	NaN
149	0149-0358	79100.920	417.898	81	353	122.471	224.359	NaN
150	0150-0439	12593482.906	5917.260	1138	354	112.954	3383.155	NaN
151	0151-0359	57527.942	340.710	345	356	138.814	224.359	NaN
152	0152-0410	7224893.162	3992.926	337	451	42.397	2983.341	NaN
153	0153-0365	50336.949	317.292	323	362	135.000	224.359	NaN
154	0154-0418	13835470.085	5566.229	1908	414	14.676	3510.824	NaN
155	0155-0371	161283.695	659.976	555	376	29.055	320.513	NaN
156	0156-0376	272230.440	1003.364	2641	384	26.565	434.479	NaN
157	0157-0413	4658736.029	3476.493	257	442	34.862	2211.538	NaN
158	0158-0381	287639.711	918.369	576	369	119.249	505.824	NaN
159	0159-0375	96564.760	455.534	294	380	39.289	320.513	NaN
160	0160-0376	63691.650	362.619	347	380	45.000	256.410	NaN
161	0161-0399	1383752.465	1903.749	1297	375	135.000	1149.845	NaN
162	0162-0401	862919.132	1906.445	1411	374	116.996	775.213	NaN
163	0163-0378	64718.935	365.441	36	375	142.125	224.359	NaN
164	0164-0382	85264.629	455.534	263	388	50.711	288.462	NaN
165	0165-0464	12530818.540	7011.323	1450	385	132.221	2605.770	NaN
166	0166-0396	745808.679	1391.557	542	397	165.324	897.436	NaN
167	0167-0446	11720290.927	6998.711	1694	391	147.911	2691.318	NaN
168	0168-0464	10534804.405	5199.524	940	387	108.323	2964.478	NaN
169	0169-0463	10836826.101	5984.756	1640	392	133.698	2801.412	NaN
170	0170-0395	50336.949	317.292	1681	392	135.000	224.359	NaN
171	0171-0424	2120315.582	2626.250	1833	411	156.251	1661.731	NaN
172	0172-0437	2382273.176	2413.017	448	474	73.009	1712.726	NaN
173	0173-0418	556788.297	1111.214	214	431	33.232	801.282	NaN
174	0174-0428	191074.951	705.856	1325	436	50.528	451.628	NaN
175	0175-0468	6261300.131	3282.715	540	511	62.684	2802.185	NaN
176	0176-0430	365713.346	964.206	1268	427	158.552	512.821	NaN
177	0177-0427	57527.942	340.710	515	423	131.186	224.359	NaN
178	0178-0426	50336.949	317.292	2650	423	135.000	224.359	NaN
179	0179-0446	1422789.283	1815.359	2062	467	42.138	1320.147	NaN
180	0180-0438	372904.339	947.006	495	450	23.962	721.880	NaN
181	0181-0458	1187541.091	1970.046	1397	430	111.975	1107.614	NaN
182	0182-0437	50336.949	317.292	193	434	135.000	224.359	NaN
183	0183-0454	748890.533	1382.670	2531	439	134.061	965.743	NaN
184	0184-0534	12411653.517	7282.063	1270	446	126.769	2734.037	NaN
185	0185-0471	1487508.218	2232.114	1339	439	111.038	1028.857	NaN
186	0186-0472	1849112.426	2118.539	821	441	107.613	1351.935	NaN
187	0187-0474	2095660.750	2448.097	193	506	43.939	1781.388	NaN
188	0188-0467	2048405.654	2262.966	2281	442	142.481	1465.100	NaN
189	0189-0596	41492028.271	9844.493	2209	748	79.495	8073.968	NaN
190	0190-0457	260930.309	862.412	1882	466	41.987	509.233	NaN
191	0191-0464	268121.302	874.830	173	476	61.557	565.000	NaN
192	0192-0457	50336.949	317.292	169	454	135.000	224.359	NaN
193	0193-0466	250657.462	838.862	1419	457	136.548	517.254	NaN
194	0194-0462	50336.949	317.292	519	459	135.000	224.359	NaN
195	0195-0482	1663173.899	2098.074	457	492	18.712	1378.205	NaN
196	0196-0506	6905407.627	4267.758	314	476	165.651	2652.969	NaN
197	0197-0501	8409352.400	5101.795	1892	480	159.402	2168.828	NaN
198	0198-0478	838264.300	1422.586	255	483	22.521	918.859	NaN
199	0199-0501	1661119.329	2484.750	1056	467	120.203	1412.918	NaN
200	0200-0471	57527.942	340.710	917	468	138.814	224.359	NaN
201	0201-0506	5523709.730	3526.515	2059	503	172.164	2435.897	NaN
202	0202-0479	121219.592	498.601	896	485	45.000	352.564	NaN
203	0203-0620	26155695.266	10961.585	1453	475	122.947	4280.255	NaN
204	0204-0488	64718.935	362.619	2057	492	45.000	256.410	NaN
205	0205-0492	82182.774	410.457	1421	488	141.340	256.410	NaN
206	0206-0492	50336.949	317.292	255	489	135.000	224.359	NaN
207	0207-0540	4167693.951	4135.112	1385	489	127.758	1738.242	NaN
208	0208-0496	162310.980	636.200	894	490	139.086	416.667	NaN
209	0209-0498	181829.389	679.910	236	506	45.000	462.250	NaN
210	0210-0497	57527.942	340.710	2278	493	131.186	224.359	NaN
211	0211-0499	57527.942	340.710	185	495	131.186	224.359	NaN
212	0212-0499	50336.949	317.292	1178	496	135.000	224.359	NaN
213	0213-0535	6360946.746	4053.822	558	537	4.989	2356.637	NaN
214	0214-0515	549597.304	1352.245	848	528	31.430	765.064	NaN
215	0215-0580	12147641.354	6081.303	1624	502	124.695	3182.415	NaN
216	0216-0510	235248.192	711.654	275	518	35.838	480.769	NaN
217	0217-0522	1053994.083	1923.611	1785	513	169.439	1082.771	NaN
218	0218-0566	9120233.399	4034.517	781	627	75.743	3360.693	NaN
219	0219-0514	179774.819	648.989	912	508	147.095	415.679	NaN
220	0220-0520	302021.696	952.953	507	510	137.726	565.391	NaN
221	0221-0516	50336.949	317.292	296	513	135.000	224.359	NaN
222	0222-0591	14048118.014	5556.624	990	549	140.618	3462.245	NaN
223	0223-0589	4777901.052	5377.074	1239	513	115.038	1518.403	NaN
224	0224-0517	57527.942	340.710	247	514	138.814	224.359	NaN
225	0225-0540	1591263.971	1822.419	477	566	55.751	1499.814	NaN
226	0226-0518	86291.913	445.271	1846	515	149.744	224.359	NaN
227	0227-0530	692389.875	1261.453	240	526	152.784	897.436	NaN
228	0228-0540	633834.648	1523.701	883	518	112.249	737.179	NaN
229	0229-0526	87319.198	435.945	873	532	53.973	256.410	NaN
230	0230-0571	10258464.826	5666.101	1873	541	158.078	2666.591	NaN
231	0231-0531	247575.608	720.263	174	524	147.724	480.769	NaN
232	0232-0543	570142.998	1292.028	293	525	119.745	751.877	NaN
233	0233-0537	405777.449	1033.623	203	546	29.745	669.188	NaN
234	0234-0535	107864.892	560.668	1851	543	59.036	279.849	NaN
235	0235-0532	50336.949	317.292	148	529	135.000	224.359	NaN
236	0236-0536	94510.191	410.457	1928	531	128.660	320.513	NaN
237	0237-0556	1452580.539	1806.282	409	550	152.526	1378.205	NaN
238	0238-0540	87319.198	431.206	855	535	131.987	288.462	NaN
239	0239-0546	415023.011	911.069	926	538	140.711	705.128	NaN
240	0240-0541	50336.949	317.292	1834	538	135.000	224.359	NaN
241	0241-0560	869082.840	1631.785	1720	540	135.000	968.947	NaN
242	0242-0547	357495.069	1216.261	1745	541	161.565	440.793	NaN
243	0243-0547	57527.942	340.710	181	543	131.186	224.359	NaN
244	0244-0559	817718.606	1348.060	243	551	161.996	897.436	NaN
245	0245-0554	215729.783	688.170	696	545	117.759	448.718	NaN
246	0246-0550	50336.949	317.292	190	547	135.000	224.359	NaN
247	0247-0553	106837.607	462.250	916	559	56.310	288.462	NaN
248	0248-0550	50336.949	317.292	1197	547	135.000	224.359	NaN
249	0249-0562	348249.507	1003.364	130	548	116.565	592.460	NaN
250	0250-0559	322567.390	1141.314	858	548	141.843	484.906	NaN
251	0251-0587	1792611.769	2646.318	945	627	73.101	1427.158	NaN
252	0252-0616	7033818.212	4622.502	1205	548	109.440	2386.488	NaN
253	0253-0585	3039735.371	2463.157	532	549	122.242	1978.962	NaN
254	0254-0558	127383.300	544.872	160	551	118.072	288.462	NaN
255	0255-0594	6985535.832	4372.387	1786	564	154.374	2479.771	NaN
256	0256-0563	71909.928	365.441	1843	559	127.875	256.410	NaN
257	0257-0586	1641600.920	2045.515	195	612	54.567	1570.873	NaN
258	0258-0572	379068.047	981.104	918	584	51.633	718.279	NaN
259	0259-0569	189020.381	660.754	339	561	129.094	416.667	NaN
260	0260-0591	1641600.920	1859.251	358	610	54.118	1415.961	NaN
261	0261-0569	57527.942	340.710	969	566	138.814	224.359	NaN
262	0262-0586	750945.102	1752.300	674	604	39.806	789.628	NaN
263	0263-0573	95537.475	455.534	1761	569	140.711	288.462	NaN
264	0264-0602	1688856.016	2226.353	116	570	112.874	1666.667	NaN
265	0265-0618	5732248.521	3149.681	298	666	77.661	2846.154	NaN
266	0266-0658	14120027.942	5648.396	853	746	87.073	4157.233	NaN
267	0267-0596	970784.024	1961.161	591	600	11.310	847.754	NaN
268	0268-0615	1900476.660	2214.092	468	647	67.891	1457.279	NaN
269	0269-0588	50336.949	317.292	914	585	135.000	224.359	NaN
270	0270-0590	50336.949	317.292	87	587	135.000	224.359	NaN
271	0271-0592	57527.942	340.710	971	589	138.814	224.359	NaN
272	0272-0616	1305678.830	1742.894	1743	595	122.229	1410.256	NaN
273	0273-0620	1560445.431	1898.616	425	593	111.801	1184.443	NaN
274	0274-0599	88346.483	410.457	163	596	141.340	288.462	NaN
275	0275-0605	200320.513	737.876	103	613	34.380	423.061	NaN
276	0276-0602	50336.949	317.292	617	599	135.000	224.359	NaN
277	0277-0615	752999.671	1439.813	591	606	163.179	858.879	NaN
278	0278-0672	8793556.870	4863.036	720	602	124.528	2909.755	NaN
279	0279-0609	57527.942	340.710	974	606	138.814	224.359	NaN
280	0280-0635	1948759.040	2360.942	1430	607	131.698	1495.464	NaN
281	0281-0616	79100.920	410.457	160	621	51.340	256.410	NaN
282	0282-0627	456114.398	1046.463	1772	614	139.970	714.222	NaN
283	0283-0622	137656.147	521.757	146	616	132.510	384.615	NaN
284	0284-0630	630752.794	1490.988	55	622	154.537	737.179	NaN
285	0285-0624	102728.468	453.274	658	619	135.000	320.513	NaN
286	0286-0628	109919.461	476.477	2536	623	132.274	320.513	NaN
287	0287-0725	24604495.398	9672.533	1931	652	150.632	3811.399	NaN
288	0288-0697	13117398.093	5020.094	485	691	174.872	3906.425	NaN
289	0289-0657	1486480.934	2284.652	976	627	124.136	1128.957	NaN
290	0290-0672	4046474.359	3353.306	1351	631	125.665	2053.389	NaN
291	0291-0659	2834278.435	2708.476	330	688	39.719	1755.234	NaN
292	0292-0655	1519354.043	2243.590	55	676	36.870	1333.525	NaN
293	0293-0663	954347.469	1632.100	649	687	70.498	1120.778	NaN
294	0294-0645	94510.191	431.206	219	640	131.987	320.513	NaN
295	0295-0691	13668022.682	6678.521	1737	667	166.964	3083.501	NaN
296	0296-0652	166420.118	622.323	141	660	55.491	384.615	NaN
297	0297-0663	513642.341	1267.951	679	644	106.144	641.026	NaN
298	0298-0651	69855.358	385.949	194	647	138.366	256.410	NaN
299	0299-0681	1910749.507	2322.115	939	649	116.211	1288.920	NaN
300	0300-0661	228057.199	774.554	33	650	114.444	416.667	NaN
301	0301-0654	50336.949	317.292	1334	651	135.000	224.359	NaN
302	0302-0666	539324.458	1178.511	110	679	45.000	764.833	NaN
303	0303-0672	1044748.521	1510.496	1652	659	162.719	1090.665	NaN
304	0304-0687	1465935.240	3085.258	102	714	34.846	1047.259	NaN
305	0305-0660	80128.205	391.236	1322	657	145.008	256.410	NaN
306	0306-0709	5077868.179	3609.151	400	758	56.592	2046.377	NaN
307	0307-0675	379068.047	961.538	1333	664	126.870	651.225	NaN
308	0308-0680	380095.332	1272.400	1700	665	130.914	601.466	NaN
309	0309-0672	86291.913	431.206	265	667	131.987	288.462	NaN
310	0310-0681	595825.115	1196.677	2409	679	159.624	897.436	NaN
311	0311-0690	1292324.129	1743.778	1439	669	126.027	1153.477	NaN
312	0312-0756	14776462.853	6886.850	1177	678	130.659	3721.989	NaN
313	0313-0700	1795693.623	1952.762	1275	728	66.801	1378.205	NaN
314	0314-0822	38876561.473	10031.027	1034	678	110.577	6265.838	NaN
315	0315-0736	6825279.421	5352.660	1484	675	142.787	2004.543	NaN
316	0316-0688	377013.478	874.830	226	700	61.557	705.128	NaN
317	0317-0684	205456.936	636.200	1102	692	49.086	480.769	NaN
318	0318-0725	4370069.034	3502.840	144	771	55.437	1962.316	NaN
319	0319-0684	57527.942	340.710	32	680	131.186	224.359	NaN
320	0320-0695	247575.608	827.147	1695	686	144.462	567.588	NaN
321	0321-0693	118137.738	500.657	1680	687	129.806	352.564	NaN
322	0322-0692	57527.942	340.710	670	688	131.186	224.359	NaN
323	0323-0694	64718.935	362.619	373	690	135.000	256.410	NaN
324	0324-0702	321540.105	942.656	2414	691	144.689	573.351	NaN
325	0325-0707	791009.204	1189.357	45	708	14.036	942.809	NaN
326	0326-0720	1716592.702	1949.603	902	697	133.668	1450.112	NaN
327	0327-0696	64718.935	365.441	1318	692	127.875	224.359	NaN
328	0328-0725	2652449.047	2282.627	251	744	38.157	1880.358	NaN
329	0329-0703	79100.920	407.946	2677	699	135.000	288.462	NaN
330	0330-0724	1245069.034	2423.213	1340	701	142.524	966.091	NaN
331	0331-0710	120192.308	521.757	1656	716	47.490	352.564	NaN
332	0332-0712	282503.287	863.007	1722	720	21.801	512.821	NaN
333	0333-0713	305103.550	863.007	2442	705	148.671	512.821	NaN
334	0334-0715	86291.913	435.945	2467	721	53.973	256.410	NaN
335	0335-0716	97592.045	435.945	1315	722	53.973	288.462	NaN
336	0336-0727	597879.684	1292.028	1681	714	136.005	774.024	NaN
337	0337-0744	2317554.241	2057.782	1421	722	142.595	1770.655	NaN
338	0338-0726	245521.039	732.286	1751	737	66.801	512.821	NaN
339	0339-0743	1228632.479	1852.608	327	721	142.734	1256.838	NaN
340	0340-0758	4054692.636	2830.874	630	784	30.630	2364.587	NaN
341	0341-0724	57527.942	340.710	1720	721	138.814	224.359	NaN
342	0342-0727	81155.490	410.457	2468	722	128.660	256.410	NaN
343	0343-0763	4881656.805	3601.315	455	743	159.146	1985.609	NaN
344	0344-0732	220866.206	660.754	1657	725	129.094	480.769	NaN
345	0345-0760	5131286.982	4011.535	1851	766	14.813	1949.129	NaN
346	0346-0732	164365.549	560.668	1675	740	59.036	416.667	NaN
347	0347-0754	2187089.086	2871.409	1769	732	146.842	1619.307	NaN
348	0348-0745	1431007.561	2288.022	1995	745	168.690	1230.459	NaN
349	0349-0735	200320.513	764.542	1728	729	146.976	389.884	NaN
350	0350-0752	793063.774	1383.784	90	773	76.608	921.443	NaN
351	0351-0737	158201.841	545.814	1292	743	40.236	384.615	NaN
352	0352-0773	3265738.001	2675.850	798	738	124.261	2100.278	NaN
353	0353-0789	6083579.882	3480.037	1334	744	130.143	2529.000	NaN
354	0354-0753	135601.578	602.189	1307	745	115.201	288.462	NaN
355	0355-0815	9657503.287	4455.589	193	882	74.564	3309.202	NaN
356	0356-0755	123274.162	525.680	727	760	37.569	352.564	NaN
357	0357-0753	57527.942	340.710	2251	750	138.814	224.359	NaN
358	0358-0756	57527.942	340.710	209	752	131.186	224.359	NaN
359	0359-0755	57527.942	340.710	842	752	138.814	224.359	NaN
360	0360-0801	8030284.352	4333.566	1652	757	143.723	2912.285	NaN
361	0361-0759	64718.935	362.619	2221	763	45.000	256.410	NaN
362	0362-0803	5266888.560	4565.255	878	758	141.843	2057.495	NaN
363	0363-0762	256821.170	803.203	2004	757	151.390	408.065	NaN
364	0364-0774	624589.086	1363.593	2211	778	29.578	1078.719	NaN
365	0365-0777	786900.066	1547.118	722	789	39.958	1250.000	NaN
366	0366-0823	5176487.508	4130.141	279	767	114.775	1811.967	NaN
367	0367-0770	136628.863	551.431	772	777	54.462	320.513	NaN
368	0368-0781	499260.355	1220.476	1747	764	113.199	662.862	NaN
369	0369-0772	99646.614	480.769	1969	778	53.130	288.462	NaN
370	0370-0795	3946827.745	3965.172	1452	774	159.661	1602.133	NaN
371	0371-0823	6261300.131	4296.904	406	777	130.462	2508.336	NaN
372	0372-0774	50336.949	317.292	338	771	135.000	224.359	NaN
373	0373-0778	157174.556	589.256	1950	771	135.000	416.667	NaN
374	0374-0778	64718.935	362.619	1811	774	135.000	256.410	NaN
375	0375-0841	13492357.002	5309.012	1991	791	158.391	4256.573	NaN
376	0376-0795	792036.489	1429.430	101	808	47.726	892.580	NaN
377	0377-0835	9900969.757	4810.363	510	891	38.779	3403.536	NaN
378	0378-0814	1895340.237	2507.386	1425	780	122.471	1178.011	NaN
379	0379-0811	1241987.179	1967.698	67	781	102.225	1121.795	NaN
380	0380-0785	50336.949	317.292	882	782	135.000	224.359	NaN
381	0381-0850	9633875.740	4842.714	1584	809	139.563	2722.623	NaN
382	0382-0833	3228755.753	3036.087	361	787	100.954	1827.072	NaN
383	0383-0833	4291995.398	3518.787	1777	793	131.677	2076.963	NaN
384	0384-0796	50336.949	317.292	851	793	135.000	224.359	NaN
385	0385-0901	20963798.488	7997.999	1849	793	121.397	4781.108	NaN
386	0386-0798	50336.949	317.292	349	795	135.000	224.359	NaN
387	0387-0871	12772230.440	5109.742	655	946	70.201	3721.868	NaN
388	0388-0869	9920488.166	4857.646	840	818	131.791	2766.577	NaN
389	0389-0810	81155.490	407.946	1210	815	45.000	288.462	NaN
390	0390-0858	6414365.549	3764.627	746	812	137.070	2508.024	NaN
391	0391-0831	1705292.571	2476.052	1194	814	158.749	1275.591	NaN
392	0392-0825	172583.826	615.685	2197	832	51.340	431.473	NaN
393	0393-0826	267094.017	745.494	100	818	154.537	512.821	NaN
394	0394-0850	1670364.892	2063.515	135	818	96.242	1231.453	NaN
395	0395-0864	3301692.965	3256.322	2184	819	118.836	1900.416	NaN
396	0396-0824	88346.483	410.457	2615	819	128.660	288.462	NaN
397	0397-0835	838264.300	1435.168	1482	821	150.573	993.590	NaN
398	0398-0830	70882.643	385.949	2599	826	138.366	256.410	NaN
399	0399-0836	206484.221	771.897	2365	845	41.634	435.897	NaN
400	0400-0889	7673816.568	3883.499	1550	831	106.790	2867.073	NaN
401	0401-0899	13784105.851	5911.529	1332	836	146.051	3803.922	NaN
402	0402-0887	2799350.756	3183.581	1162	839	106.975	1346.154	NaN
403	0403-0891	6399983.563	3697.585	22	850	132.541	2701.099	NaN
404	0404-0847	72937.212	385.949	2592	851	41.634	256.410	NaN
405	0405-0919	12084976.989	4696.689	1277	991	77.386	3912.739	NaN
406	0406-0944	16040023.011	7935.525	1705	863	136.637	3547.180	NaN
407	0407-0863	71909.928	365.441	2588	860	142.125	256.410	NaN
408	0408-0866	137656.147	567.045	7	860	137.291	384.615	NaN
409	0409-0865	77046.351	407.946	2618	870	45.000	288.462	NaN
410	0410-0895	1902531.229	2021.519	2581	924	64.654	1442.308	NaN
411	0411-0878	160256.410	588.383	2139	875	150.642	352.564	NaN
412	0412-0880	156147.272	612.339	265	874	137.121	390.269	NaN
413	0413-0885	126356.016	525.680	2128	879	127.569	320.513	NaN
414	0414-0886	100673.899	489.242	247	882	148.392	256.410	NaN
415	0415-0886	64718.935	362.619	2094	890	45.000	256.410	NaN
416	0416-0909	1299515.122	2187.485	130	936	50.947	1250.769	NaN
417	0417-0928	5942841.880	3730.362	378	892	139.879	2631.994	NaN
418	0418-0954	6220208.744	5033.174	2118	895	133.452	2213.176	NaN
419	0419-0903	303048.981	946.463	2616	916	61.699	705.128	NaN
420	0420-0898	130465.155	560.668	257	893	149.036	320.513	NaN
421	0421-0896	50336.949	317.292	276	893	135.000	224.359	NaN
422	0422-0897	71909.928	365.441	364	893	127.875	256.410	NaN
423	0423-0972	13520093.688	5608.242	306	899	131.525	3626.298	NaN
424	0424-0951	9547583.826	5022.652	514	902	146.716	3003.342	NaN
425	0425-0900	96564.760	435.945	2560	905	36.027	288.462	NaN
426	0426-0951	6386628.863	4178.976	193	901	131.269	2569.820	NaN
427	0427-0950	7905982.906	4730.687	793	919	152.567	2479.622	NaN
428	0428-0909	100673.899	551.431	2645	914	35.538	294.598	NaN
429	0429-0910	72937.212	385.949	2557	906	131.634	256.410	NaN
430	0430-0993	14142628.205	6006.687	972	909	115.608	3193.900	NaN
431	0431-0933	1684746.877	1878.216	1597	918	143.326	1546.738	NaN
432	0432-1001	16743713.018	6041.305	2068	912	109.204	4394.287	NaN
433	0433-0999	12345907.298	5494.248	1342	914	94.014	3320.274	NaN
434	0434-0922	173611.111	604.742	2543	918	147.995	384.615	NaN
435	0435-0981	9730440.500	4091.783	747	1045	84.155	3646.479	NaN
436	0436-1002	14135437.212	5518.501	1656	926	116.565	3324.864	NaN
437	0437-0954	2403846.154	2828.151	2585	987	51.442	2208.543	NaN
438	0438-0930	89373.767	410.457	1503	925	128.660	288.462	NaN
439	0439-0955	901955.950	1920.137	2547	931	123.425	883.724	NaN
440	0440-0942	261957.594	1046.463	30	932	139.970	472.160	NaN
441	0441-0961	773545.365	1642.452	1156	986	72.979	742.272	NaN
442	0442-0955	656434.911	1539.129	66	968	31.373	865.385	NaN
443	0443-0996	5977769.560	4532.962	139	948	134.427	2269.372	NaN
444	0444-0977	1801857.331	2381.520	1191	944	118.980	1243.796	NaN
445	0445-0968	1302596.976	1974.734	1493	946	144.246	1273.345	NaN
446	0446-0970	1123849.441	2044.259	491	951	138.814	921.025	NaN
447	0447-0983	2002177.844	2408.116	1467	950	116.906	1388.559	NaN
448	0448-0955	84237.344	431.206	27	951	138.013	288.462	NaN
449	0449-0961	129437.870	570.657	1633	968	51.843	349.309	NaN
450	0450-1005	6403065.417	4150.486	1557	961	137.191	2365.072	NaN
451	0451-0968	64718.935	365.441	2218	964	127.875	224.359	NaN
452	0452-1008	2907215.648	2930.020	85	1051	70.178	1688.196	NaN
453	0453-0977	241411.900	791.608	1880	989	68.629	416.667	NaN
454	0454-0971	118137.738	521.757	1899	966	137.490	352.564	NaN
455	0455-1007	2756204.799	2782.745	1112	970	122.775	1521.616	NaN
456	0456-0975	97592.045	455.534	2005	981	50.711	288.462	NaN
457	0457-0979	140738.001	602.189	2661	971	115.201	288.462	NaN
458	0458-1008	1779257.068	2708.476	1770	976	129.719	1810.203	NaN
459	0459-0985	143819.855	588.383	1172	977	119.358	320.513	NaN
460	0460-0989	416050.296	989.964	2633	979	150.945	769.231	NaN
461	0461-1034	8837730.112	4940.890	1414	980	134.474	2849.156	NaN
462	0462-0996	816691.321	1748.779	1784	978	138.715	890.506	NaN
463	0463-0997	886546.680	1431.225	1894	1016	55.954	1079.238	NaN
464	0464-0992	251684.747	771.897	474	984	138.366	512.821	NaN
465	0465-1036	8768902.038	4178.238	777	1049	16.489	2929.780	NaN
466	0466-0989	50336.949	317.292	1533	986	135.000	224.359	NaN
467	0467-0993	136628.863	577.813	435	998	33.690	320.513	NaN
468	0468-1006	850591.716	1677.725	1244	989	136.548	836.112	NaN
469	0469-1021	1500862.919	2212.467	2588	994	128.530	1152.396	NaN
470	0470-1005	88346.483	410.457	2664	1010	51.340	288.462	NaN
471	0471-1010	366740.631	974.802	500	1004	152.592	544.872	NaN
472	0472-1022	1522435.897	1834.778	622	1015	152.987	1314.103	NaN
473	0473-1014	195184.089	853.431	50	1003	124.287	438.499	NaN
474	0474-1050	3500986.193	2899.003	931	1005	95.711	2528.747	NaN
475	0475-1016	353385.930	775.879	436	1008	128.290	673.077	NaN
476	0476-1011	64718.935	365.441	2209	1007	127.875	224.359	NaN
477	0477-1068	10064308.021	5507.227	1178	1009	140.194	2907.231	NaN
478	0478-1028	732453.978	1427.992	1515	1014	134.091	945.286	NaN
479	0479-1012	57527.942	340.710	1872	1009	138.814	224.359	NaN
480	0480-1017	63691.650	362.619	8	1021	45.000	256.410	NaN
481	0481-1016	50336.949	317.292	22	1013	135.000	224.359	NaN
482	0482-1079	7256738.988	4464.227	541	1015	111.038	2667.591	NaN
483	0483-1016	71909.928	391.236	952	1013	145.008	224.359	NaN
484	0484-1023	180802.104	820.913	282	1015	141.340	397.436	NaN
485	0485-1023	71909.928	385.949	265	1027	41.634	256.410	NaN
486	0486-1036	475632.807	1308.226	1095	1019	120.964	593.649	NaN
487	0487-1039	1149531.558	2215.251	1234	1023	148.610	846.783	NaN
488	0488-1030	199293.228	764.542	1545	1020	123.024	387.012	NaN
489	0489-1032	256821.170	1043.514	2647	1044	47.490	454.566	NaN
490	0490-1155	18363740.960	10178.490	1981	1023	123.440	2815.093	NaN
491	0491-1028	123274.162	533.440	42	1024	147.265	320.513	NaN
492	0492-1169	20093688.363	9344.474	2206	1314	84.094	3971.486	NaN
493	0493-1033	205456.936	648.989	462	1025	122.905	448.718	NaN
494	0494-1028	50336.949	317.292	2455	1025	135.000	224.359	NaN
495	0495-1033	57527.942	340.710	269	1030	138.814	224.359	NaN
496	0496-1038	141765.286	681.420	499	1030	131.186	370.861	NaN
497	0497-1094	12966387.245	5680.406	94	1058	146.041	3468.202	NaN
498	0498-1036	65746.220	362.619	1790	1032	135.000	256.410	NaN
499	0499-1144	17006697.896	7256.979	1935	1032	98.381	3334.242	NaN
500	0500-1039	168474.688	570.657	282	1044	38.157	416.667	NaN
501	0501-1065	2168597.962	2127.249	686	1041	149.184	1518.466	NaN
502	0502-1046	138683.432	612.339	37	1053	42.879	409.474	NaN
503	0503-1057	660544.050	1173.707	470	1069	34.992	857.493	NaN
504	0504-1050	507478.632	1352.625	1772	1054	13.707	578.965	NaN
505	0505-1044	57527.942	340.710	1970	1041	138.814	224.359	NaN
506	0506-1046	71909.928	385.949	1814	1050	41.634	256.410	NaN
507	0507-1112	8587072.650	4875.589	241	1048	118.250	2946.946	NaN
508	0508-1101	10502958.580	4433.053	1536	1075	172.104	3583.903	NaN
509	0509-1102	8527490.138	4376.966	390	1059	137.077	2756.967	NaN
510	0510-1048	50336.949	317.292	2050	1045	135.000	224.359	NaN
511	0511-1066	783818.212	1519.988	314	1049	137.564	1121.795	NaN
512	0512-1062	227029.915	862.412	2157	1071	41.987	479.109	NaN
513	0513-1062	238330.046	690.406	22	1059	158.199	448.718	NaN
514	0514-1105	6408201.841	3865.470	1133	1057	127.250	2524.327	NaN
515	0515-1084	1862467.127	2478.748	2053	1055	130.280	1347.335	NaN
516	0516-1082	1002629.849	1695.086	501	1057	105.350	819.808	NaN
517	0517-1068	204429.652	716.688	2643	1058	116.565	352.564	NaN
518	0518-1113	5866822.814	3913.145	630	1059	116.775	2475.938	NaN
519	0519-1067	95537.475	410.457	47	1063	141.340	320.513	NaN
520	0520-1068	172583.826	660.754	1784	1072	22.834	352.564	NaN
521	0521-1073	198265.943	838.862	983	1082	43.452	430.610	NaN
522	0522-1069	57527.942	340.710	603	1065	131.186	224.359	NaN
523	0523-1138	16984097.633	5684.022	748	1082	139.574	4096.608	NaN
524	0524-1241	42463839.579	11582.759	1783	1417	76.233	7920.020	NaN
525	0525-1091	1252260.026	1578.343	1084	1115	77.093	1362.736	NaN
526	0526-1072	88346.483	410.457	350	1069	141.340	288.462	NaN
527	0527-1086	380095.332	934.447	876	1098	59.036	682.504	NaN
528	0528-1097	516724.195	1414.983	46	1119	76.908	601.985	NaN
529	0529-1081	84237.344	435.945	1772	1087	53.973	256.410	NaN
530	0530-1128	9424309.665	4623.946	1383	1084	144.878	2843.999	NaN
531	0531-1085	50336.949	317.292	944	1082	135.000	224.359	NaN
532	0532-1087	87319.198	435.945	2184	1091	36.027	256.410	NaN
533	0533-1110	2198389.218	2162.452	985	1105	168.024	1573.620	NaN
534	0534-1088	57527.942	340.710	2133	1084	131.186	224.359	NaN
535	0535-1088	50336.949	317.292	965	1085	135.000	224.359	NaN
536	0536-1164	14337812.295	5271.437	1721	1243	70.463	3756.938	NaN
537	0537-1115	2101824.458	2295.194	352	1086	125.910	1550.083	NaN
538	0538-1094	71909.928	365.441	944	1090	142.125	256.410	NaN
539	0539-1101	176692.965	604.742	2164	1096	147.995	384.615	NaN
540	0540-1119	685198.882	1467.725	1354	1100	121.608	720.105	NaN
541	0541-1107	140738.001	560.668	2109	1100	120.964	384.615	NaN
542	0542-1104	50336.949	317.292	2194	1101	135.000	224.359	NaN
543	0543-1109	104783.037	453.274	524	1105	135.000	320.513	NaN
544	0544-1164	12006903.353	5394.717	913	1105	135.963	3725.359	NaN
545	0545-1113	119165.023	577.813	2173	1119	33.690	341.370	NaN
546	0546-1119	130465.155	577.813	61	1127	56.310	320.513	NaN
547	0547-1129	559870.151	1271.188	512	1113	123.690	758.589	NaN
548	0548-1141	1880958.251	2085.551	1530	1114	133.755	1484.947	NaN
549	0549-1118	72937.212	385.949	2190	1114	138.366	256.410	NaN
550	0550-1120	57527.942	340.710	11	1116	131.186	224.359	NaN
551	0551-1128	239357.331	676.123	92	1137	58.570	544.872	NaN
552	0552-1149	1227605.194	1982.262	716	1121	112.834	1003.619	NaN
553	0553-1128	96564.760	431.206	2169	1123	131.987	320.513	NaN
554	0554-1128	50336.949	317.292	73	1125	135.000	224.359	NaN
555	0555-1177	6941362.590	3384.257	1053	1134	118.264	2835.268	NaN
556	0556-1139	197238.659	676.123	44	1130	121.430	448.718	NaN
557	0557-1135	50336.949	317.292	63	1132	135.000	224.359	NaN
558	0558-1192	10638560.158	4327.042	1221	1153	157.805	3651.841	NaN
559	0559-1139	134574.293	543.928	2186	1133	135.000	384.615	NaN
560	0560-1141	200320.513	750.986	2129	1149	39.806	456.098	NaN
561	0561-1140	64718.935	362.619	1333	1136	135.000	256.410	NaN
562	0562-1143	125328.731	551.431	2114	1150	54.462	320.513	NaN
563	0563-1141	79100.920	410.457	2168	1136	128.660	256.410	NaN
564	0564-1142	88346.483	410.457	84	1138	141.340	288.462	NaN
565	0565-1145	95537.475	435.945	2148	1142	143.973	288.462	NaN
566	0566-1260	22676282.051	9597.098	44	1242	155.746	5081.215	NaN
567	0567-1160	333867.521	750.986	1131	1170	39.806	641.026	NaN
568	0568-1171	555761.012	1419.333	2133	1151	115.408	767.266	NaN
569	0569-1221	8612754.767	4486.493	1616	1289	74.673	2928.133	NaN
570	0570-1256	16800213.675	7441.214	335	1161	122.869	3602.159	NaN
571	0571-1181	1194732.084	1723.036	583	1164	133.493	1190.049	NaN
572	0572-1162	57527.942	340.710	2151	1158	131.186	224.359	NaN
573	0573-1166	207511.506	731.584	60	1173	28.811	416.667	NaN
574	0574-1218	9603057.199	4925.480	449	1172	141.340	3162.469	NaN
575	0575-1174	292776.134	961.538	2114	1162	126.870	504.773	NaN
576	0576-1191	2165516.108	1982.521	1361	1168	124.461	1587.890	NaN
577	0577-1169	50336.949	317.292	2183	1166	135.000	224.359	NaN
578	0578-1172	100673.899	455.534	21	1177	39.289	288.462	NaN
579	0579-1226	10580004.931	4329.297	1125	1190	135.900	3544.404	NaN
580	0580-1199	3408530.572	2573.101	1492	1198	13.690	1802.816	NaN
581	0581-1181	185938.527	730.882	35	1190	52.125	448.718	NaN
582	0582-1276	11442924.063	6616.086	2296	1174	103.161	2476.523	NaN
583	0583-1189	423241.289	1040.063	2156	1185	146.310	851.253	NaN
584	0584-1194	755054.241	1307.834	635	1178	126.027	965.473	NaN
585	0585-1180	50336.949	317.292	259	1177	135.000	224.359	NaN
586	0586-1207	1146449.704	2293.627	563	1177	123.024	929.487	NaN
587	0587-1209	1229659.763	2012.861	286	1185	127.235	1060.526	NaN
588	0588-1194	208538.790	791.608	1434	1205	58.241	415.679	NaN
589	0589-1211	1067348.784	1814.510	1448	1195	144.345	1127.458	NaN
590	0590-1200	50336.949	317.292	684	1197	135.000	224.359	NaN
591	0591-1205	57527.942	340.710	2022	1201	131.186	224.359	NaN
592	0592-1257	7393367.850	4351.426	715	1206	135.000	2594.466	NaN
593	0593-1219	304076.266	820.913	660	1227	38.660	673.077	NaN
594	0594-1225	240384.615	817.151	2024	1214	115.560	435.268	NaN
595	0595-1244	1661119.329	2161.027	1412	1216	125.340	1427.812	NaN
596	0596-1276	11887738.330	4840.062	1281	1262	168.541	3579.050	NaN
597	0597-1227	152038.133	604.742	2011	1219	122.005	320.513	NaN
598	0598-1225	57527.942	340.710	677	1221	131.186	224.359	NaN
599	0599-1227	72937.212	385.949	692	1232	48.366	256.410	NaN
600	0600-1282	4406023.997	3649.486	1680	1226	97.063	1634.615	NaN
601	0601-1256	5153887.245	4363.214	906	1231	169.846	1772.722	NaN
602	0602-1234	50336.949	317.292	326	1231	135.000	224.359	NaN
603	0603-1252	792036.489	1423.669	634	1233	121.185	884.876	NaN
604	0604-1237	87319.198	431.206	870	1233	138.013	288.462	NaN
605	0605-1241	57527.942	340.710	1476	1237	131.186	224.359	NaN
606	0606-1276	3322238.659	3570.519	91	1243	143.027	1499.616	NaN
607	0607-1245	81155.490	410.457	1055	1250	51.340	256.410	NaN
608	0608-1281	5836004.274	3359.274	1467	1268	150.255	2628.205	NaN
609	0609-1248	194156.805	660.754	23	1244	157.166	416.667	NaN
610	0610-1254	390368.179	989.964	587	1246	150.945	608.974	NaN
611	0611-1283	2067924.063	2342.376	830	1248	106.699	1220.470	NaN
612	0612-1257	298939.842	846.785	1095	1251	150.524	480.769	NaN
613	0613-1256	113001.315	489.242	2097	1260	31.608	288.462	NaN
614	0614-1256	50336.949	317.292	697	1253	135.000	224.359	NaN
615	0615-1257	65746.220	362.619	813	1253	135.000	256.410	NaN
616	0616-1333	10939554.569	6351.655	323	1259	132.546	2404.778	NaN
617	0617-1268	374958.909	881.847	1241	1268	160.907	608.974	NaN
618	0618-1305	2308308.679	3024.561	1577	1259	99.762	1246.036	NaN
619	0619-1274	379068.047	1043.514	55	1260	137.490	707.668	NaN
620	0620-1313	5706566.404	3899.338	1011	1358	38.660	2569.020	NaN
621	0621-1272	336949.375	978.483	2094	1278	31.608	705.128	NaN
622	0622-1269	50336.949	317.292	1111	1266	135.000	224.359	NaN
623	0623-1272	57527.942	340.710	48	1268	131.186	224.359	NaN
624	0624-1275	57527.942	340.710	199	1272	138.814	224.359	NaN
625	0625-1308	2439801.118	2501.027	571	1276	120.838	1445.728	NaN
626	0626-1300	1052966.798	1967.959	680	1275	120.324	858.328	NaN
627	0627-1312	2977071.006	2864.603	497	1276	130.462	1719.423	NaN
628	0628-1280	63691.650	362.619	656	1284	45.000	256.410	NaN
629	0629-1374	14991165.352	6480.782	882	1277	106.374	3785.241	NaN
630	0630-1300	1051939.513	1807.704	939	1282	142.927	1113.927	NaN
631	0631-1340	14615179.158	7092.609	1080	1388	15.732	3636.168	NaN
632	0632-1319	1396079.882	2254.096	725	1289	119.846	1084.499	NaN
633	0633-1426	29069074.622	11112.554	74	1290	128.324	4650.104	NaN
634	0634-1309	499260.355	1133.184	1110	1324	61.260	695.677	NaN
635	0635-1298	80128.205	431.206	1427	1303	48.013	288.462	NaN
636	0636-1300	50336.949	317.292	186	1297	135.000	224.359	NaN
637	0637-1301	72937.212	385.949	1911	1297	131.634	256.410	NaN
638	0638-1301	50336.949	317.292	54	1298	135.000	224.359	NaN
639	0639-1374	11015573.636	5897.784	1441	1301	127.493	3120.399	NaN
640	0640-1352	5062458.909	3407.701	1621	1302	106.390	2218.332	NaN
641	0641-1327	596852.400	1571.820	633	1304	106.587	596.225	NaN
642	0642-1335	983111.440	1854.825	651	1308	108.122	907.332	NaN
643	0643-1326	695471.729	1175.893	995	1309	107.447	928.497	NaN
644	0644-1319	216757.068	788.357	39	1325	26.565	352.564	NaN
645	0645-1408	14690170.940	6565.117	787	1315	116.065	3786.301	NaN
646	0646-1319	50336.949	317.292	193	1316	135.000	224.359	NaN
647	0647-1339	258875.740	942.656	204	1353	72.181	352.564	NaN
648	0648-1330	77046.351	410.457	1379	1326	141.340	256.410	NaN
649	0649-1334	104783.037	455.534	28	1330	140.711	320.513	NaN
650	0650-1382	5270997.699	4025.723	232	1331	127.235	2070.482	NaN
651	0651-1381	6824252.137	3560.434	1312	1377	13.536	2723.185	NaN
652	0652-1348	95537.475	455.534	1309	1353	39.289	288.462	NaN
653	0653-1370	1541954.306	1948.813	1924	1347	126.304	1339.744	NaN
654	0654-1440	16293762.327	6142.651	446	1530	70.809	4389.405	NaN
655	0655-1354	135601.578	551.431	1066	1347	125.538	352.564	NaN
656	0656-1353	120192.308	525.680	675	1358	37.569	320.513	NaN
657	0657-1452	14112836.949	6897.582	1687	1357	126.497	2698.904	NaN
658	0658-1389	3413666.995	2626.250	579	1352	113.749	1955.128	NaN
659	0659-1361	57527.942	340.710	703	1358	138.814	224.359	NaN
660	0660-1364	64718.935	362.619	682	1368	45.000	256.410	NaN
661	0661-1408	2448019.395	3173.724	1583	1362	110.082	1303.696	NaN
662	0662-1395	2313445.102	2635.231	1423	1366	131.055	1360.124	NaN
663	0663-1370	91428.337	498.601	543	1365	135.000	317.292	NaN
664	0664-1437	11426487.508	5201.104	1226	1388	131.252	3043.386	NaN
665	0665-1422	9490055.884	4562.216	1844	1369	131.868	3301.641	NaN
666	0666-1402	2010396.121	2372.661	187	1375	128.418	1378.242	NaN
667	0667-1378	57527.942	340.710	634	1374	131.186	224.359	NaN
668	0668-1379	57527.942	340.710	2068	1376	138.814	224.359	NaN
669	0669-1393	369822.485	1125.452	323	1377	109.983	512.821	NaN
670	0670-1382	97592.045	453.274	541	1377	135.000	320.513	NaN
671	0671-1389	377013.478	1250.000	635	1399	22.620	618.029	NaN
672	0672-1384	57527.942	340.710	993	1380	131.186	224.359	NaN
673	0673-1387	119165.023	525.680	339	1381	127.569	320.513	NaN
674	0674-1443	9589702.498	5832.012	684	1384	137.896	2670.236	NaN
675	0675-1393	608152.531	1640.888	1976	1394	167.593	731.502	NaN
676	0676-1445	4660790.598	3655.814	1024	1394	115.442	1949.076	NaN
677	0677-1402	120192.308	480.769	1047	1408	53.130	352.564	NaN
678	0678-1414	617398.093	1501.971	1996	1396	129.806	869.655	NaN
679	0679-1402	50336.949	317.292	1416	1399	135.000	224.359	NaN
680	0680-1423	1541954.306	1852.608	357	1436	30.114	1422.474	NaN
681	0681-1409	256821.170	745.494	644	1413	25.463	480.769	NaN
682	0682-1443	4224194.609	2915.786	1143	1482	56.659	2292.005	NaN
683	0683-1408	88346.483	410.457	1629	1404	141.340	288.462	NaN
684	0684-1485	6876643.655	5395.003	1652	1408	119.154	1848.646	NaN
685	0685-1414	142792.571	543.928	2016	1408	135.000	384.615	NaN
686	0686-1415	50336.949	317.292	39	1412	135.000	224.359	NaN
687	0687-1433	986193.294	1637.127	1407	1445	23.051	1115.853	NaN
688	0688-1419	50336.949	317.292	1080	1416	135.000	224.359	NaN
689	0689-1420	50336.949	317.292	1410	1417	135.000	224.359	NaN
690	0690-1421	50336.949	317.292	878	1418	135.000	224.359	NaN
691	0691-1475	4194403.353	3821.502	1801	1421	112.694	1576.863	NaN
692	0692-1425	131492.439	516.811	1106	1430	29.745	320.513	NaN
693	0693-1432	214702.498	737.876	328	1422	124.380	416.667	NaN
694	0694-1435	341058.514	1256.557	14	1447	37.747	488.669	NaN
695	0695-1467	8831566.404	5031.337	552	1437	153.925	2650.100	NaN
696	0696-1445	1029339.250	1463.168	1357	1439	151.189	1166.362	NaN
697	0697-1440	720126.561	1621.681	250	1430	161.565	744.841	NaN
698	0698-1492	7753944.773	4079.714	1478	1438	135.637	2587.265	NaN
699	0699-1437	88346.483	410.457	2014	1433	141.340	288.462	NaN
700	0700-1462	1172131.821	1814.510	1567	1435	107.475	993.590	NaN
701	0701-1456	1512163.051	2522.906	316	1436	152.784	1128.933	NaN
702	0702-1478	3274983.563	2784.775	1000	1436	101.957	2077.552	NaN
703	0703-1493	4558062.130	3537.422	1209	1441	107.942	1885.385	NaN
704	0704-1481	2050460.224	2273.609	1438	1514	68.499	1526.169	NaN
705	0705-1543	12329470.743	6880.582	272	1464	131.412	3583.600	NaN
706	0706-1466	50336.949	317.292	541	1463	135.000	224.359	NaN
707	0707-1469	92455.621	462.250	2202	1475	56.310	256.410	NaN
708	0708-1468	64718.935	362.619	876	1464	135.000	256.410	NaN
709	0709-1475	219838.922	853.431	2173	1486	55.713	398.232	NaN
710	0710-1554	10255382.972	5418.942	49	1638	83.548	3691.332	NaN
711	0711-1476	64718.935	362.619	15	1472	135.000	256.410	NaN
712	0712-1487	851619.001	1708.667	902	1478	156.801	882.237	NaN
713	0713-1535	8302514.793	4034.135	1357	1479	109.011	2890.180	NaN
714	0714-1536	8141231.098	4568.067	1870	1478	130.732	2666.828	NaN
715	0715-1490	349276.792	1133.184	2231	1506	61.260	583.146	NaN
716	0716-1591	15247986.522	8223.137	1601	1482	120.964	2631.864	NaN
717	0717-1516	2612384.944	2795.085	1076	1493	139.185	1574.074	NaN
718	0718-1487	64718.935	365.441	1110	1484	142.125	224.359	NaN
719	0719-1492	177720.250	641.026	382	1487	143.130	416.667	NaN
720	0720-1490	50336.949	317.292	37	1487	135.000	224.359	NaN
721	0721-1533	2971934.583	3073.081	1152	1494	120.041	1426.207	NaN
722	0722-1526	1779257.068	2237.629	1033	1498	128.019	1306.995	NaN
723	0723-1573	9523956.279	5354.963	464	1646	60.213	3132.190	NaN
724	0724-1558	8415516.108	5142.009	715	1508	140.057	3339.595	NaN
725	0725-1521	551651.874	1251.643	2200	1504	129.806	773.731	NaN
726	0726-1566	8152531.229	4590.052	1204	1602	31.581	3235.775	NaN
727	0727-1510	57527.942	340.710	995	1507	138.814	224.359	NaN
728	0728-1548	4560116.700	3286.937	572	1518	156.435	2502.487	NaN
729	0729-1542	2586702.827	3167.082	957	1511	144.058	1402.092	NaN
730	0730-1516	80128.205	385.949	409	1512	131.634	288.462	NaN
731	0731-1521	105810.322	462.250	695	1527	56.310	288.462	NaN
732	0732-1527	293803.419	865.978	909	1516	128.991	632.304	NaN
733	0733-1549	1566609.139	1854.825	1460	1522	108.122	1306.666	NaN
734	0734-1526	50336.949	317.292	2188	1523	135.000	224.359	NaN
735	0735-1533	113001.315	506.775	677	1527	124.695	288.462	NaN
736	0736-1541	321540.105	911.069	685	1551	39.289	640.039	NaN
737	0737-1615	10673487.837	5426.046	1822	1533	104.365	2816.629	NaN
738	0738-1540	126356.016	521.757	10	1546	47.490	352.564	NaN
739	0739-1538	50336.949	317.292	569	1535	135.000	224.359	NaN
740	0740-1546	163338.264	685.927	876	1540	142.595	379.276	NaN
741	0741-1543	50336.949	317.292	968	1540	135.000	224.359	NaN
742	0742-1577	1953895.464	2373.094	1549	1613	73.523	1314.103	NaN
743	0743-1554	77046.351	407.946	172	1559	45.000	288.462	NaN
744	0744-1571	1104331.032	1686.884	946	1551	128.830	1053.141	NaN
745	0745-1555	50336.949	317.292	298	1552	135.000	224.359	NaN
746	0746-1613	4432733.399	4216.297	1855	1556	121.636	1704.782	NaN
747	0747-1590	1617973.373	2422.789	145	1557	117.582	1231.388	NaN
748	0748-1561	64718.935	362.619	911	1565	45.000	256.410	NaN
749	0749-1572	722181.131	1419.695	181	1563	151.699	833.333	NaN
750	0750-1562	50336.949	317.292	562	1559	135.000	224.359	NaN
751	0751-1595	1856303.419	2266.368	1140	1560	98.130	1255.075	NaN
752	0752-1565	50336.949	317.292	6	1562	135.000	224.359	NaN
753	0753-1568	72937.212	385.949	1083	1564	138.366	256.410	NaN
754	0754-1599	2082306.049	2361.594	1725	1564	108.189	1329.444	NaN
755	0755-1608	2960634.451	2795.085	659	1572	116.565	1913.334	NaN
756	0756-1573	95537.475	455.534	850	1568	129.289	288.462	NaN
757	0757-1619	3570841.552	3331.638	1428	1568	97.740	1751.438	NaN
758	0758-1673	12999260.355	6908.297	1502	1568	101.779	3143.169	NaN
759	0759-1599	4438897.107	3977.072	231	1581	156.741	1739.415	NaN
760	0760-1573	80128.205	410.457	893	1577	38.660	256.410	NaN
761	0761-1591	660544.050	1725.121	1059	1569	125.166	662.138	NaN
762	0762-1584	264012.163	964.206	1110	1599	74.578	384.615	NaN
763	0763-1662	10396120.973	6699.408	1585	1570	118.895	2617.618	NaN
764	0764-1604	2726413.544	2607.210	717	1571	133.506	1647.511	NaN
765	0765-1584	213675.214	750.986	544	1593	50.194	471.876	NaN
766	0766-1579	97592.045	462.250	996	1575	146.310	288.462	NaN
767	0767-1584	57527.942	340.710	12	1580	131.186	224.359	NaN
768	0768-1605	1236850.756	1717.961	537	1604	8.584	1247.696	NaN
769	0769-1598	424268.573	1077.419	1040	1583	112.751	621.475	NaN
770	0770-1591	223948.060	791.608	990	1585	148.241	412.000	NaN
771	0771-1671	12683883.958	5578.212	1969	1585	96.267	3540.441	NaN
772	0772-1599	388313.609	1013.551	852	1610	34.695	763.981	NaN
773	0773-1597	176692.965	588.383	130	1589	119.358	416.667	NaN
774	0774-1597	110946.746	500.657	428	1603	50.194	320.513	NaN
775	0775-1611	703690.007	1218.370	201	1628	54.638	966.276	NaN
776	0776-1618	513642.341	1185.897	587	1631	18.925	828.591	NaN
777	0777-1714	19102358.646	8409.416	907	1605	123.811	4632.809	NaN
778	0778-1624	832100.592	1276.028	213	1626	168.408	950.881	NaN
779	0779-1680	11385396.121	7089.929	1173	1618	142.716	3149.619	NaN
780	0780-1625	464332.676	1227.192	965	1640	49.236	688.302	NaN
781	0781-1629	725262.985	1227.192	1254	1619	130.764	897.436	NaN
782	0782-1615	50336.949	317.292	1015	1612	135.000	224.359	NaN
783	0783-1640	1690910.585	1864.768	1294	1614	118.768	1342.512	NaN
784	0784-1686	9544501.972	5698.732	65	1640	138.420	2886.269	NaN
785	0785-1617	50336.949	317.292	791	1614	135.000	224.359	NaN
786	0786-1644	1962113.741	2363.986	834	1626	139.399	1608.644	NaN
787	0787-1629	407832.018	960.469	1554	1642	64.290	544.872	NaN
788	0788-1621	71909.928	391.236	433	1616	124.992	224.359	NaN
789	0789-1640	877301.118	1378.578	794	1624	125.538	893.316	NaN
790	0790-1626	50336.949	317.292	1049	1623	135.000	224.359	NaN
791	0791-1644	986193.294	1749.659	359	1625	151.557	1126.930	NaN
792	0792-1632	57527.942	340.710	667	1629	138.814	224.359	NaN
793	0793-1688	5863740.960	3969.833	1081	1748	68.199	2415.918	NaN
794	0794-1640	187993.097	632.150	699	1649	59.534	416.667	NaN
795	0795-1643	380095.332	1111.214	542	1633	146.768	573.960	NaN
796	0796-1695	11423405.654	5526.593	259	1639	142.067	3463.932	NaN
797	0797-1692	9388354.701	5113.159	573	1650	147.804	2978.077	NaN
798	0798-1646	290721.565	853.431	514	1639	145.713	544.872	NaN
799	0799-1646	165392.834	596.188	1749	1654	53.746	416.667	NaN
800	0800-1646	115055.884	480.769	1060	1642	143.130	320.513	NaN
801	0801-1646	95537.475	435.945	229	1642	143.973	288.462	NaN
802	0802-1709	10558431.953	5200.808	720	1648	128.494	3268.402	NaN
803	0803-1658	246548.323	821.539	1561	1646	110.556	352.564	NaN
804	0804-1653	80128.205	407.946	36	1658	45.000	288.462	NaN
805	0805-1654	71909.928	365.441	46	1651	142.125	256.410	NaN
806	0806-1661	321540.105	774.554	1056	1658	155.556	576.923	NaN
807	0807-1657	64718.935	362.619	430	1653	135.000	256.410	NaN
808	0808-1665	302021.696	875.417	205	1658	156.251	480.769	NaN
809	0809-1769	15331196.581	7726.553	1778	1659	115.821	3272.685	NaN
810	0810-1722	9316444.773	5172.287	44	1663	132.489	3203.715	NaN
811	0811-1670	275312.295	946.463	543	1678	28.301	479.321	NaN
812	0812-1676	96564.760	417.898	19	1671	122.471	288.462	NaN
813	0813-1778	14108727.811	6856.952	1909	1885	84.636	3251.738	NaN
814	0814-1722	5071704.471	3210.892	212	1680	116.053	2173.816	NaN
815	0815-1677	50336.949	317.292	430	1674	135.000	224.359	NaN
816	0816-1680	70882.643	385.949	440	1676	131.634	256.410	NaN
817	0817-1736	8080621.302	3936.179	834	1676	99.846	3167.715	NaN
818	0818-1752	8161776.792	5585.574	1149	1677	119.949	2166.667	NaN
819	0819-1683	50336.949	317.292	488	1680	135.000	224.359	NaN
820	0820-1693	201347.798	693.375	190	1702	56.310	416.667	NaN
821	0821-1701	675953.320	1262.674	404	1694	156.038	833.333	NaN
822	0822-1746	3068499.343	3560.002	1566	1694	110.556	1470.871	NaN
823	0823-1710	577333.991	1157.846	465	1723	41.634	819.695	NaN
824	0824-1706	233193.623	880.098	574	1695	123.111	414.861	NaN
825	0825-1705	79100.920	410.457	1746	1700	128.660	256.410	NaN
826	0826-1705	64718.935	362.619	1338	1701	135.000	256.410	NaN
827	0827-1708	50336.949	317.292	112	1705	135.000	224.359	NaN
828	0828-1714	63691.650	362.619	536	1710	135.000	256.410	NaN
829	0829-1739	541379.027	1823.264	503	1711	100.125	413.350	NaN
830	0830-1746	2662721.893	2369.411	1241	1738	149.967	1829.542	NaN
831	0831-1814	14781599.277	6738.167	1711	1718	112.662	3080.316	NaN
832	0832-1738	1312869.822	1550.434	402	1755	29.745	1128.665	NaN
833	0833-1724	71909.928	391.236	452	1721	145.008	224.359	NaN
834	0834-1733	387286.325	1035.609	532	1726	158.199	641.026	NaN
835	0835-1745	260930.309	888.809	480	1758	64.359	496.206	NaN
836	0836-1777	2643203.485	2847.518	1115	1734	101.689	1630.091	NaN
837	0837-1744	147928.994	604.742	461	1736	122.005	352.564	NaN
838	0838-1746	157174.556	551.431	616	1741	144.462	384.615	NaN
839	0839-1792	6791379.027	4545.636	703	1748	151.809	1951.914	NaN
840	0840-1749	175665.680	577.813	292	1742	123.690	416.667	NaN
841	0841-1746	72937.212	385.949	552	1742	138.366	256.410	NaN
842	0842-1759	358522.354	1058.178	1315	1773	54.866	637.844	NaN
843	0843-1753	104783.037	480.769	532	1759	53.130	320.513	NaN
844	0844-1783	2169625.247	2209.680	1341	1753	113.962	1474.359	NaN
845	0845-1757	78073.636	410.457	620	1761	38.660	256.410	NaN
846	0846-1762	481796.515	1262.674	643	1756	156.038	567.354	NaN
847	0847-1802	5029585.799	3544.965	1621	1755	127.284	2134.708	NaN
848	0848-1788	3098290.598	2845.172	332	1769	157.479	2039.138	NaN
849	0849-1784	1771038.790	1942.477	430	1765	127.626	1557.584	NaN
850	0850-1764	256821.170	685.927	1080	1756	127.405	512.821	NaN
851	0851-1763	191074.951	632.150	553	1757	149.534	384.615	NaN
852	0852-1764	50336.949	317.292	585	1761	135.000	224.359	NaN
853	0853-1782	1045775.805	1422.586	604	1761	104.349	1193.100	NaN
854	0854-1767	77046.351	407.946	315	1763	135.000	288.462	NaN
855	0855-1779	666707.758	1192.377	279	1770	143.746	961.538	NaN
856	0856-1809	4974112.426	4333.566	167	1771	143.723	1948.597	NaN
857	0857-1772	65746.220	362.619	951	1768	135.000	256.410	NaN
858	0858-1773	80128.205	407.946	1978	1778	45.000	288.462	NaN
859	0859-1778	174638.396	771.897	938	1770	138.366	419.449	NaN
860	0860-1774	50336.949	317.292	532	1771	135.000	224.359	NaN
861	0861-1779	106837.607	435.945	493	1785	53.973	320.513	NaN
862	0862-1781	147928.994	612.339	8	1775	137.121	381.648	NaN
863	0863-1783	144847.140	577.813	1079	1776	123.690	352.564	NaN
864	0864-1780	57527.942	340.710	1509	1777	138.814	224.359	NaN
865	0865-1863	10463921.762	5518.966	1287	1948	78.951	3728.830	NaN
866	0866-1804	1772066.075	1920.939	547	1828	25.710	1529.125	NaN
867	0867-1861	9569156.805	6018.306	29	1782	123.267	3102.410	NaN
868	0868-1788	50336.949	317.292	50	1785	135.000	224.359	NaN
869	0869-1788	50336.949	317.292	273	1785	135.000	224.359	NaN
870	0870-1788	50336.949	317.292	504	1785	135.000	224.359	NaN
871	0871-1812	1487508.218	1824.954	632	1818	30.619	1350.165	NaN
872	0872-1801	712935.569	1591.629	94	1789	154.983	716.858	NaN
873	0873-1900	20149161.736	7399.127	1548	1787	100.482	4102.564	NaN
874	0874-1798	57527.942	340.710	491	1794	131.186	224.359	NaN
875	0875-1805	252712.032	660.754	286	1796	129.094	576.923	NaN
876	0876-1805	298939.842	853.431	316	1797	145.713	576.923	NaN
877	0877-1799	64718.935	365.441	500	1796	142.125	224.359	NaN
878	0878-1812	440705.128	1204.804	1510	1796	118.610	632.052	NaN
879	0879-1836	1803911.900	2357.241	1151	1800	101.768	1314.103	NaN
880	0880-1827	1106385.602	2221.503	148	1804	136.169	850.947	NaN
881	0881-1814	331812.952	862.412	509	1824	48.013	641.026	NaN
882	0882-1810	69855.358	385.949	368	1814	41.634	256.410	NaN
883	0883-1857	5732248.521	3113.102	405	1903	61.060	2757.836	NaN
884	0884-1820	50336.949	317.292	593	1817	135.000	224.359	NaN
885	0885-1822	65746.220	362.619	25	1818	135.000	256.410	NaN
886	0886-1825	106837.607	498.601	271	1831	45.000	346.688	NaN
887	0887-1833	326676.529	1156.070	479	1820	133.877	624.554	NaN
888	0888-1854	1758711.374	2281.952	1802	1821	119.445	1129.339	NaN
889	0889-1843	1132067.719	1534.785	311	1864	61.294	1250.000	NaN
890	0890-1870	3250328.731	3621.937	579	1844	143.637	1743.359	NaN
891	0891-1834	70882.643	385.949	521	1839	48.366	256.410	NaN
892	0892-1865	1849112.426	2207.819	1200	1832	103.431	1307.318	NaN
893	0893-1880	3807117.028	3939.701	130	1833	129.388	1648.493	NaN
894	0894-1837	50336.949	317.292	555	1834	135.000	224.359	NaN
895	0895-1852	592743.261	1211.606	348	1867	52.524	865.385	NaN
896	0896-1856	97592.045	480.769	543	1862	53.130	288.462	NaN
897	0897-1854	72937.212	385.949	556	1850	138.366	256.410	NaN
898	0898-1856	91428.337	453.274	489	1861	45.000	320.513	NaN
899	0899-1855	79100.920	407.946	504	1860	45.000	288.462	NaN
900	0900-1899	7902901.052	4945.670	215	1862	154.265	2383.408	NaN
901	0901-1909	2525065.746	3434.426	1239	1860	112.496	1477.449	NaN
902	0902-1949	13085552.268	6011.389	1651	1860	107.372	3060.280	NaN
903	0903-1867	79100.920	410.457	525	1871	38.660	256.410	NaN
904	0904-1867	57527.942	340.710	327	1864	138.814	224.359	NaN
905	0905-1884	784845.496	1366.603	897	1871	140.711	984.122	NaN
906	0906-1872	71909.928	391.236	511	1869	145.008	224.359	NaN
907	0907-1889	708826.430	1362.839	339	1902	41.186	836.425	NaN
908	0908-1881	196211.374	659.976	327	1877	150.945	416.667	NaN
909	0909-1897	1271778.435	1924.145	471	1913	29.982	1337.157	NaN
910	0910-1888	413995.726	1003.876	1163	1885	163.301	576.923	NaN
911	0911-1889	127383.300	516.811	531	1896	60.255	320.513	NaN
912	0912-1911	2172707.101	2173.115	954	1894	142.792	1561.838	NaN
913	0913-1998	11590853.057	7459.759	1330	1889	108.279	2541.960	NaN
914	0914-1897	92455.621	462.250	1909	1891	123.690	256.410	NaN
915	0915-1913	227029.915	875.417	1373	1901	113.749	352.564	NaN
916	0916-1914	251684.747	803.203	1159	1903	118.610	512.821	NaN
917	0917-1910	119165.023	506.775	1176	1917	55.305	320.513	NaN
918	0918-1934	1427925.707	2050.531	1189	1906	114.963	1237.126	NaN
919	0919-1913	50336.949	317.292	695	1910	135.000	224.359	NaN
920	0920-1915	85264.629	435.945	374	1919	36.027	256.410	NaN
921	0921-1920	123274.162	506.775	668	1925	34.695	320.513	NaN
922	0922-1962	2777777.778	2842.463	1739	1923	119.745	1522.220	NaN
923	0923-1931	245521.039	898.008	415	1939	34.824	478.341	NaN
924	0924-1951	1902531.229	2023.297	131	1970	40.503	1648.641	NaN
925	0925-1933	221893.491	820.913	378	1942	38.660	504.143	NaN
926	0926-1955	883464.826	1961.161	1134	1985	78.690	666.799	NaN
927	0927-1932	89373.767	453.274	729	1927	135.000	320.513	NaN
928	0928-1954	815664.037	1602.564	446	1978	73.740	1304.606	NaN
929	0929-1942	137656.147	634.583	673	1935	135.000	383.766	NaN
930	0930-1941	115055.884	476.477	502	1936	137.726	352.564	NaN
931	0931-1942	116083.169	480.769	525	1937	143.130	320.513	NaN
932	0932-1971	2203525.641	2244.734	1156	2006	80.134	1570.513	NaN
933	0933-1994	11048446.746	5105.418	221	1939	137.799	3227.167	NaN
934	0934-1950	359549.638	1135.900	381	1957	16.390	532.621	NaN
935	0935-1949	166420.118	681.420	71	1942	138.814	412.437	NaN
936	0936-1949	115055.884	525.680	443	1956	52.431	320.513	NaN
937	0937-2012	5860659.106	4332.143	359	1946	105.887	1864.954	NaN
938	0938-1958	146901.709	693.375	1224	1949	123.690	372.678	NaN
939	0939-1956	125328.731	521.757	93	1950	132.510	384.615	NaN
940	0940-1954	71909.928	385.949	1241	1959	48.366	256.410	NaN
941	0941-1967	419132.150	1095.385	190	1951	110.556	480.769	NaN
942	0942-1990	3165064.103	3143.641	33	1952	140.793	1548.300	NaN
943	0943-1958	50336.949	317.292	495	1955	135.000	224.359	NaN
944	0944-1964	179774.819	731.584	389	1971	28.811	398.881	NaN
945	0945-2062	13452292.899	6883.195	421	1960	122.062	3302.966	NaN
946	0946-2018	7757026.627	4353.551	1207	1972	133.210	3474.143	NaN
947	0947-1984	1043721.236	1929.743	687	1971	147.894	1010.861	NaN
948	0948-1975	148956.279	615.685	11	1981	38.660	384.615	NaN
949	0949-1973	105810.322	462.250	1236	1969	146.310	288.462	NaN
950	0950-1975	50336.949	317.292	482	1972	135.000	224.359	NaN
951	0951-1981	50336.949	317.292	509	1978	135.000	224.359	NaN
952	0952-2067	11083374.425	6029.220	1516	1979	111.519	3122.311	NaN
953	0953-1989	142792.571	645.020	484	1998	63.435	288.462	NaN
954	0954-2027	4957675.871	3325.465	661	1982	116.318	2338.649	NaN
955	0955-1990	268121.302	846.178	519	1984	155.376	442.613	NaN
956	0956-2020	5495973.044	3828.083	124	1985	154.722	2335.614	NaN
957	0957-2002	385231.755	1175.456	1286	1986	115.866	493.797	NaN
958	0958-2007	702662.722	1632.414	947	1990	133.409	709.912	NaN
959	0959-1995	148956.279	615.685	493	2003	51.340	382.635	NaN
960	0960-1998	169501.972	577.813	1453	1991	123.690	384.615	NaN
961	0961-2097	21438404.011	6800.463	1606	2196	43.854	5098.520	NaN
962	0962-2008	111974.030	498.601	1770	2014	45.000	352.564	NaN
963	0963-2012	118137.738	543.928	710	2006	135.000	384.615	NaN
964	0964-2018	239357.331	835.795	922	2007	122.471	432.880	NaN
965	0965-2033	1232741.617	1858.422	1447	2009	122.320	1224.912	NaN
966	0966-2019	146901.709	636.200	495	2013	139.086	404.226	NaN
967	0967-2108	7696416.831	5962.658	1129	2018	104.634	2331.860	NaN
968	0968-2022	79100.920	407.946	1876	2027	45.000	288.462	NaN
969	0969-2031	287639.711	924.500	1305	2019	123.690	506.697	NaN
970	0970-2033	500287.640	1231.370	1735	2023	141.340	701.225	NaN
971	0971-2043	939965.483	1571.820	837	2024	129.207	1093.399	NaN
972	0972-2054	1431007.561	2053.534	92	2036	145.814	1083.318	NaN
973	0973-2116	18890738.001	6697.798	832	2158	24.603	4779.307	NaN
974	0974-2074	1473126.233	2294.523	1413	2043	118.355	913.253	NaN
975	0975-2050	76019.066	410.457	624	2045	128.660	256.410	NaN
976	0976-2048	50336.949	317.292	1314	2045	135.000	224.359	NaN
977	0977-2093	7612179.487	4804.272	221	2056	161.323	2340.561	NaN
978	0978-2098	2740795.529	3065.215	1304	2052	111.468	1413.792	NaN
979	0979-2072	559870.151	1371.855	610	2060	142.595	755.875	NaN
980	0980-2130	12702375.082	4827.417	1023	2091	135.269	4014.098	NaN
981	0981-2067	50336.949	317.292	597	2064	135.000	224.359	NaN
982	0982-2132	8437089.086	5013.644	1462	2067	123.792	2776.500	NaN
983	0983-2080	703690.007	1467.725	173	2069	148.392	800.705	NaN
984	0984-2085	237302.761	747.558	1241	2096	59.036	448.718	NaN
985	0985-2137	4924802.761	4840.168	1199	2076	126.111	1961.250	NaN
986	0986-2083	170529.257	631.337	142	2088	23.962	352.564	NaN
987	0987-2083	134574.293	525.680	654	2089	37.569	352.564	NaN
988	0988-2128	2195307.364	3362.942	1260	2081	112.410	1088.827	NaN
989	0989-2082	50336.949	317.292	1344	2079	135.000	224.359	NaN
990	0990-2141	5374753.452	4154.445	385	2086	125.897	1852.278	NaN
991	0991-2103	1101249.178	1898.345	670	2100	168.311	1157.752	NaN
992	0992-2093	79100.920	417.898	1351	2090	147.529	224.359	NaN
993	0993-2121	2109015.450	2224.507	165	2094	126.209	1599.245	NaN
994	0994-2123	487960.224	1220.476	1373	2106	113.199	576.923	NaN
995	0995-2111	71909.928	385.949	1434	2107	138.366	256.410	NaN
996	0996-2123	438650.559	1271.188	121	2112	146.310	698.618	NaN
997	0997-2129	539324.458	1132.731	358	2113	115.115	705.128	NaN
998	0998-2157	6051734.057	5797.031	46	2131	158.257	1821.198	NaN
999	0999-2158	5684993.425	3387.140	220	2127	150.524	2428.953	NaN
1000	1000-2125	209566.075	705.856	679	2118	140.528	448.718	NaN
1001	1001-2137	939965.483	1583.541	739	2122	144.058	1000.408	NaN
1002	1002-2160	3047953.649	2801.876	1403	2123	125.690	1794.963	NaN
1003	1003-2139	170529.257	648.989	1354	2131	122.905	384.615	NaN
1004	1004-2168	3621178.501	3172.429	755	2167	161.748	1955.128	NaN
1005	1005-2159	647189.349	1333.888	317	2149	144.782	890.991	NaN
1006	1006-2174	1601536.818	1797.445	492	2155	129.936	1333.041	NaN
1007	1007-2174	2167570.677	2169.093	1311	2160	145.840	1506.410	NaN
1008	1008-2164	85264.629	431.206	364	2169	41.987	288.462	NaN
1009	1009-2180	2099769.888	2956.025	17	2183	170.640	1153.846	NaN
1010	1010-2169	163338.264	570.657	720	2176	38.157	448.718	NaN
1011	1011-2181	2506574.622	2990.404	920	2198	17.464	1130.630	NaN
1012	1012-2182	1107412.886	1538.795	1553	2170	144.324	1025.641	NaN
1013	1013-2179	195184.089	907.680	358	2170	137.862	405.000	NaN
1014	1014-2179	63691.650	362.619	330	2175	135.000	256.410	NaN
1015	1015-2182	98619.329	435.945	339	2186	36.027	288.462	NaN
1016	1016-2188	734508.547	1502.313	1018	2189	168.930	641.026	NaN
1017	1017-2188	628698.225	1370.356	1703	2190	169.216	608.974	NaN
1018	1018-2188	50336.949	317.292	361	2185	135.000	224.359	NaN
1019	1019-2191	259903.024	904.846	1206	2186	157.068	416.667	NaN
1020	1020-2193	131492.439	530.543	312	2191	154.983	288.462	NaN
