 	Label	Area	Feret	FeretX	FeretY	FeretAngle	MinFeret	Perinuclei
1	IIx	1674.739	72.998	1632	38	151.899	44.179	NaN
2	IIa	828.575	45.513	1393	18	110.925	25.388	NaN
3	IIa	164.543	23.633	1677	24	142.524	10.796	NaN
4	IIa	692.173	42.668	1315	29	100.981	23.131	NaN
5	IIa	581.175	39.167	1718	49	171.741	20.366	NaN
6	IIx	1587.973	68.874	690	49	171.649	30.188	NaN
7	IIx	858.279	48.466	1335	34	120.203	27.352	NaN
8	I	764.869	42.003	1521	102	75.343	24.382	NaN
9	IIa	307.980	29.356	1554	37	153.435	17.059	NaN
10	IIa	903.616	44.002	810	62	157.443	34.458	NaN
11	IIx	170.405	23.765	1811	69	54.638	11.355	NaN
12	IIx	1437.500	53.436	635	115	61.336	42.509	NaN
13	IIa	226.686	28.084	1494	89	73.179	11.253	NaN
14	IIa	1173.685	55.840	1179	48	111.682	30.195	NaN
15	IIa	1687.636	62.357	437	69	154.463	37.800	NaN
16	IIx	4044.777	120.034	1505	196	48.589	66.163	NaN
17	IIa	996.245	47.587	983	52	99.834	29.383	NaN
18	IIa	1584.846	55.390	315	56	126.741	42.701	NaN
19	IIa	1506.679	56.694	534	60	131.424	38.316	NaN
20	IIa	1611.423	61.990	367	66	138.270	39.387	NaN
21	IIa	968.886	47.648	1229	135	70.852	29.514	NaN
22	IIa	1124.439	55.707	933	64	99.039	31.826	NaN
23	IIx	1048.226	52.574	1136	64	115.346	28.610	NaN
24	IIb	448.291	41.662	1738	93	25.796	17.397	NaN
25	IIx	1462.123	66.073	1010	70	110.493	27.267	NaN
26	IIa	1055.261	61.180	1062	165	78.805	23.131	NaN
27	IIa	144.610	20.132	1558	96	53.842	11.554	NaN
28	IIa	543.264	44.002	1263	147	67.443	16.742	NaN
29	IIa	991.164	59.167	795	82	96.674	20.631	NaN
30	IIa	796.527	37.301	1794	114	13.570	30.633	NaN
31	IIa	1276.475	60.146	705	91	136.685	42.314	NaN
32	IIx	138.747	23.358	1394	103	15.524	7.502	NaN
33	IIx	1085.356	58.356	1101	188	85.083	22.108	NaN
34	IIa	785.583	54.805	814	99	110.709	20.127	NaN
35	IIx	123.114	16.505	1738	109	24.624	9.829	NaN
36	I	827.403	59.035	856	100	95.469	23.909	NaN
37	IIx	91.847	17.336	1429	112	25.641	9.378	NaN
38	IIx	1173.685	59.220	1642	124	169.046	29.086	NaN
39	IIa	143.047	23.055	1463	103	102.529	8.055	NaN
40	IIa	1066.205	47.648	597	176	70.852	34.289	NaN
41	IIx	756.271	40.881	1375	139	23.429	27.416	NaN
42	IIa	597.591	31.884	1280	140	28.072	26.749	NaN
43	IIx	1296.408	62.345	1343	209	83.089	28.447	NaN
44	IIx	1108.806	56.694	448	115	131.424	29.001	NaN
45	IIa	1360.114	51.019	645	175	36.027	40.925	NaN
46	IIx	1450.398	54.130	528	116	104.036	35.588	NaN
47	IIx	1664.968	63.981	284	124	146.155	35.585	NaN
48	IIa	1155.316	54.762	969	127	108.642	33.759	NaN
49	IIa	635.502	37.744	1767	163	26.565	27.007	NaN
50	IIa	482.293	35.376	1418	174	46.432	21.222	NaN
51	IIa	582.348	39.820	892	135	112.135	21.831	NaN
52	IIa	813.333	36.119	1180	136	113.459	33.155	NaN
53	IIx	1951.061	73.422	367	137	141.569	42.314	NaN
54	IIa	1039.237	52.641	1123	218	74.148	28.413	NaN
55	IIa	1480.883	57.468	720	138	120.750	39.612	NaN
56	IIx	905.180	45.306	1631	142	140.599	26.840	NaN
57	IIa	540.919	35.199	1229	192	70.278	21.084	NaN
58	IIa	522.550	37.312	1368	206	81.327	21.119	NaN
59	IIx	771.513	43.976	1694	161	165.174	23.756	NaN
60	I	927.457	63.712	923	158	132.614	23.522	NaN
61	IIa	1345.653	54.519	264	162	139.185	35.520	NaN
62	IIx	1022.040	53.594	1286	160	106.955	28.202	NaN
63	IIx	766.041	50.064	1251	243	74.055	26.257	NaN
64	IIa	827.794	44.457	1022	173	115.844	31.884	NaN
65	IIa	212.616	23.266	1572	173	149.300	13.754	NaN
66	IIx	402.172	30.171	1464	208	34.019	20.585	NaN
67	IIx	1697.798	80.848	1360	262	39.352	35.718	NaN
68	IIx	1226.448	67.153	1753	252	35.910	29.970	NaN
69	IIx	1260.842	47.685	612	246	55.685	41.261	NaN
70	IIx	1113.496	50.189	1151	258	76.310	29.568	NaN
71	IIa	1075.976	46.587	781	183	130.101	37.782	NaN
72	IIx	1122.094	49.735	1078	184	104.560	29.712	NaN
73	IIa	623.777	33.834	1734	199	163.909	25.694	NaN
74	IIa	1421.867	57.028	342	207	167.335	36.885	NaN
75	IIa	1815.049	60.176	630	256	29.228	44.666	NaN
76	IIx	1413.268	50.457	468	245	33.887	36.260	NaN
77	IIx	968.886	54.965	873	192	109.259	27.110	NaN
78	IIa	792.228	47.550	1187	262	61.750	22.695	NaN
79	IIa	838.346	46.792	573	195	112.797	29.537	NaN
80	IIa	904.398	55.217	1641	199	164.233	22.506	NaN
81	IIa	685.529	48.102	916	273	81.027	20.247	NaN
82	IIa	1121.704	47.319	1612	197	105.322	36.249	NaN
83	IIa	497.145	29.489	1565	199	111.125	24.882	NaN
84	I	122.723	17.705	1007	223	47.862	12.447	NaN
85	I	714.451	45.586	1487	217	154.841	23.041	NaN
86	IIa	577.267	38.217	1337	273	74.827	21.929	NaN
87	IIx	1776.747	55.672	412	299	65.450	44.939	NaN
88	I	1303.834	57.468	707	276	30.750	37.960	NaN
89	IIa	939.182	47.447	853	220	108.435	29.719	NaN
90	IIa	736.338	52.752	1438	224	148.570	20.981	NaN
91	I	1277.257	45.168	1851	283	48.366	41.059	NaN
92	IIa	852.807	46.389	945	225	127.333	28.690	NaN
93	IIx	949.344	61.001	1201	320	65.799	25.287	NaN
94	I	1421.867	66.236	1637	276	19.290	32.818	NaN
95	IIa	740.246	39.982	1112	301	80.096	27.982	NaN
96	IIb	161.025	17.382	788	265	37.694	13.527	NaN
97	IIa	916.123	45.294	545	247	110.186	32.228	NaN
98	IIa	1437.500	56.314	1791	330	67.135	38.130	NaN
99	IIb	172.750	21.702	806	274	48.504	14.086	NaN
100	IIa	776.203	49.939	1048	248	124.287	25.513	NaN
101	IIx	765.651	42.031	1273	253	112.751	25.410	NaN
102	IIa	864.533	46.064	1565	283	172.200	31.853	NaN
103	IIa	410.379	29.858	1412	261	160.427	18.395	NaN
104	IIx	1938.945	74.984	268	284	172.816	40.295	NaN
105	IIa	85.203	16.362	1297	260	133.452	8.875	NaN
106	IIa	827.012	42.887	1001	262	120.677	24.638	NaN
107	IIa	167.669	20.200	1523	279	21.801	11.801	NaN
108	IIx	1265.923	56.767	1681	297	168.566	36.260	NaN
109	IIa	557.725	35.804	598	278	155.225	22.043	NaN
110	IIa	825.840	54.801	1827	268	117.150	25.427	NaN
111	IIa	322.050	37.369	1225	326	72.474	12.172	NaN
112	IIa	635.893	46.717	1151	342	74.476	19.418	NaN
113	IIx	146.564	18.651	1344	290	39.560	12.503	NaN
114	IIa	868.832	41.938	1877	290	153.435	33.134	NaN
115	IIa	862.578	41.961	890	286	146.547	32.879	NaN
116	IIx	1430.856	51.572	1447	296	173.737	41.404	NaN
117	IIa	1152.971	45.125	472	278	137.246	36.052	NaN
118	IIx	1428.511	52.309	775	275	114.727	36.756	NaN
119	IIa	1134.210	54.791	657	308	16.574	31.373	NaN
120	IIa	662.079	39.898	836	287	125.433	24.313	NaN
121	IIa	201.672	25.882	1046	291	127.147	10.658	NaN
122	IIa	1193.227	53.971	961	293	115.378	30.841	NaN
123	IIx	401.781	33.666	1309	318	21.801	17.295	NaN
124	I	1706.396	62.470	1605	306	157.027	39.910	NaN
125	IIa	391.228	27.600	1366	298	166.908	21.256	NaN
126	IIa	938.010	57.366	881	298	106.460	24.635	NaN
127	I	947.390	49.019	1244	303	142.253	29.524	NaN
128	IIa	589.383	39.996	1530	340	24.963	22.092	NaN
129	IIa	1055.652	46.110	367	328	167.471	31.884	NaN
130	I	809.424	50.298	1100	374	57.693	25.716	NaN
131	IIa	759.788	38.992	1399	326	167.969	26.894	NaN
132	IIx	890.719	54.098	598	310	146.310	24.722	NaN
133	IIa	657.389	55.952	572	315	140.440	20.327	NaN
134	IIa	444.773	33.608	1177	316	99.638	17.505	NaN
135	IIa	104.354	15.529	1707	320	139.899	10.003	NaN
136	I	279.058	24.132	1332	336	16.557	15.004	NaN
137	IIa	998.981	63.402	1535	399	49.399	23.313	NaN
138	IIa	614.397	35.541	1011	331	129.289	25.632	NaN
139	IIa	1229.575	44.493	694	377	17.162	38.583	NaN
140	IIx	1433.201	70.420	278	335	163.496	28.458	NaN
141	IIx	1097.863	59.312	496	340	147.482	29.406	NaN
142	IIa	1044.318	44.755	926	331	102.095	31.477	NaN
143	IIa	148.127	19.178	1497	340	160.974	10.307	NaN
144	IIa	592.900	46.064	1721	338	161.811	22.873	NaN
145	IIa	1175.639	56.612	1799	345	136.790	35.991	NaN
146	I	1013.832	64.864	1126	442	79.448	22.026	NaN
147	IIx	418.196	34.583	1314	340	130.601	21.885	NaN
148	I	699.208	51.994	838	341	108.217	19.398	NaN
149	IIx	825.058	53.757	1073	426	81.304	19.164	NaN
150	IIa	532.321	33.509	1210	348	126.656	26.583	NaN
151	IIa	1020.477	58.285	443	351	144.605	27.605	NaN
152	IIa	698.817	39.406	1382	355	131.785	27.120	NaN
153	IIx	133.276	18.651	1343	351	166.430	10.003	NaN
154	I	1594.226	65.964	1425	360	165.174	32.509	NaN
155	I	2028.447	59.863	1601	447	82.801	48.978	NaN
156	IIa	494.409	44.493	1238	356	160.292	18.116	NaN
157	IIa	1427.729	49.464	776	433	69.274	40.302	NaN
158	IIa	642.928	50.177	1696	358	149.281	25.625	NaN
159	IIa	1373.012	52.130	365	386	157.433	37.208	NaN
160	IIa	1273.739	58.006	1873	368	149.566	30.080	NaN
161	IIx	1585.237	60.127	246	381	152.103	37.801	NaN
162	IIa	714.842	39.346	1148	365	107.571	27.835	NaN
163	I	827.012	51.492	1005	367	119.055	27.906	NaN
164	IIa	427.576	33.140	313	372	144.211	18.125	NaN
165	I	1146.326	50.345	953	447	61.844	35.201	NaN
166	IIa	1156.879	60.111	1785	374	116.565	31.048	NaN
167	IIa	1037.283	51.359	187	377	148.438	27.569	NaN
168	IIx	853.980	45.229	1665	375	139.485	29.414	NaN
169	IIx	1312.432	59.104	1321	400	156.961	34.878	NaN
170	IIx	122.723	16.891	656	401	38.991	12.503	NaN
171	IIa	499.099	44.122	1096	384	97.326	17.505	NaN
172	I	1022.040	60.693	691	387	145.491	24.324	NaN
173	IIa	549.908	38.503	1257	394	147.600	23.825	NaN
174	IIa	820.368	47.319	876	463	74.678	23.611	NaN
175	I	371.296	40.055	907	390	124.186	13.700	NaN
176	IIa	469.396	38.947	999	391	108.726	18.144	NaN
177	IIa	547.172	35.984	529	406	172.011	22.506	NaN
178	IIa	936.056	47.947	455	396	140.290	27.333	NaN
179	I	1154.534	60.305	1193	415	162.504	28.222	NaN
180	IIb	244.664	23.765	642	436	54.638	15.552	NaN
181	IIx	831.311	54.145	1877	405	126.076	21.751	NaN
182	IIa	451.026	43.659	1415	418	150.866	21.679	NaN
183	IIx	721.095	45.791	1474	415	147.829	29.061	NaN
184	IIa	644.491	43.318	1542	411	110.266	23.495	NaN
185	I	1709.132	60.120	1709	434	163.072	44.231	NaN
186	IIx	2160.550	82.506	1975	411	96.963	45.154	NaN
187	IIx	1435.937	71.107	352	415	150.505	29.456	NaN
188	IIa	588.210	31.933	1627	449	23.051	25.007	NaN
189	IIa	717.578	44.347	683	422	139.574	23.201	NaN
190	IIa	721.877	41.511	1174	423	127.042	27.104	NaN
191	I	1298.753	66.445	832	423	109.799	29.394	NaN
192	IIx	1407.406	50.950	335	426	96.340	39.082	NaN
193	IIa	952.080	54.192	526	426	129.382	30.077	NaN
194	IIa	1438.282	58.892	234	437	142.765	35.515	NaN
195	IIb	971.622	64.849	906	432	123.996	24.295	NaN
196	IIa	431.875	34.013	1048	484	72.897	16.880	NaN
197	IIa	644.100	37.770	1296	441	151.314	25.462	NaN
198	IIa	1027.903	52.219	1835	455	148.213	27.924	NaN
199	IIa	1254.979	52.756	755	497	40.675	33.257	NaN
200	I	579.221	35.393	1126	445	144.345	25.632	NaN
201	I	1059.951	43.909	1355	460	151.975	34.647	NaN
202	IIx	1096.299	55.334	458	447	147.926	27.488	NaN
203	I	1040.800	48.203	1417	454	136.577	33.765	NaN
204	IIa	836.392	55.707	606	457	170.961	23.131	NaN
205	IIa	497.145	41.793	1075	454	145.359	22.131	NaN
206	IIa	585.084	46.603	1225	473	6.934	18.755	NaN
207	IIa	850.462	47.685	1676	464	145.685	29.026	NaN
208	IIa	649.963	48.077	979	458	102.771	18.285	NaN
209	IIa	355.271	29.489	1001	500	57.995	18.130	NaN
210	I	1055.652	57.712	880	468	129.726	24.846	NaN
211	IIx	683.184	41.667	1594	459	117.719	32.011	NaN
212	IIa	198.545	25.655	1641	461	136.975	12.292	NaN
213	IIa	609.706	44.122	1013	529	69.254	22.933	NaN
214	IIa	956.770	49.637	380	470	139.086	31.794	NaN
215	I	1649.334	59.892	1745	516	13.891	40.770	NaN
216	IIx	610.488	42.475	1488	475	137.386	29.681	NaN
217	I	1143.200	48.466	675	493	149.797	32.379	NaN
218	I	908.697	53.415	1297	482	147.426	25.022	NaN
219	IIa	154.772	18.259	611	483	141.953	12.022	NaN
220	IIa	1076.366	57.257	209	495	148.392	29.544	NaN
221	IIx	336.120	31.390	1185	485	134.193	16.137	NaN
222	IIa	715.623	46.984	1228	484	154.799	22.635	NaN
223	I	1051.744	58.289	1140	489	141.532	27.045	NaN
224	IIa	603.844	39.952	1547	499	159.864	24.302	NaN
225	IIa	284.921	30.073	1050	488	133.315	17.184	NaN
226	IIa	1079.102	42.901	454	490	108.699	33.759	NaN
227	IIa	679.276	45.017	591	493	142.334	23.176	NaN
228	IIa	496.364	38.171	638	497	148.392	18.992	NaN
229	IIx	156.335	17.167	1634	492	146.889	11.253	NaN
230	IIa	1256.933	59.873	769	579	61.294	34.673	NaN
231	I	2821.456	93.039	341	509	138.814	43.142	NaN
232	IIa	928.630	45.500	506	512	167.300	30.895	NaN
233	IIa	645.664	41.024	878	498	97.883	22.506	NaN
234	IIa	1096.690	65.640	1841	503	139.635	27.049	NaN
235	IIa	678.494	45.069	1088	509	156.280	23.128	NaN
236	IIa	58.235	11.477	1001	518	60.642	6.252	NaN
237	IIx	1188.146	55.390	1634	521	159.520	31.379	NaN
238	IIa	394.355	31.089	1475	514	164.846	22.296	NaN
239	IIa	64.097	12.409	316	505	130.914	8.036	NaN
240	IIa	537.792	37.028	1383	512	168.311	19.721	NaN
241	IIa	1708.351	86.685	293	512	133.247	30.560	NaN
242	IIx	1204.170	66.647	1904	515	143.775	30.623	NaN
243	IIa	1282.338	57.383	785	587	29.358	35.102	NaN
244	IIx	100.445	14.541	1725	519	154.537	10.003	NaN
245	I	911.433	39.874	1276	530	138.814	33.071	NaN
246	I	153.208	16.822	1613	522	131.987	13.129	NaN
247	I	677.321	37.223	1023	535	150.852	27.464	NaN
248	IIx	446.727	33.579	1461	524	114.179	22.142	NaN
249	IIb	71.914	12.409	577	539	49.086	9.378	NaN
250	IIx	591.337	33.228	956	573	41.186	28.951	NaN
251	IIx	369.732	30.995	1226	527	138.270	22.122	NaN
252	I	1035.329	53.823	1523	539	149.265	32.713	NaN
253	IIx	1676.302	67.019	202	551	165.964	35.954	NaN
254	IIa	721.877	42.516	1735	544	160.233	26.613	NaN
255	IIa	972.404	60.535	682	538	141.710	23.793	NaN
256	IIa	752.753	52.365	1001	533	123.311	21.982	NaN
257	I	1263.187	64.623	1077	535	155.418	28.895	NaN
258	IIa	535.447	39.152	1329	535	128.517	25.147	NaN
259	I	1152.971	66.268	1572	536	148.109	29.366	NaN
260	IIa	112.952	14.595	1501	551	43.264	10.628	NaN
261	I	1068.550	57.151	628	554	149.789	31.146	NaN
262	IIa	912.215	47.389	577	549	143.584	27.074	NaN
263	I	1488.309	61.448	462	618	44.588	41.153	NaN
264	I	925.894	49.519	1379	546	133.977	29.664	NaN
265	IIa	620.650	46.216	923	551	120.033	17.820	NaN
266	IIa	1107.633	67.940	1803	548	153.199	31.390	NaN
267	IIb	88.329	14.913	551	553	146.976	9.226	NaN
268	IIa	642.146	37.175	1186	557	137.726	24.273	NaN
269	IIa	827.794	54.447	1660	557	158.443	24.998	NaN
270	IIa	55.890	10.609	1866	559	135.000	7.502	NaN
271	I/IIa	51.591	11.060	1922	560	132.709	7.502	NaN
272	IIx	869.223	43.403	981	629	78.366	31.688	NaN
273	IIx	161.025	18.766	1487	565	150.018	11.716	NaN
274	IIa	973.576	43.177	871	578	145.620	33.748	NaN
275	IIa	506.135	34.110	1231	564	131.285	22.449	NaN
276	IIa	578.439	42.553	1043	573	169.846	18.755	NaN
277	IIa	1171.340	50.403	804	628	43.995	34.948	NaN
278	IIx	1446.490	58.379	1762	581	133.264	39.011	NaN
279	IIa	492.846	34.042	1440	587	172.614	21.881	NaN
280	IIa	446.336	39.027	1309	582	144.782	19.810	NaN
281	I	1449.225	63.819	523	599	147.400	36.813	NaN
282	IIx	1572.339	66.823	190	598	153.914	35.228	NaN
283	IIa	1276.084	52.522	281	611	171.098	38.761	NaN
284	I	1005.234	47.775	1277	593	137.121	29.114	NaN
285	IIa	731.648	42.151	1144	590	144.660	24.860	NaN
286	IIa	587.820	41.718	1587	592	150.362	20.709	NaN
287	I	1046.272	57.814	1070	601	158.429	31.858	NaN
288	I/IIa	870.004	54.278	1528	591	147.225	23.662	NaN
289	I/IIa	286.875	23.929	1365	627	70.145	15.448	NaN
290	IIa	415.069	31.859	1916	592	105.945	19.997	NaN
291	IIa	1177.984	59.342	760	688	78.453	29.075	NaN
292	IIa	1422.258	59.309	1704	601	145.305	37.883	NaN
293	IIa	550.690	35.409	634	598	132.138	21.327	NaN
294	IIa	843.036	42.668	1484	608	140.947	27.525	NaN
295	IIa	1074.803	62.872	1656	608	131.775	33.641	NaN
296	IIa	814.505	46.469	691	609	137.726	25.759	NaN
297	IIa	896.972	43.784	1204	625	9.866	28.646	NaN
298	IIa	714.451	55.934	1029	611	154.867	20.403	NaN
299	IIa	1081.056	51.553	1391	606	129.094	33.434	NaN
300	IIa	1193.227	52.473	1831	654	21.675	34.143	NaN
301	IIa	1656.369	56.297	382	622	150.018	40.636	NaN
302	I	1185.410	70.203	606	613	140.782	26.609	NaN
303	IIa	1111.542	59.941	866	611	106.356	27.168	NaN
304	IIa	1428.902	56.780	478	627	151.742	36.986	NaN
305	I	1057.997	57.468	932	615	104.490	25.871	NaN
306	IIx	1929.956	60.354	112	623	140.042	42.744	NaN
307	IIa	459.625	34.013	682	620	126.027	21.025	NaN
308	IIa	695.691	50.735	886	620	112.457	17.655	NaN
309	IIa	576.876	44.580	993	629	157.751	19.851	NaN
310	IIa	705.462	51.874	957	628	139.399	20.388	NaN
311	IIa	596.418	34.333	1335	654	10.491	24.412	NaN
312	IIa	727.739	45.138	1606	629	143.448	24.461	NaN
313	I	1250.680	68.692	1276	632	130.941	27.075	NaN
314	IIa	989.991	44.637	336	653	142.970	28.710	NaN
315	I	1579.374	65.024	1467	638	146.768	37.133	NaN
316	IIa	710.933	35.596	805	637	120.619	28.133	NaN
317	IIx	937.228	46.654	1168	642	147.588	29.212	NaN
318	I	1071.676	50.422	1541	649	160.442	33.721	NaN
319	IIa	536.620	34.976	1119	646	151.144	24.382	NaN
320	IIx	1102.943	57.233	270	660	158.199	29.464	NaN
321	I	846.945	55.875	1240	657	130.462	25.946	NaN
322	I	1298.753	55.672	1717	652	145.061	35.871	NaN
323	IIa	679.666	41.938	1885	665	169.695	21.395	NaN
324	IIa	864.142	60.703	1094	653	122.381	23.581	NaN
325	I	1496.126	73.722	565	660	129.495	33.708	NaN
326	I	683.966	45.294	1372	671	159.814	23.407	NaN
327	I	899.708	57.332	1025	668	154.832	26.853	NaN
328	IIa	1205.343	49.939	200	711	34.287	36.606	NaN
329	I	1172.903	67.948	1806	663	154.378	28.424	NaN
330	IIa	732.039	51.268	1457	660	105.562	21.476	NaN
331	IIb	1058.779	52.767	959	662	143.673	33.722	NaN
332	IIa	2089.808	70.225	454	683	145.886	43.147	NaN
333	IIa	935.274	46.216	708	668	120.033	28.847	NaN
334	IIx	1015.396	64.222	1667	672	148.941	27.185	NaN
335	IIa	701.944	41.014	632	674	142.431	25.700	NaN
336	IIa	773.077	38.619	1157	684	150.945	29.725	NaN
337	IIa	196.982	19.770	273	677	124.695	14.379	NaN
338	IIb	212.225	26.265	405	678	128.234	14.343	NaN
339	IIa	1337.055	58.289	537	688	141.532	32.857	NaN
340	IIb	3073.155	110.832	753	827	54.876	66.232	NaN
341	IIa	1787.300	64.686	1910	697	145.235	38.847	NaN
342	I	1083.792	68.692	1636	684	130.941	25.640	NaN
343	IIa	870.786	55.934	1023	685	154.867	22.625	NaN
344	IIa	848.117	43.619	1215	695	152.700	25.640	NaN
345	IIx	1432.029	55.976	1795	700	159.744	36.217	NaN
346	IIa	721.095	37.138	770	691	126.098	29.385	NaN
347	I	883.293	48.077	1357	700	167.229	25.727	NaN
348	IIa	484.248	39.707	1299	692	123.440	17.572	NaN
349	IIx	124.677	15.056	178	697	138.366	11.253	NaN
350	IIa	635.893	43.010	1589	702	147.465	24.846	NaN
351	IIa	861.797	55.934	904	702	152.003	24.183	NaN
352	IIa	991.555	52.522	281	721	8.902	26.006	NaN
353	I	1759.550	65.416	333	773	38.403	40.149	NaN
354	IIa	1064.641	46.469	1533	715	160.346	32.657	NaN
355	I	967.714	43.105	873	706	109.486	30.203	NaN
356	IIb	217.696	20.287	430	741	56.310	16.254	NaN
357	I/IIa	76.604	12.330	1765	718	149.534	8.127	NaN
358	I	1334.319	47.203	648	751	11.459	41.261	NaN
359	IIa	664.033	45.603	1416	731	146.746	25.391	NaN
360	IIa	1288.200	55.808	164	735	170.327	31.210	NaN
361	I/IIa	420.541	33.281	994	726	151.991	16.606	NaN
362	I	1065.814	59.183	1186	730	148.829	27.821	NaN
363	IIa	817.241	46.216	1350	720	120.033	28.465	NaN
364	IIa	1464.077	52.996	1896	722	107.152	42.001	NaN
365	IIx	1590.709	59.902	237	779	18.246	43.762	NaN
366	IIa	873.522	41.128	1500	788	70.463	33.260	NaN
367	IIa	912.606	51.401	1159	727	131.055	29.176	NaN
368	IIx	313.843	33.886	1109	728	127.504	15.559	NaN
369	IIa	541.310	41.285	1275	731	122.005	20.806	NaN
370	IIa	740.246	37.765	1735	759	19.335	25.632	NaN
371	IIa	881.339	41.493	1048	735	120.816	32.432	NaN
372	I	638.628	38.866	731	797	78.871	22.471	NaN
373	IIa	968.886	42.054	911	740	131.987	35.346	NaN
374	IIa	1117.795	57.692	1592	754	150.101	29.124	NaN
375	I	275.150	27.143	994	744	151.074	16.315	NaN
376	IIa	1458.606	64.055	462	744	155.186	34.898	NaN
377	I	147.346	16.134	1712	765	54.462	11.878	NaN
378	IIb	71.132	14.648	826	746	140.194	8.561	NaN
379	IIb	2444.298	77.765	383	776	155.289	46.960	NaN
380	I	664.033	36.821	957	754	139.821	26.264	NaN
381	IIx	1296.017	51.904	1782	791	9.009	36.725	NaN
382	IIa	844.991	43.114	1393	756	150.461	27.396	NaN
383	IIa	1370.276	52.040	556	766	163.960	38.350	NaN
384	IIb	2405.605	82.097	1948	749	106.365	42.512	NaN
385	IIa	499.881	37.474	1316	760	152.152	23.511	NaN
386	IIa	426.404	39.643	845	755	142.046	17.878	NaN
387	I	1219.804	49.794	1524	773	141.116	38.607	NaN
388	IIa	739.465	47.402	641	761	131.257	22.439	NaN
389	IIa	528.021	37.614	1022	820	68.552	22.506	NaN
390	IIa	846.554	44.400	1089	797	9.728	28.396	NaN
391	I	1592.272	76.458	1581	769	150.081	33.413	NaN
392	IIa	750.408	50.096	1684	769	119.124	24.153	NaN
393	I	1107.633	54.393	1721	770	142.472	32.733	NaN
394	I	945.436	49.341	1217	780	157.659	28.887	NaN
395	IIa	1373.012	54.343	299	820	23.025	33.552	NaN
396	IIx	1548.498	66.295	1843	811	159.001	35.930	NaN
397	IIx	990.382	46.771	853	790	142.058	33.509	NaN
398	IIa	652.699	34.128	703	790	118.443	27.507	NaN
399	IIa	1451.180	57.059	223	805	147.529	36.525	NaN
400	IIx	1295.626	58.476	502	832	6.137	31.485	NaN
401	IIa	1120.140	48.655	1040	805	152.447	37.449	NaN
402	IIa	678.885	39.242	1185	802	149.349	25.640	NaN
403	IIa	754.707	43.426	913	805	157.126	25.632	NaN
404	IIa	905.570	51.222	988	799	109.983	23.899	NaN
405	IIb	242.319	28.907	1381	804	158.429	14.942	NaN
406	I	1347.608	55.738	1110	821	156.886	38.255	NaN
407	IIa	1210.033	59.440	607	824	165.379	27.904	NaN
408	IIb	205.581	25.540	1421	801	158.459	12.503	NaN
409	IIa	780.112	42.677	1509	807	121.827	27.331	NaN
410	IIx	1159.224	49.779	1792	838	168.408	39.330	NaN
411	IIa	792.618	53.272	402	814	144.071	24.913	NaN
412	IIb	101.227	18.755	837	817	126.870	8.149	NaN
413	IIa	766.823	38.074	808	819	119.511	31.479	NaN
414	I	1160.787	69.473	1354	820	137.553	26.196	NaN
415	IIa	288.829	24.629	1464	822	113.962	15.004	NaN
416	IIa	598.763	46.186	1309	823	140.492	19.448	NaN
417	IIa	1142.418	54.145	372	827	143.924	29.280	NaN
418	IIa	517.078	37.847	1488	826	120.801	21.212	NaN
419	IIa	707.416	41.228	1400	827	130.696	29.038	NaN
420	IIa	909.870	57.410	1579	833	141.633	22.054	NaN
421	I	1204.952	46.216	304	845	156.903	37.240	NaN
422	IIb	81.685	17.516	1233	846	34.824	7.159	NaN
423	IIa	899.708	47.332	1648	843	167.800	32.649	NaN
424	I	992.336	52.350	941	845	139.844	28.100	NaN
425	IIa	460.797	27.486	896	852	162.801	23.695	NaN
426	IIa	281.012	24.059	1293	837	114.567	16.216	NaN
427	IIa	332.994	26.383	748	876	53.673	20.005	NaN
428	I	950.517	55.316	580	842	124.408	25.829	NaN
429	IIa	1462.514	63.586	494	848	149.906	32.318	NaN
430	IIb	279.058	27.308	841	877	15.945	18.554	NaN
431	IIa	849.681	50.111	1245	858	139.554	29.478	NaN
432	IIa	741.419	42.031	1737	853	157.249	29.383	NaN
433	IIa	914.560	53.768	622	850	113.286	22.644	NaN
434	I	1150.626	50.345	673	922	61.844	33.759	NaN
435	IIb	1136.555	51.439	1564	851	106.232	38.984	NaN
436	IIa	1284.683	54.447	1895	866	158.443	32.509	NaN
437	IIa	935.274	44.189	1050	861	154.885	31.822	NaN
438	I/IIa	857.107	45.324	1124	855	114.444	29.491	NaN
439	I	1100.208	54.776	1454	860	128.047	28.734	NaN
440	IIa	1295.626	52.752	1844	862	121.430	35.463	NaN
441	IIa	1227.621	54.170	278	864	108.853	33.647	NaN
442	IIa	555.380	33.416	1299	874	162.582	25.511	NaN
443	IIa	1085.747	53.121	1005	943	63.435	32.013	NaN
444	IIa	674.195	51.814	938	869	138.424	17.862	NaN
445	I	1192.445	51.723	762	876	153.435	32.027	NaN
446	IIa	1646.208	74.122	464	875	140.133	31.078	NaN
447	I	1344.872	68.840	1207	881	140.528	30.628	NaN
448	I	1595.789	55.136	334	938	29.181	41.459	NaN
449	IIx	53.936	10.936	724	877	120.964	6.252	NaN
450	IIa	689.828	39.152	849	878	128.517	27.480	NaN
451	I	1127.175	47.943	1694	887	167.957	38.135	NaN
452	IIa	911.042	57.332	893	888	152.038	24.267	NaN
453	I	1215.895	48.542	1367	960	82.600	37.332	NaN
454	IIa	1132.647	52.756	421	892	139.325	33.071	NaN
455	IIa	1195.572	50.673	1790	893	141.009	31.917	NaN
456	IIx	1099.035	59.759	1173	895	137.968	30.261	NaN
457	IIa	860.624	46.419	1514	891	135.546	27.945	NaN
458	IIb	91.065	12.139	739	887	124.509	10.003	NaN
459	I	1394.508	53.524	257	890	104.199	33.623	NaN
460	IIa	1077.539	54.676	1650	896	141.033	28.416	NaN
461	IIa	554.208	41.704	1389	895	130.135	21.193	NaN
462	IIa	843.427	39.879	1106	896	103.601	30.294	NaN
463	IIa	849.290	40.962	1593	926	164.055	31.258	NaN
464	IIx	1083.402	62.770	1433	901	123.215	25.714	NaN
465	IIa	714.842	39.430	695	934	25.346	28.133	NaN
466	I	1217.459	51.893	560	916	158.070	32.798	NaN
467	IIx	1624.321	55.808	1896	941	12.947	41.811	NaN
468	IIa	1579.765	64.686	1768	910	113.344	34.850	NaN
469	IIa	757.443	48.639	1290	917	142.836	21.702	NaN
470	IIb	407.644	29.489	756	940	21.125	21.256	NaN
471	I	1044.318	44.917	1052	926	145.204	29.651	NaN
472	IIa	954.034	52.006	163	964	27.181	25.858	NaN
473	I	1087.701	58.124	894	925	161.175	33.026	NaN
474	I	1697.016	77.329	1159	924	112.834	38.431	NaN
475	IIa	747.672	42.031	824	925	112.751	31.436	NaN
476	IIa	905.961	46.322	859	928	111.371	28.649	NaN
477	I	1306.179	56.591	643	941	163.968	34.170	NaN
478	IIa	1455.870	59.657	371	960	174.588	35.010	NaN
479	I/IIa	819.586	50.931	1494	937	131.517	24.512	NaN
480	IIa	1590.709	55.556	288	1010	39.063	39.056	NaN
481	I	1362.850	52.025	1816	968	159.605	38.478	NaN
482	IIa	1019.695	64.015	1592	942	121.827	24.748	NaN
483	IIx	269.287	24.132	741	949	143.427	16.110	NaN
484	I/IIa	504.962	30.881	1555	986	58.241	24.501	NaN
485	IIa	751.190	48.142	1182	947	142.386	24.882	NaN
486	I	1460.560	61.027	474	962	150.546	33.815	NaN
487	IIa	854.762	48.381	1384	954	154.759	26.659	NaN
488	IIb	862.578	49.771	1015	953	147.308	25.662	NaN
489	I	1088.482	50.654	1619	954	167.164	30.633	NaN
490	IIa	910.261	47.873	1251	953	130.764	32.112	NaN
491	IIa	2057.759	69.032	1726	952	102.022	42.428	NaN
492	IIa	1244.427	55.471	554	956	129.971	33.888	NaN
493	IIa	1110.369	42.955	618	1020	68.663	38.151	NaN
494	IIa	1233.874	57.366	1907	959	110.410	33.663	NaN
495	IIa	788.319	36.346	938	979	139.185	32.077	NaN
496	I	669.505	36.453	782	973	149.036	27.298	NaN
497	I	1246.381	61.165	1310	965	130.855	31.349	NaN
498	IIa	600.326	43.784	1355	966	136.736	20.155	NaN
499	IIa	1489.091	63.856	187	1032	18.258	34.904	NaN
500	IIa	1051.353	55.763	328	1023	19.654	28.719	NaN
501	I	778.548	39.162	881	1005	163.301	27.256	NaN
502	IIa	749.626	37.889	708	1034	52.374	31.060	NaN
503	I	62.925	11.060	1000	986	137.291	8.127	NaN
504	IIa	717.187	48.264	1100	989	143.427	22.673	NaN
505	IIa	1123.267	62.829	443	990	137.420	30.009	NaN
506	IIa	798.481	38.584	847	992	116.980	31.533	NaN
507	IIb	882.511	52.622	1471	996	156.176	31.703	NaN
508	I	858.279	42.147	758	1058	69.146	27.049	NaN
509	IIa	250.918	25.232	1553	1027	48.013	16.864	NaN
510	IIa	867.659	50.947	621	1033	14.207	25.722	NaN
511	IIa	1194.009	57.800	1664	1000	128.853	28.630	NaN
512	I	1443.754	58.195	413	1003	140.667	33.391	NaN
513	I	965.759	44.047	1206	1013	145.408	32.426	NaN
514	IIa	820.759	46.469	1418	998	123.476	29.432	NaN
515	I	134.448	19.631	989	1021	37.235	10.426	NaN
516	IIb	109.825	15.108	1072	1016	24.444	10.003	NaN
517	IIa	540.137	35.393	1563	1024	162.525	24.382	NaN
518	IIa	1542.636	58.285	1777	1006	112.714	39.307	NaN
519	IIx	1906.896	65.711	1818	1012	158.806	41.886	NaN
520	IIa	925.503	43.403	525	1014	131.496	29.724	NaN
521	IIa	913.387	48.915	1272	1015	128.774	30.367	NaN
522	IIa	835.220	38.927	947	1017	119.859	30.079	NaN
523	IIa	576.094	39.366	1004	1024	136.931	24.663	NaN
524	IIa	841.473	53.418	1380	1028	145.008	24.581	NaN
525	I	1072.849	41.138	805	1086	73.217	36.346	NaN
526	IIx	634.720	34.401	305	1077	70.907	25.247	NaN
527	IIa	451.808	34.110	1057	1026	138.715	21.528	NaN
528	IIa	1108.806	45.306	884	1031	140.599	33.940	NaN
529	IIa	1681.774	60.305	332	1085	19.374	37.793	NaN
530	IIa	930.584	42.923	1641	1097	77.381	31.993	NaN
531	I	1584.846	68.166	184	1056	7.907	33.812	NaN
532	I/IIa	372.859	34.993	1168	1036	138.621	18.594	NaN
533	I	1176.812	47.857	591	1036	109.855	35.122	NaN
534	I	931.366	53.506	636	1080	30.160	27.649	NaN
535	IIb	731.257	46.419	1102	1040	154.470	24.452	NaN
536	I	1043.145	57.902	1323	1035	127.983	31.243	NaN
537	IIa	787.147	39.820	1529	1035	112.135	30.633	NaN
538	IIa	722.268	45.860	686	1088	27.613	21.500	NaN
539	I	1158.051	45.069	1562	1049	156.280	33.759	NaN
540	IIa	644.882	40.308	1224	1050	113.782	24.863	NaN
541	IIa	899.317	43.114	848	1053	119.539	32.156	NaN
542	I	177.049	21.154	991	1072	34.160	13.129	NaN
543	IIa	825.449	39.062	1465	1058	140.194	30.535	NaN
544	I	890.328	47.763	995	1074	142.980	32.077	NaN
545	I	1435.546	68.086	511	1063	149.668	34.420	NaN
546	IIa	986.865	47.004	723	1101	13.851	30.008	NaN
547	I	892.673	53.779	1056	1068	144.462	24.378	NaN
548	I	814.114	53.961	1264	1071	133.122	24.258	NaN
549	IIb	614.787	35.393	1387	1116	54.345	24.927	NaN
550	IIa	1627.838	55.763	1720	1077	132.274	41.886	NaN
551	IIb	53.545	9.885	1172	1069	145.305	7.502	NaN
552	IIa	1086.919	54.890	472	1075	142.869	27.100	NaN
553	I	1388.646	57.993	399	1147	41.941	35.004	NaN
554	IIa	844.600	51.191	224	1114	28.443	24.965	NaN
555	IIx	590.555	32.754	110	1125	66.371	27.399	NaN
556	I	1703.661	65.717	1659	1090	140.404	39.268	NaN
557	IIa	337.684	27.748	1124	1079	157.479	20.005	NaN
558	I	1347.217	48.401	277	1141	35.538	40.051	NaN
559	IIb	303.681	26.538	1419	1112	46.909	18.461	NaN
560	IIb	53.545	10.177	964	1094	42.510	7.502	NaN
561	I/IIa	1628.620	63.685	1147	1116	166.373	45.785	NaN
562	IIa	843.036	43.744	1317	1091	149.036	30.134	NaN
563	IIa	538.183	33.509	985	1088	104.036	21.881	NaN
564	IIa	1311.651	50.271	785	1113	158.860	35.826	NaN
565	IIb	1643.081	60.600	633	1142	21.801	40.011	NaN
566	IIa	59.407	12.873	1518	1090	150.945	6.252	NaN
567	IIa	1215.895	52.193	339	1160	46.941	35.174	NaN
568	IIx	1346.044	58.289	1572	1102	128.468	42.170	NaN
569	IIa	946.218	46.250	926	1174	80.665	30.633	NaN
570	IIa	712.106	50.271	1069	1102	111.140	20.323	NaN
571	I	1316.732	56.739	1489	1111	161.365	35.900	NaN
572	IIa	1296.408	60.020	1808	1102	112.023	32.609	NaN
573	IIa	1178.766	47.067	428	1154	16.991	33.391	NaN
574	IIa	908.306	49.939	1256	1116	145.713	28.525	NaN
575	IIa	595.245	39.167	1471	1113	114.520	21.494	NaN
576	IIx	1090.437	48.434	136	1125	156.413	31.041	NaN
577	IIa	547.954	32.049	1406	1123	159.444	23.611	NaN
578	IIa	720.704	39.271	723	1140	13.815	24.135	NaN
579	IIa	866.487	41.398	217	1122	141.746	27.536	NaN
580	I	883.684	44.510	1106	1183	60.555	34.791	NaN
581	IIa	690.610	41.455	1026	1121	113.085	24.587	NaN
582	IIa	477.213	29.701	874	1124	130.732	23.756	NaN
583	IIa	1337.055	54.801	100	1136	145.222	36.267	NaN
584	IIa	551.472	34.270	945	1171	51.667	23.328	NaN
585	IIb	908.697	44.563	1641	1130	124.136	31.884	NaN
586	IIb	2111.304	105.933	408	1228	30.500	32.196	NaN
587	I	945.436	54.015	1367	1136	127.003	27.993	NaN
588	IIa	1005.625	39.781	790	1195	59.808	34.580	NaN
589	I	943.091	43.064	995	1144	129.699	33.278	NaN
590	I	677.712	42.608	1190	1161	14.444	22.955	NaN
591	IIa	1189.709	46.465	559	1162	156.194	35.635	NaN
592	IIa	930.584	40.598	1577	1208	80.248	32.036	NaN
593	IIa	328.303	29.884	1332	1146	127.349	15.657	NaN
594	I	1080.666	57.141	709	1154	143.005	28.445	NaN
595	IIa	903.225	45.689	267	1182	16.699	26.882	NaN
596	IIa	1154.925	44.175	373	1167	153.072	37.444	NaN
597	IIx	1932.691	70.298	1757	1153	128.501	42.214	NaN
598	IIa	860.233	41.961	634	1196	24.656	32.041	NaN
599	IIb	843.036	43.744	1689	1164	149.036	26.415	NaN
600	I	1140.855	56.756	1511	1157	130.533	29.913	NaN
601	IIa	504.180	41.138	1436	1165	143.653	23.425	NaN
602	IIa	1171.340	56.032	175	1193	10.934	30.970	NaN
603	I	1072.067	52.216	846	1176	163.301	27.495	NaN
604	IIa	725.785	38.181	1245	1179	140.315	28.219	NaN
605	IIb	440.083	35.761	1310	1168	126.469	17.392	NaN
606	I	1305.788	55.934	321	1194	154.867	35.293	NaN
607	IIa	759.397	45.263	1118	1183	147.407	27.093	NaN
608	IIa	932.538	50.828	1177	1173	148.069	30.229	NaN
609	I	1164.305	49.162	502	1208	7.306	35.221	NaN
610	I	1349.953	55.090	672	1202	170.858	36.125	NaN
611	IIa	884.465	46.216	923	1229	30.033	32.172	NaN
612	IIa	1067.377	43.010	1060	1184	122.535	36.497	NaN
613	I	1248.335	54.791	778	1228	16.574	33.978	NaN
614	I	1396.462	68.129	1432	1187	132.769	30.060	NaN
615	IIa	1372.230	59.601	1581	1221	164.798	34.841	NaN
616	I	1273.349	62.695	216	1224	9.181	27.596	NaN
617	IIa	1211.596	53.786	1663	1197	160.301	35.003	NaN
618	IIb	1820.130	64.292	1842	1196	103.496	43.024	NaN
619	IIb	210.661	26.538	1304	1198	136.909	13.678	NaN
620	IIb	458.452	37.453	1349	1197	104.500	19.457	NaN
621	IIa	893.845	45.082	1116	1202	123.690	27.462	NaN
622	IIa	787.928	44.734	560	1239	26.565	26.257	NaN
623	IIa	986.474	45.642	1002	1206	113.405	31.121	NaN
624	IIa	1040.800	49.550	1493	1208	150.524	31.843	NaN
625	IIa	1057.215	49.274	867	1275	54.293	33.759	NaN
626	IIa	632.375	41.455	1385	1271	66.915	23.049	NaN
627	IIa	953.253	45.168	621	1263	48.366	33.717	NaN
628	I	1559.832	55.976	450	1229	159.744	41.886	NaN
629	IIa	1022.431	41.849	288	1255	13.829	33.181	NaN
630	IIa	802.389	44.206	1193	1227	151.260	30.008	NaN
631	IIx	1232.701	59.562	676	1267	25.489	34.399	NaN
632	I	1181.502	55.892	937	1236	143.643	31.580	NaN
633	I	1328.457	53.754	1265	1225	123.136	35.127	NaN
634	IIx	62.143	12.659	1765	1226	122.905	6.781	NaN
635	I/IIa	1151.407	49.071	397	1241	145.905	34.221	NaN
636	I	1351.907	53.997	1180	1231	95.315	34.972	NaN
637	IIa	1088.873	48.349	1724	1249	139.720	32.991	NaN
638	IIa	989.601	46.854	735	1284	31.357	31.549	NaN
639	I	970.059	49.515	1052	1236	114.624	31.258	NaN
640	IIa	1160.397	56.008	216	1241	146.842	32.600	NaN
641	IIx	1060.342	51.723	1396	1280	7.640	30.008	NaN
642	IIx	1409.751	64.692	1776	1245	138.918	34.797	NaN
643	IIb	1635.655	57.257	560	1327	58.392	47.819	NaN
644	IIa	1113.496	45.017	804	1249	142.334	36.241	NaN
645	IIa	303.290	24.124	1320	1278	58.782	18.130	NaN
646	I	785.193	36.136	355	1298	59.886	29.371	NaN
647	IIa	1217.459	50.045	1574	1247	102.995	35.025	NaN
648	IIa	1192.445	54.801	1602	1251	145.222	35.010	NaN
649	IIa	971.622	47.158	1100	1254	141.459	31.799	NaN
650	IIa	710.152	41.704	890	1273	167.005	23.131	NaN
651	I	1138.510	54.018	1684	1259	113.895	35.063	NaN
652	IIa	1277.648	49.767	637	1338	63.113	39.025	NaN
653	IIx	1112.714	56.739	173	1271	161.365	30.855	NaN
654	I	987.646	54.519	1502	1271	130.815	25.753	NaN
655	IIb	63.707	13.379	1373	1269	127.405	7.456	NaN
656	IIa	844.600	39.898	1227	1278	125.433	31.828	NaN
657	I	947.390	47.369	476	1282	157.496	27.507	NaN
658	IIa	927.067	44.755	1009	1291	155.225	32.189	NaN
659	IIa	458.062	33.834	1320	1280	152.488	18.755	NaN
660	IIx	1301.880	59.342	1485	1278	106.526	32.522	NaN
661	IIx	1634.873	63.819	299	1281	119.327	37.510	NaN
662	IIa	789.883	42.969	611	1284	98.366	24.050	NaN
663	IIb	1526.220	60.960	845	1373	64.486	38.135	NaN
664	IIa	1076.757	47.648	955	1291	141.927	31.871	NaN
665	IIa	1023.603	43.896	749	1295	169.330	32.099	NaN
666	IIb	101.227	17.771	1376	1306	39.289	9.650	NaN
667	I	1668.876	58.649	404	1290	144.107	39.288	NaN
668	IIa	870.786	42.512	1401	1299	151.928	27.507	NaN
669	IIa	1197.917	53.239	676	1329	170.538	36.489	NaN
670	IIa	1636.437	60.825	386	1294	102.465	37.888	NaN
671	I	627.294	33.608	912	1335	43.493	26.853	NaN
672	IIa	1129.911	45.906	1742	1299	119.358	35.635	NaN
673	IIx	1569.213	71.960	190	1356	29.683	31.126	NaN
674	I	933.320	43.695	825	1370	70.787	33.502	NaN
675	IIa	741.028	40.346	1278	1306	139.399	28.267	NaN
676	I	935.274	61.027	1641	1307	142.074	22.103	NaN
677	IIb	1978.810	59.837	1779	1306	152.632	46.766	NaN
678	IIx	1250.289	59.414	1085	1313	171.529	27.157	NaN
679	IIa	884.465	55.812	1608	1307	131.367	25.776	NaN
680	IIx	1012.269	52.399	136	1366	35.776	29.176	NaN
681	IIa	778.157	40.727	1348	1372	72.121	29.719	NaN
682	IIa	1172.122	57.800	1190	1320	141.147	30.938	NaN
683	IIa	912.215	49.341	481	1355	22.341	28.133	NaN
684	I	1314.386	50.897	1043	1398	62.176	34.384	NaN
685	IIb	918.859	48.381	1566	1328	122.869	29.734	NaN
686	IIx	1342.918	49.131	558	1405	75.256	39.386	NaN
687	IIa	1156.097	53.961	1410	1337	153.138	32.805	NaN
688	IIx	1269.831	53.062	603	1385	34.439	38.761	NaN
689	IIa	1313.214	53.139	907	1348	151.928	39.242	NaN
690	I	1335.101	49.830	1151	1411	66.329	39.386	NaN
691	IIa	826.230	43.659	1532	1341	119.134	28.424	NaN
692	I	1189.318	46.064	235	1377	7.800	36.234	NaN
693	IIa	923.549	41.242	1007	1406	75.964	29.308	NaN
694	I/IIa	841.864	40.636	758	1351	157.380	29.276	NaN
695	IIx	1222.540	51.526	1095	1347	125.618	36.150	NaN
696	I	1374.966	55.136	681	1352	150.819	34.643	NaN
697	I	1169.386	55.556	1270	1349	140.937	35.545	NaN
698	IIa	1160.397	47.665	417	1388	16.771	31.884	NaN
699	IIx	1633.310	71.609	131	1376	167.905	33.759	NaN
700	I	1393.336	55.612	1383	1366	111.084	34.333	NaN
701	IIa	1177.203	49.826	848	1386	162.474	31.884	NaN
702	IIb	599.545	33.579	1610	1399	24.179	25.153	NaN
703	IIa	964.196	54.221	1677	1369	110.943	26.616	NaN
704	I	1023.603	44.917	478	1395	171.193	32.303	NaN
705	I	1689.981	59.523	286	1419	17.103	40.011	NaN
706	I	1210.033	58.516	1489	1381	143.253	28.126	NaN
707	IIb	1806.842	70.203	1713	1375	118.163	44.406	NaN
708	I	1217.850	50.500	1211	1383	111.801	35.108	NaN
709	IIb	1643.472	61.895	791	1474	66.801	42.733	NaN
710	IIa	939.964	45.138	1266	1388	143.448	33.603	NaN
711	IIa	1271.394	52.948	581	1407	157.068	37.139	NaN
712	IIa	636.283	38.319	1446	1396	151.763	24.313	NaN
713	IIa	1387.082	53.961	384	1395	116.862	37.914	NaN
714	IIa	770.732	43.873	1571	1392	139.044	28.651	NaN
715	I	1004.843	50.897	932	1405	152.176	30.266	NaN
716	IIa	855.152	41.737	1071	1460	73.465	29.618	NaN
717	IIa	1043.145	47.038	1031	1398	113.499	34.608	NaN
718	I	1087.310	48.264	663	1406	143.427	31.339	NaN
719	IIb	1098.253	67.019	1421	1400	126.656	25.586	NaN
720	IIx	1307.742	60.370	1645	1406	121.880	28.281	NaN
721	IIa	1287.810	50.774	208	1440	9.926	37.473	NaN
722	IIa	1123.267	48.907	428	1462	32.471	34.320	NaN
723	IIa	648.790	42.151	737	1409	125.340	24.849	NaN
724	IIa	1477.366	64.207	565	1512	83.290	36.885	NaN
725	IIa	1005.625	43.023	812	1466	35.538	35.013	NaN
726	IIx	1270.613	51.165	1154	1415	144.951	37.950	NaN
727	IIa	894.627	39.366	877	1420	159.550	34.384	NaN
728	IIx	1361.678	68.726	1339	1418	121.232	27.779	NaN
729	IIa	1209.642	54.285	1079	1475	38.454	37.075	NaN
730	IIb	53.936	10.254	183	1434	52.431	7.502	NaN
731	IIx	1017.741	55.358	483	1467	26.854	33.383	NaN
732	IIa	1247.162	55.808	285	1449	170.327	29.383	NaN
733	I	1174.076	48.783	943	1434	120.838	35.756	NaN
734	IIa	993.509	45.637	1480	1439	131.112	32.271	NaN
735	IIa	1350.344	56.231	1559	1441	98.310	37.905	NaN
736	IIx	1412.096	61.232	1580	1444	147.933	35.532	NaN
737	IIx	312.279	31.039	182	1442	145.670	15.602	NaN
738	I	945.436	50.889	659	1447	142.989	31.236	NaN
739	IIa	1043.927	63.046	1319	1445	112.751	22.431	NaN
740	IIa	884.856	41.891	1251	1500	37.725	30.060	NaN
741	IIa	1169.386	48.397	988	1507	28.551	37.134	NaN
742	I	773.858	40.346	610	1479	167.471	25.007	NaN
743	IIa	1235.046	57.952	729	1455	110.194	37.423	NaN
744	IIa	853.980	46.216	1397	1456	120.033	24.639	NaN
745	IIa	1054.870	47.775	421	1519	42.879	33.933	NaN
746	I	1378.093	57.952	231	1466	137.186	35.979	NaN
747	IIa	1240.518	65.461	304	1520	28.523	28.794	NaN
748	I	823.885	46.717	830	1480	164.476	24.515	NaN
749	I	1079.884	45.642	1216	1538	76.535	31.841	NaN
750	I	1102.943	53.710	487	1470	129.806	33.039	NaN
751	IIa	769.559	38.665	791	1529	67.166	29.222	NaN
752	IIa	628.076	36.065	1146	1483	146.310	25.632	NaN
753	I	1108.806	62.295	341	1532	31.457	27.964	NaN
754	I	1507.851	62.370	1295	1479	118.106	31.663	NaN
755	I	1011.487	50.158	1071	1478	112.730	30.477	NaN
756	IIa	1270.222	51.742	907	1487	154.983	35.874	NaN
757	IIa	674.976	47.447	1129	1487	108.435	23.675	NaN
758	IIa	937.619	55.654	1452	1492	128.157	29.603	NaN
759	IIb	1316.341	52.036	1649	1554	35.218	37.133	NaN
760	IIa	878.603	54.965	596	1507	160.741	23.475	NaN
761	I/IIa	113.343	14.581	658	1498	149.036	10.003	NaN
762	IIa	505.744	31.835	1018	1511	160.498	23.756	NaN
763	IIa	1206.515	55.987	1499	1500	113.703	35.224	NaN
764	IIa	836.783	43.318	681	1515	159.734	27.803	NaN
765	IIa	1207.688	47.648	1586	1515	141.927	36.066	NaN
766	IIa	1071.286	49.436	833	1525	170.538	29.383	NaN
767	IIa	984.910	45.996	1255	1509	121.097	32.915	NaN
768	I	1140.855	61.803	414	1527	172.444	26.258	NaN
769	IIa	1151.798	47.812	541	1543	152.765	35.235	NaN
770	IIb	697.254	58.892	1346	1593	52.765	19.190	NaN
771	IIa	800.044	48.526	599	1524	158.062	28.137	NaN
772	IIa	1075.194	44.668	1155	1521	136.701	36.897	NaN
773	IIx	926.285	49.309	1690	1587	50.659	25.594	NaN
774	IIb	1421.476	74.838	1415	1526	120.635	30.300	NaN
775	IIa	1115.059	46.934	966	1583	41.760	35.172	NaN
776	IIa	960.679	55.556	280	1571	19.047	25.610	NaN
777	IIa	1092.000	48.526	353	1580	21.938	32.002	NaN
778	IIb	1630.183	69.307	773	1547	164.836	34.588	NaN
779	IIb	847.727	39.544	1387	1539	129.226	28.098	NaN
780	I	1521.140	49.550	1041	1541	119.476	43.972	NaN
781	IIa	1122.485	46.683	1564	1539	97.696	31.384	NaN
782	I	1111.933	50.839	884	1557	163.571	27.704	NaN
783	IIa	1291.327	57.468	435	1581	22.380	41.171	NaN
784	IIa	1123.267	52.551	714	1618	57.633	36.229	NaN
785	I	1065.423	45.860	639	1577	152.387	38.164	NaN
786	IIa	138.356	17.075	1101	1568	23.749	10.628	NaN
787	IIa	1040.800	54.447	1218	1561	145.763	26.597	NaN
788	I	1289.764	51.176	533	1563	115.313	38.441	NaN
789	IIb	726.567	34.202	1294	1603	30.784	28.758	NaN
790	IIa	559.679	39.996	1624	1575	155.037	22.863	NaN
791	IIa	626.122	39.242	1099	1574	157.521	28.133	NaN
792	IIa	749.626	50.828	1483	1565	121.931	24.619	NaN
793	IIb	1734.928	71.805	749	1584	144.926	34.819	NaN
794	I	1284.683	58.955	263	1629	34.196	36.524	NaN
795	IIa	851.635	47.203	1373	1575	101.459	27.039	NaN
796	I	1181.502	49.794	392	1588	151.504	33.905	NaN
797	IIa	1340.573	50.298	1160	1599	147.693	39.295	NaN
798	IIx	1294.454	53.866	592	1598	158.199	35.210	NaN
799	I	1315.950	52.830	988	1661	69.206	38.719	NaN
800	IIb	1875.629	56.425	1596	1581	99.567	47.830	NaN
801	IIa	707.025	36.453	826	1594	157.834	28.133	NaN
802	I	390.056	27.571	1090	1586	122.969	18.755	NaN
803	I	360.352	25.882	1416	1619	52.853	21.700	NaN
804	IIa	887.201	46.854	887	1593	161.323	26.009	NaN
805	IIa	1161.178	55.644	306	1637	27.429	30.631	NaN
806	IIb	266.942	22.410	1337	1627	59.859	17.505	NaN
807	IIa	1076.757	49.297	465	1644	12.450	33.337	NaN
808	IIa	924.721	48.154	1013	1657	29.560	31.803	NaN
809	I	1368.322	52.889	1246	1614	122.939	36.817	NaN
810	I	1271.785	53.404	715	1679	27.165	38.118	NaN
811	IIa	998.981	45.894	1120	1622	142.193	31.624	NaN
812	IIb	932.538	41.620	1284	1619	122.735	30.583	NaN
813	I	739.074	36.635	665	1637	143.326	32.453	NaN
814	IIx	1097.081	52.025	858	1635	147.265	29.184	NaN
815	IIx	1345.653	64.073	361	1644	174.401	27.877	NaN
816	IIa	1092.391	43.023	1414	1633	125.538	38.057	NaN
817	IIa	884.074	44.189	1467	1635	154.885	29.681	NaN
818	I	911.042	40.322	574	1650	7.125	30.008	NaN
819	IIb	1540.681	68.541	1073	1736	75.203	34.784	NaN
820	IIb	567.105	49.071	1321	1695	55.905	22.005	NaN
821	IIa	931.366	46.591	949	1704	78.389	27.844	NaN
822	IIa	575.704	38.911	512	1666	23.682	22.416	NaN
823	I	943.091	50.049	283	1676	20.472	24.858	NaN
824	IIx	1126.003	53.415	631	1664	159.444	35.763	NaN
825	I	1238.173	65.857	834	1665	160.017	28.489	NaN
826	IIx	997.417	46.904	760	1685	21.092	30.394	NaN
827	IIa	1004.843	44.637	1185	1660	142.970	32.881	NaN
828	IIa	1173.294	49.794	1369	1656	141.116	31.555	NaN
829	IIb	1812.704	58.396	1100	1728	21.346	46.808	NaN
830	IIa	628.076	39.942	472	1719	72.699	24.692	NaN
831	IIa	1066.986	57.110	340	1687	5.024	31.946	NaN
832	IIa	1050.571	53.407	987	1670	141.654	30.502	NaN
833	IIa	739.074	48.142	487	1722	37.614	26.524	NaN
834	IIa	865.314	39.564	539	1717	31.430	30.525	NaN
835	IIa	897.363	46.414	596	1742	62.745	27.122	NaN
836	IIb	1485.964	51.810	1330	1760	70.253	39.025	NaN
837	I	1079.884	59.941	726	1684	120.041	25.620	NaN
838	IIb	91.847	12.659	433	1688	122.905	10.628	NaN
839	IIb	1279.211	52.696	1253	1751	48.366	34.494	NaN
840	IIb	116.470	20.697	447	1689	115.017	8.705	NaN
841	IIa	800.044	36.774	821	1704	162.181	31.838	NaN
842	I	1135.774	53.286	974	1692	121.079	31.034	NaN
843	I	719.923	40.332	365	1722	18.997	26.716	NaN
844	IIa	975.530	39.242	782	1702	120.651	34.384	NaN
845	IIa	1455.870	57.993	704	1794	78.811	38.071	NaN
846	IIa	710.152	40.400	635	1736	21.801	25.632	NaN
847	I	76.995	12.503	429	1722	53.130	8.127	NaN
848	IIa	806.689	47.158	899	1779	75.411	24.737	NaN
849	IIa	685.920	43.896	932	1708	116.200	23.433	NaN
850	I	1042.754	52.484	496	1726	167.619	33.166	NaN
851	IIb	711.324	34.679	1199	1721	152.049	27.507	NaN
852	IIx	497.536	40.962	325	1729	164.055	18.619	NaN
853	IIa	1249.507	48.446	1125	1731	160.396	36.885	NaN
854	IIa	1188.537	62.429	476	1726	122.735	28.655	NaN
855	IIa	534.275	39.786	399	1755	8.130	23.131	NaN
856	IIa	735.556	39.879	871	1794	80.981	26.372	NaN
857	IIb	997.808	46.587	1082	1741	139.899	31.473	NaN
858	IIx	1145.154	50.177	1028	1806	59.281	34.384	NaN
859	I	893.454	42.276	615	1746	156.468	29.933	NaN
860	IIb	309.543	32.425	1253	1763	19.134	16.177	NaN
861	IIx	1351.907	52.696	539	1805	41.634	36.845	NaN
862	IIa	528.412	34.679	342	1784	27.951	22.506	NaN
863	IIa	1208.470	49.309	802	1765	140.659	36.701	NaN
864	IIa	1127.957	52.025	973	1753	122.735	35.787	NaN
865	IIb	1611.423	60.680	927	1757	117.621	38.445	NaN
866	IIb	910.261	48.118	1299	1761	114.567	28.239	NaN
867	IIa	1091.609	54.994	1326	1763	130.389	29.954	NaN
868	IIb	121.941	17.201	1220	1765	160.907	10.003	NaN
869	IIa	1700.925	64.686	733	1852	55.235	40.537	NaN
870	IIb	556.553	35.525	1173	1782	151.631	22.455	NaN
871	IIb	1872.893	62.928	1120	1805	139.028	41.071	NaN
872	IIa	1072.067	49.337	612	1799	171.254	35.010	NaN
873	IIa	783.629	42.791	891	1786	115.067	26.540	NaN
874	IIb	2055.805	72.220	1083	1787	106.082	41.289	NaN
875	IIa	947.781	42.677	792	1801	121.827	33.180	NaN
876	IIa	769.559	48.687	1038	1808	114.261	23.395	NaN
877	IIa	1698.971	61.521	553	1817	127.569	47.148	NaN
878	IIa	1383.565	55.654	1208	1899	75.027	39.949	NaN
879	IIa	844.209	45.160	674	1884	68.051	27.368	NaN
880	IIx	1114.278	43.927	840	1888	65.624	35.190	NaN
881	IIx	851.635	46.110	984	1899	77.471	29.300	NaN
882	IIa	901.271	49.297	1015	1828	102.450	27.507	NaN
883	IIb	2479.864	71.750	740	1942	41.468	50.851	NaN
884	IIb	2312.976	74.145	679	1955	53.227	46.859	NaN
885	IIb	1985.845	79.012	925	1854	105.136	41.099	NaN
886	IIa	514.342	32.903	897	1857	104.300	21.256	NaN
887	IIb	2162.895	72.328	1037	1996	75.483	44.893	NaN
888	IIx	908.306	43.744	840	1890	120.964	34.304	NaN
889	IIb	2345.807	76.937	966	2010	65.518	45.259	NaN
890	IIb	1889.699	60.127	829	1910	98.973	50.014	NaN
891	IIb	1894.389	69.585	891	1912	121.405	44.692	NaN
