 	Label	Area	Feret	FeretX	FeretY	FeretAngle	MinFeret	Perinuclei
1	0001-0022	864973.702	1565.271	1610	41	47.490	860.026	NaN
2	0002-0019	545488.166	1054.287	1195	35	70.463	769.231	NaN
3	0003-0008	64718.935	365.441	1506	5	142.125	224.359	NaN
4	0004-0010	90401.052	435.945	528	6	143.973	256.410	NaN
5	0005-0064	7727235.371	3642.160	768	13	114.986	2992.130	NaN
6	0006-0025	781763.642	1418.971	1324	16	161.565	912.117	NaN
7	0007-0103	15754437.870	6534.847	581	165	47.783	3189.657	NaN
8	0008-0022	202375.082	801.282	1118	12	126.870	467.382	NaN
9	0009-0021	166420.118	631.337	2297	30	66.038	352.564	NaN
10	0010-0018	50336.949	317.292	1219	15	135.000	224.359	NaN
11	0011-0053	4229331.032	3812.890	1488	81	16.607	2135.732	NaN
12	0012-0022	50336.949	317.292	122	19	135.000	224.359	NaN
13	0013-0035	472550.953	1102.862	1130	49	54.462	806.945	NaN
14	0014-0024	50336.949	317.292	1169	21	135.000	224.359	NaN
15	0015-0031	184911.243	648.989	104	23	122.905	416.667	NaN
16	0016-0029	86291.913	435.945	1217	35	53.973	256.410	NaN
17	0017-0028	78073.636	410.457	2315	32	38.660	256.410	NaN
18	0018-0030	79100.920	385.949	131	26	131.634	288.462	NaN
19	0019-0032	100673.899	453.274	91	37	45.000	320.513	NaN
20	0020-0030	50336.949	317.292	1226	27	135.000	224.359	NaN
21	0021-0032	72937.212	385.949	76	28	131.634	256.410	NaN
22	0022-0034	105810.322	476.477	1172	29	132.274	320.513	NaN
23	0023-0052	1021120.973	1727.799	2299	74	40.486	1300.771	NaN
24	0024-0061	3363330.046	3145.928	1265	56	171.209	1657.345	NaN
25	0025-0041	432486.851	1119.503	1511	35	156.371	608.974	NaN
26	0026-0038	106837.607	462.250	2535	32	123.690	288.462	NaN
27	0027-0038	189020.381	690.406	1747	34	158.199	350.408	NaN
28	0028-0044	288666.995	775.879	27	54	51.710	561.884	NaN
29	0029-0039	80128.205	431.206	49	35	138.013	288.462	NaN
30	0030-0124	13540639.382	5870.987	2109	43	113.486	3865.991	NaN
31	0031-0063	736563.116	1744.367	1784	38	110.433	792.905	NaN
32	0032-0047	134574.293	596.188	1490	55	53.746	349.811	NaN
33	0033-0050	152038.133	590.996	84	57	49.399	416.667	NaN
34	0034-0060	695471.729	1325.002	1228	43	122.152	886.409	NaN
35	0035-0055	351331.361	863.007	1878	51	158.199	673.077	NaN
36	0036-0050	108892.176	506.775	45	55	34.695	288.462	NaN
37	0037-0052	201347.798	688.170	1145	48	152.241	384.615	NaN
38	0038-0058	214702.498	793.552	1740	49	133.363	512.683	NaN
39	0039-0058	87319.198	431.206	2322	53	131.987	288.462	NaN
40	0040-0059	94510.191	431.206	1199	63	41.987	320.513	NaN
41	0041-0068	477687.377	1129.097	2346	78	34.592	603.253	NaN
42	0042-0076	711908.284	1387.121	1765	60	130.314	958.217	NaN
43	0043-0135	13748150.888	5802.610	2472	74	134.105	3782.051	NaN
44	0044-0069	243466.469	764.542	26	77	33.024	506.895	NaN
45	0045-0104	3015080.539	2749.880	102	65	111.181	1767.452	NaN
46	0046-0067	64718.935	365.441	2653	63	127.875	224.359	NaN
47	0047-0073	57527.942	340.710	1754	69	131.186	224.359	NaN
48	0048-0078	267094.017	756.437	1866	69	143.616	566.592	NaN
49	0049-0075	96564.760	453.274	1890	80	45.000	320.513	NaN
50	0050-0075	83210.059	431.206	85	80	41.987	288.462	NaN
51	0051-0079	122246.877	516.811	1744	72	119.745	288.462	NaN
52	0052-0079	72937.212	385.949	2303	75	131.634	256.410	NaN
53	0053-0080	50336.949	317.292	135	77	135.000	224.359	NaN
54	0054-0086	358522.354	918.369	2311	96	29.249	608.974	NaN
55	0055-0103	1874794.543	1867.245	1999	127	39.428	1580.243	NaN
56	0056-0087	205456.936	612.339	1818	81	132.879	480.769	NaN
57	0057-0085	82182.774	407.946	23	90	45.000	288.462	NaN
58	0058-0115	1963141.026	2337.987	2053	145	61.327	1314.103	NaN
59	0059-0085	50336.949	317.292	1225	82	135.000	224.359	NaN
60	0060-0109	2030941.815	2594.769	1355	91	154.385	1624.764	NaN
61	0061-0095	580415.845	1024.138	2351	87	159.864	801.282	NaN
62	0062-0128	2983234.714	2777.202	2395	87	108.853	1917.071	NaN
63	0063-0092	73964.497	385.949	2459	88	131.634	256.410	NaN
64	0064-0093	81155.490	407.946	987	98	45.000	288.462	NaN
65	0065-0106	598906.969	1220.476	1891	123	60.068	865.385	NaN
66	0066-0101	383177.186	947.006	1516	106	23.962	725.175	NaN
67	0067-0098	137656.147	693.375	451	92	146.310	338.449	NaN
68	0068-0098	72937.212	385.949	1390	94	138.366	256.410	NaN
69	0069-0101	147928.994	615.685	1753	109	51.340	369.010	NaN
70	0070-0098	116083.169	506.775	1844	103	34.695	288.462	NaN
71	0071-0102	57527.942	340.710	1347	98	131.186	224.359	NaN
72	0072-0108	315376.397	819.034	1769	116	30.579	576.923	NaN
73	0073-0108	79100.920	410.457	273	112	38.660	256.410	NaN
74	0074-0111	124301.446	560.668	1848	104	120.964	288.462	NaN
75	0075-0119	621507.232	1125.452	422	129	19.983	878.414	NaN
76	0076-0116	481796.515	1105.188	1811	109	163.142	653.573	NaN
77	0077-0124	685198.882	1264.300	2317	132	30.466	937.243	NaN
78	0078-0117	95537.475	445.271	998	111	120.256	256.410	NaN
79	0079-0132	1146449.704	1551.759	461	152	38.290	1187.627	NaN
80	0080-0166	6001397.107	3565.768	2613	218	54.881	2370.827	NaN
81	0081-0126	961538.462	2139.528	275	132	8.616	644.135	NaN
82	0082-0224	22208867.521	7106.139	727	333	76.967	4650.343	NaN
83	0083-0151	3307856.673	2697.073	1918	181	45.481	2031.841	NaN
84	0084-0145	1395052.597	1992.858	389	171	62.199	1306.292	NaN
85	0085-0140	1138231.427	1662.346	820	165	70.866	993.590	NaN
86	0086-0122	64718.935	365.441	2458	118	127.875	224.359	NaN
87	0087-0140	951265.615	1723.036	338	161	46.507	962.973	NaN
88	0088-0221	13915598.291	7002.893	1780	319	58.856	3839.575	NaN
89	0089-0165	2060733.070	2266.368	2293	200	81.870	1787.831	NaN
90	0090-0133	50336.949	317.292	2599	130	135.000	224.359	NaN
91	0091-0162	1096112.755	2194.752	420	192	61.189	919.779	NaN
92	0092-0140	105810.322	525.680	268	134	127.569	320.513	NaN
93	0093-0359	66015368.179	14421.830	454	580	80.663	8878.934	NaN
94	0094-0171	1771038.790	2294.523	1649	204	65.225	1308.706	NaN
95	0095-0143	81155.490	407.946	152	148	45.000	288.462	NaN
96	0096-0162	1254314.596	1852.608	285	140	149.886	1335.224	NaN
97	0097-0245	14494986.851	7088.625	180	348	67.958	3472.221	NaN
98	0098-0149	50336.949	317.292	1945	146	135.000	224.359	NaN
99	0099-0160	740672.255	1533.780	2323	158	169.160	865.636	NaN
100	0100-0236	14448759.040	6682.443	34	318	51.426	3366.874	NaN
101	0101-0163	413995.726	947.006	1026	161	156.038	668.777	NaN
102	0102-0159	115055.884	545.814	2434	165	40.236	344.010	NaN
103	0103-0161	70882.643	385.949	221	157	138.366	256.410	NaN
104	0104-0166	50336.949	317.292	190	163	135.000	224.359	NaN
105	0105-0169	135601.578	525.680	2378	163	127.569	352.564	NaN
106	0106-0179	298939.842	820.913	360	169	128.660	589.256	NaN
107	0107-0196	1170077.252	1852.608	2370	176	142.734	1188.448	NaN
108	0108-0240	4797419.461	4261.736	805	305	74.291	1562.664	NaN
109	0109-0180	71909.928	385.949	1048	176	138.366	256.410	NaN
110	0110-0187	238330.046	774.554	2345	198	65.556	448.718	NaN
111	0111-0242	10017052.926	4385.290	2448	176	105.255	3678.980	NaN
112	0112-0197	1160831.690	1423.308	2214	211	35.838	1212.462	NaN
113	0113-0187	281476.003	891.118	2262	196	37.694	588.586	NaN
114	0114-0204	1993959.566	2144.564	317	211	9.462	1540.162	NaN
115	0115-0184	64718.935	362.619	1027	188	45.000	256.410	NaN
116	0116-0188	50336.949	317.292	77	185	135.000	224.359	NaN
117	0117-0222	2964743.590	2465.450	577	259	74.157	1987.179	NaN
118	0118-0193	80128.205	407.946	2274	189	135.000	288.462	NaN
119	0119-0227	1332388.231	1868.895	400	200	112.166	1346.154	NaN
120	0120-0216	974893.162	1554.735	2315	217	14.323	1046.291	NaN
121	0121-0209	119165.023	612.339	1046	216	42.879	361.768	NaN
122	0122-0216	143819.855	570.657	623	223	51.843	352.564	NaN
123	0123-0355	26083785.339	9538.259	2233	502	76.197	4070.540	NaN
124	0124-0274	10097181.131	4601.229	1193	210	116.922	3031.027	NaN
125	0125-0213	50336.949	317.292	1507	210	135.000	224.359	NaN
126	0126-0381	46525723.208	11485.679	1093	218	118.138	7068.003	NaN
127	0127-0277	8813075.279	4535.568	2369	217	122.005	3240.575	NaN
128	0128-0225	81155.490	410.457	1498	220	128.660	256.410	NaN
129	0129-0225	72937.212	385.949	1403	221	138.366	256.410	NaN
130	0130-0228	183883.958	648.989	2565	234	32.905	384.615	NaN
131	0131-0228	145874.425	602.189	2669	224	154.799	320.513	NaN
132	0132-0228	139710.717	616.519	1526	224	152.103	288.462	NaN
133	0133-0237	272230.440	846.178	1062	248	52.696	559.708	NaN
134	0134-0231	87319.198	431.206	1653	227	138.013	288.462	NaN
135	0135-0243	209566.075	705.856	2616	252	50.528	544.872	NaN
136	0136-0285	4617644.642	3442.791	2593	321	54.090	2313.663	NaN
137	0137-0320	16572156.476	6392.604	211	376	43.781	3927.533	NaN
138	0138-0241	57527.942	340.710	1438	238	138.814	224.359	NaN
139	0139-0346	30811349.441	8291.438	1367	279	157.499	6423.825	NaN
140	0140-0247	72937.212	385.949	1801	251	41.634	256.410	NaN
141	0141-0248	57527.942	340.710	379	245	138.814	224.359	NaN
142	0142-0275	2228180.473	2083.333	1288	305	53.130	1538.462	NaN
143	0143-0282	1853221.565	2684.666	637	249	123.311	1195.079	NaN
144	0144-0253	116083.169	525.680	1378	247	127.569	320.513	NaN
145	0145-0250	50336.949	317.292	1862	247	135.000	224.359	NaN
146	0146-0260	219838.922	863.007	2562	248	111.801	320.513	NaN
147	0147-0253	69855.358	385.949	1455	249	138.366	256.410	NaN
148	0148-0291	3511259.040	2725.678	1648	323	41.186	2158.706	NaN
149	0149-0257	92455.621	453.274	2604	252	135.000	320.513	NaN
150	0150-0273	880382.972	1467.725	387	253	121.608	897.436	NaN
151	0151-0327	6326019.066	4402.591	1711	393	73.940	2823.449	NaN
152	0152-0266	57527.942	340.710	589	263	138.814	224.359	NaN
153	0153-0294	1636464.497	1967.959	1323	321	52.943	1226.913	NaN
154	0154-0277	94510.191	453.274	1872	272	135.000	320.513	NaN
155	0155-0276	50336.949	317.292	614	273	135.000	224.359	NaN
156	0156-0281	181829.389	659.976	2541	287	29.055	384.615	NaN
157	0157-0288	65746.220	362.619	599	284	135.000	256.410	NaN
158	0158-0288	72937.212	385.949	1626	284	138.366	256.410	NaN
159	0159-0290	132519.724	596.188	2560	285	143.746	342.037	NaN
160	0160-0293	131492.439	521.757	2528	299	42.510	384.615	NaN
161	0161-0306	880382.972	1321.508	1867	295	140.906	1089.744	NaN
162	0162-0302	259903.024	716.688	1614	312	63.435	480.769	NaN
163	0163-0298	50336.949	317.292	1313	295	135.000	224.359	NaN
164	0164-0300	121219.592	545.814	2550	306	40.236	344.607	NaN
165	0165-0301	57527.942	340.710	144	297	131.186	224.359	NaN
166	0166-0337	1948759.040	2472.108	829	375	76.504	1234.439	NaN
167	0167-0306	72937.212	385.949	425	302	131.634	256.410	NaN
168	0168-0346	4762491.782	3877.145	710	390	46.675	2435.005	NaN
169	0169-0346	2725386.259	2798.758	876	389	76.759	1428.689	NaN
170	0170-0313	213675.214	731.584	1828	320	28.811	416.667	NaN
171	0171-0363	5950032.873	3680.319	336	405	56.725	2697.192	NaN
172	0172-0312	50336.949	317.292	2658	309	135.000	224.359	NaN
173	0173-0314	73964.497	385.949	2571	310	131.634	256.410	NaN
174	0174-0316	57527.942	340.710	2550	312	131.186	224.359	NaN
175	0175-0316	83210.059	407.946	2560	312	135.000	288.462	NaN
176	0176-0317	50336.949	317.292	1363	314	135.000	224.359	NaN
177	0177-0324	171556.542	657.637	430	317	133.025	435.582	NaN
178	0178-0335	563979.290	1197.535	1277	353	74.476	673.077	NaN
179	0179-0321	64718.935	362.619	2527	325	45.000	256.410	NaN
180	0180-0327	181829.389	641.026	413	319	126.870	444.471	NaN
181	0181-0344	1562500.000	1770.090	1616	366	58.325	1433.656	NaN
182	0182-0326	50336.949	317.292	1691	323	135.000	224.359	NaN
183	0183-0369	4683390.861	3621.937	2471	325	126.363	2233.022	NaN
184	0184-0328	95537.475	417.898	2570	326	147.529	288.462	NaN
185	0185-0399	16479700.855	6068.451	1273	365	148.829	4390.314	NaN
186	0186-0328	50336.949	317.292	1890	325	135.000	224.359	NaN
187	0187-0333	176692.965	590.996	1837	328	139.399	416.667	NaN
188	0188-0331	80128.205	385.949	2548	327	131.634	288.462	NaN
189	0189-0336	365713.346	863.007	2595	328	148.671	608.974	NaN
190	0190-0340	248602.893	853.431	691	351	55.713	512.821	NaN
191	0191-0399	15663009.533	5931.566	2317	353	149.833	3930.626	NaN
192	0192-0365	2060733.070	2139.528	1871	332	98.616	1570.513	NaN
193	0193-0347	702662.722	1573.454	1797	334	146.634	701.711	NaN
194	0194-0344	157174.556	570.657	2631	351	51.843	384.615	NaN
195	0195-0343	80128.205	391.236	2549	339	145.008	256.410	NaN
196	0196-0402	6219181.460	3922.454	2123	347	108.583	2170.838	NaN
197	0197-0348	121219.592	506.775	2670	344	145.305	320.513	NaN
198	0198-0352	71909.928	385.949	2433	357	48.366	256.410	NaN
199	0199-0359	187993.097	645.020	437	368	63.435	416.667	NaN
200	0200-0354	50336.949	317.292	2615	351	135.000	224.359	NaN
201	0201-0374	1767956.936	2382.383	1769	363	169.144	1185.724	NaN
202	0202-0359	57527.942	340.710	425	355	131.186	224.359	NaN
203	0203-0371	320512.821	931.695	2648	360	139.185	657.247	NaN
204	0204-0368	72937.212	385.949	2634	372	41.634	256.410	NaN
205	0205-0424	7355358.317	3918.654	2602	365	105.173	2852.564	NaN
206	0206-0557	62162023.340	12315.577	1593	746	79.655	8450.770	NaN
207	0207-0381	315376.397	916.689	428	393	53.531	705.128	NaN
208	0208-0399	1466962.525	2162.690	722	391	173.191	1408.561	NaN
209	0209-0412	1646737.344	2169.093	1510	442	55.840	1251.643	NaN
210	0210-0402	595825.115	1477.491	1724	413	12.529	777.344	NaN
211	0211-0446	5907914.201	3573.826	221	395	124.403	2556.914	NaN
212	0212-0410	960511.177	1547.118	851	395	140.042	974.899	NaN
213	0213-0430	2256944.444	2413.017	782	449	39.611	1904.814	NaN
214	0214-0404	50336.949	317.292	788	401	135.000	224.359	NaN
215	0215-0409	77046.351	410.457	568	414	51.340	256.410	NaN
216	0216-0419	100673.899	455.534	899	425	50.711	288.462	NaN
217	0217-0427	187993.097	632.150	6	419	120.466	384.615	NaN
218	0218-0495	13756369.165	5136.412	334	421	111.602	3595.859	NaN
219	0219-0460	2744904.668	2414.294	727	423	95.332	1833.113	NaN
220	0220-0435	179774.819	730.882	1742	442	37.875	471.123	NaN
221	0221-0496	5778476.331	4242.892	2520	430	94.332	2202.566	NaN
222	0222-0448	895792.242	1407.340	870	433	149.931	961.538	NaN
223	0223-0450	605070.677	1315.665	1771	467	55.923	890.721	NaN
224	0224-0490	6681459.566	3941.265	641	539	58.637	2551.175	NaN
225	0225-0442	174638.396	612.339	197	437	137.121	443.094	NaN
226	0226-0440	134574.293	604.742	1035	435	147.995	351.121	NaN
227	0227-0461	1470044.379	2192.645	2310	435	142.125	1450.475	NaN
228	0228-0527	26573800.131	8841.508	922	445	150.461	4871.984	NaN
229	0229-0562	19374589.086	7673.588	1817	443	96.234	3586.008	NaN
230	0230-0452	79100.920	417.898	859	447	122.471	224.359	NaN
231	0231-0454	117110.454	500.657	792	448	129.806	320.513	NaN
232	0232-0451	64718.935	365.441	1041	448	142.125	224.359	NaN
233	0233-0523	8645627.876	4333.566	1404	563	47.698	2795.800	NaN
234	0234-0466	401668.310	1033.623	2111	476	29.745	641.026	NaN
235	0235-0507	9830087.114	4502.264	1273	542	28.025	2845.901	NaN
236	0236-0470	107864.892	462.250	2437	464	123.690	288.462	NaN
237	0237-0501	2099769.888	2434.632	2445	537	69.179	1610.584	NaN
238	0238-0472	57527.942	340.710	2562	468	131.186	224.359	NaN
239	0239-0510	5145668.968	3348.861	2168	471	129.174	2424.889	NaN
240	0240-0507	2643203.485	2545.001	2052	541	58.912	1717.949	NaN
241	0241-0478	57527.942	340.710	808	475	138.814	224.359	NaN
242	0242-0482	104783.037	476.477	2128	487	42.274	352.564	NaN
243	0243-0483	82182.774	410.457	2112	479	141.340	256.410	NaN
244	0244-0488	252712.032	936.095	2659	497	38.047	493.089	NaN
245	0245-0485	64718.935	362.619	869	481	135.000	256.410	NaN
246	0246-0487	78073.636	410.457	429	492	51.340	256.410	NaN
247	0247-0517	2843523.997	2409.182	578	483	123.056	1804.120	NaN
248	0248-0495	369822.485	833.333	2398	483	112.620	641.026	NaN
249	0249-0580	16148915.187	6324.101	2576	678	79.487	3507.379	NaN
250	0250-0488	50336.949	317.292	847	485	135.000	224.359	NaN
251	0251-0497	314349.112	880.098	799	504	33.111	512.821	NaN
252	0252-0497	50336.949	317.292	2349	494	135.000	224.359	NaN
253	0253-0506	295857.988	835.795	744	502	147.529	608.130	NaN
254	0254-0521	1389916.174	1881.222	254	539	44.310	1410.256	NaN
255	0255-0502	57527.942	340.710	2656	499	138.814	224.359	NaN
256	0256-0507	143819.855	590.996	2363	500	130.601	384.615	NaN
257	0257-0588	9543474.688	5821.081	2065	672	67.671	2425.453	NaN
258	0258-0511	100673.899	533.440	2319	518	57.265	277.363	NaN
259	0259-0531	1325197.239	2018.213	2254	556	46.931	1100.105	NaN
260	0260-0513	80128.205	407.946	2330	518	45.000	288.462	NaN
261	0261-0513	64718.935	362.619	2397	509	135.000	256.410	NaN
262	0262-0516	57527.942	340.710	2477	512	131.186	224.359	NaN
263	0263-0524	247575.608	756.437	44	515	126.384	593.827	NaN
264	0264-0538	1052966.798	1790.574	683	557	44.275	1269.282	NaN
265	0265-0521	50336.949	317.292	844	518	135.000	224.359	NaN
266	0266-0523	80128.205	385.949	24	519	131.634	288.462	NaN
267	0267-0592	10206073.307	4721.557	2016	520	100.166	3184.325	NaN
268	0268-0583	5742521.368	4017.804	79	524	111.038	2366.832	NaN
269	0269-0533	130465.155	588.383	2466	525	119.358	288.462	NaN
270	0270-0554	1341633.794	1905.906	1867	529	132.274	1291.263	NaN
271	0271-0602	9305144.642	4949.822	2310	526	97.815	3065.351	NaN
272	0272-0581	5363453.320	3645.543	841	537	119.495	2238.834	NaN
273	0273-0533	79100.920	417.898	767	528	122.471	224.359	NaN
274	0274-0532	71909.928	385.949	2360	528	138.366	256.410	NaN
275	0275-0536	71909.928	391.236	239	531	124.992	224.359	NaN
276	0276-0579	4199539.776	3238.607	720	617	51.429	2152.930	NaN
277	0277-0539	50336.949	317.292	22	536	135.000	224.359	NaN
278	0278-0541	103755.753	455.534	2408	545	39.289	320.513	NaN
279	0279-0548	235248.192	817.151	42	560	64.440	458.641	NaN
280	0280-0542	57527.942	340.710	2455	539	138.814	224.359	NaN
281	0281-0551	73964.497	385.949	291	547	131.634	256.410	NaN
282	0282-0580	2742850.099	2629.377	512	613	45.988	1837.257	NaN
283	0283-0550	57527.942	340.710	2425	547	138.814	224.359	NaN
284	0284-0645	22014710.717	9159.323	1177	561	169.516	5680.653	NaN
285	0285-0558	123274.162	681.420	1	551	138.814	373.356	NaN
286	0286-0606	5556582.840	4450.399	2142	656	41.496	2425.014	NaN
287	0287-0588	1963141.026	2201.295	1926	555	106.060	1339.337	NaN
288	0288-0578	2184007.232	2273.609	1319	591	21.501	1250.000	NaN
289	0289-0619	7292693.951	4206.052	217	672	57.763	2596.375	NaN
290	0290-0566	168474.688	616.519	688	570	27.897	352.564	NaN
291	0291-0648	13626931.295	5621.323	2473	561	97.206	3551.440	NaN
292	0292-0572	109919.461	506.775	1168	566	124.695	288.462	NaN
293	0293-0584	748890.533	1145.357	420	601	72.072	989.030	NaN
294	0294-0570	50336.949	317.292	706	567	135.000	224.359	NaN
295	0295-0615	4849810.980	3339.030	975	664	68.607	2225.989	NaN
296	0296-0570	50336.949	317.292	2386	567	135.000	224.359	NaN
297	0297-0572	50336.949	317.292	649	569	135.000	224.359	NaN
298	0298-0662	15787310.980	6141.146	775	755	76.109	3647.398	NaN
299	0299-0598	1586127.548	2032.415	1027	569	127.954	1275.146	NaN
300	0300-0582	304076.266	860.026	31	570	116.565	549.322	NaN
301	0301-0573	50336.949	317.292	634	570	135.000	224.359	NaN
302	0302-0575	81155.490	410.457	600	579	38.660	256.410	NaN
303	0303-0576	57527.942	340.710	621	572	131.186	224.359	NaN
304	0304-0578	134574.293	543.928	1472	584	45.000	384.615	NaN
305	0305-0579	98619.329	431.206	690	574	131.987	320.513	NaN
306	0306-0653	14217619.987	5673.711	314	577	122.074	3778.350	NaN
307	0307-0580	90401.052	431.206	2404	585	48.013	288.462	NaN
308	0308-0586	362631.492	884.174	2416	595	46.469	618.266	NaN
309	0309-0585	182856.673	745.494	635	581	154.537	388.815	NaN
310	0310-0663	15453443.458	6476.659	608	588	130.786	4156.030	NaN
311	0311-0677	14811390.533	5875.272	1138	768	80.897	4022.267	NaN
312	0312-0629	2808596.318	2657.938	1853	662	56.310	1914.090	NaN
313	0313-0677	14720989.481	5339.594	2230	760	82.064	4338.946	NaN
314	0314-0600	64718.935	362.619	560	596	135.000	256.410	NaN
315	0315-0640	5515491.453	3029.312	1465	601	119.820	2647.500	NaN
316	0316-0603	57527.942	340.710	2271	599	131.186	224.359	NaN
317	0317-0609	156147.272	570.657	34	614	38.157	416.667	NaN
318	0318-0607	50336.949	317.292	2373	604	135.000	224.359	NaN
319	0319-0677	12275024.655	5093.835	428	748	56.810	3781.803	NaN
320	0320-0620	300994.412	817.151	19	609	131.820	547.735	NaN
321	0321-0614	65746.220	362.619	2364	610	135.000	256.410	NaN
322	0322-0640	1551199.869	1958.278	572	612	111.105	1410.256	NaN
323	0323-0657	4175912.229	2962.967	2375	703	74.310	2435.808	NaN
324	0324-0620	64718.935	365.441	2050	617	142.125	224.359	NaN
325	0325-0644	1416625.575	1908.330	905	638	150.852	1490.712	NaN
326	0326-0633	449950.690	1067.361	1083	644	41.348	605.633	NaN
327	0327-0651	2089497.041	2117.569	1028	677	50.528	1405.794	NaN
328	0328-0633	50336.949	317.292	915	630	135.000	224.359	NaN
329	0329-0638	50336.949	317.292	1427	635	135.000	224.359	NaN
330	0330-0644	226002.630	884.174	1942	635	136.469	419.452	NaN
331	0331-0657	503369.494	1305.082	1919	675	65.323	622.947	NaN
332	0332-0661	496178.501	1049.894	1381	675	58.736	675.237	NaN
333	0333-0743	15764710.717	5789.228	892	653	94.764	3954.764	NaN
334	0334-0799	34038050.625	9655.312	1414	653	103.437	6851.330	NaN
335	0335-0674	649243.918	1563.958	1930	692	44.170	648.585	NaN
336	0336-0661	70882.643	385.949	563	665	41.634	256.410	NaN
337	0337-0768	27093606.180	9002.018	1591	830	27.112	5394.032	NaN
338	0338-0676	388313.609	960.469	110	663	115.710	643.507	NaN
339	0339-0666	50336.949	317.292	2610	663	135.000	224.359	NaN
340	0340-0683	594797.830	1276.028	2010	665	115.278	770.565	NaN
341	0341-0691	1037557.528	1742.894	142	715	57.771	977.360	NaN
342	0342-0705	1666255.753	2319.459	1531	670	101.155	1282.764	NaN
343	0343-0709	2563075.279	2513.932	979	746	70.641	1597.868	NaN
344	0344-0707	3075690.335	2589.022	1853	728	31.329	1918.206	NaN
345	0345-0679	118137.738	506.775	583	684	34.695	288.462	NaN
346	0346-0679	77046.351	407.946	2054	675	135.000	288.462	NaN
347	0347-0684	212647.929	775.217	2067	690	29.745	440.258	NaN
348	0348-0681	50336.949	317.292	1243	678	135.000	224.359	NaN
349	0349-0710	2151134.122	2077.408	2117	737	51.892	1557.666	NaN
350	0350-0752	11998685.076	4596.315	1046	823	74.219	3504.572	NaN
351	0351-0691	214702.498	750.986	1366	700	50.194	480.769	NaN
352	0352-0726	5034722.222	3424.091	1932	769	43.103	2257.914	NaN
353	0353-0692	201347.798	679.910	579	700	45.000	474.188	NaN
354	0354-0722	2783941.486	3061.694	1187	757	47.121	1386.813	NaN
355	0355-0701	384204.471	1033.623	173	715	60.255	662.039	NaN
356	0356-0706	1541954.306	1777.907	1633	720	27.951	1217.949	NaN
357	0357-0691	70882.643	385.949	2633	696	48.366	256.410	NaN
358	0358-0702	292776.134	1020.117	550	688	133.727	598.751	NaN
359	0359-0695	130465.155	648.989	2612	701	32.905	330.116	NaN
360	0360-0696	94510.191	435.945	423	702	53.973	288.462	NaN
361	0361-0698	115055.884	476.477	2110	703	47.726	320.513	NaN
362	0362-0698	114028.600	480.769	2337	694	143.130	320.513	NaN
363	0363-0779	13292036.489	5627.625	2420	693	99.838	3291.387	NaN
364	0364-0762	11217948.718	5067.753	218	699	124.695	3697.560	NaN
365	0365-0703	116083.169	521.757	2566	697	132.510	352.564	NaN
366	0366-0816	30466181.788	7843.729	2011	935	75.566	6089.728	NaN
367	0367-0703	84237.344	435.945	2593	709	53.973	256.410	NaN
368	0368-0706	85264.629	435.945	579	712	53.973	256.410	NaN
369	0369-0711	177720.250	645.020	525	720	63.435	384.615	NaN
370	0370-0715	534188.034	1211.606	2328	702	142.524	816.226	NaN
371	0371-0705	50336.949	317.292	2669	702	135.000	224.359	NaN
372	0372-0794	13770751.151	5959.987	2524	886	79.778	3326.130	NaN
373	0373-0707	50336.949	317.292	130	704	135.000	224.359	NaN
374	0374-0712	50336.949	317.292	2637	709	135.000	224.359	NaN
375	0375-0837	25913256.082	8963.191	1261	711	114.732	4769.133	NaN
376	0376-0721	239357.331	841.308	2608	713	139.635	474.359	NaN
377	0377-0842	18319567.719	8296.578	177	971	85.347	3823.058	NaN
378	0378-0719	57527.942	340.710	2672	716	138.814	224.359	NaN
379	0379-0720	50336.949	317.292	2533	717	135.000	224.359	NaN
380	0380-0727	163338.264	615.685	549	733	38.660	416.667	NaN
381	0381-0724	57527.942	340.710	2629	721	138.814	224.359	NaN
382	0382-0809	14201183.432	5334.108	1750	868	48.166	3999.811	NaN
383	0383-0796	6845825.115	3885.747	2263	847	61.955	2478.061	NaN
384	0384-0750	153065.417	622.323	2636	758	55.491	352.564	NaN
385	0385-0815	6512984.878	4669.048	1884	888	84.485	1762.821	NaN
386	0386-0789	2711004.274	2992.979	2346	743	99.866	1243.796	NaN
387	0387-0747	89373.767	410.457	2588	743	141.340	288.462	NaN
388	0388-0814	13297172.913	4961.431	2126	878	39.758	4143.812	NaN
389	0389-0814	7733399.080	4492.328	455	876	60.509	2713.487	NaN
390	0390-0771	2232289.612	2647.676	569	777	6.953	1354.448	NaN
391	0391-0839	14470332.018	5745.321	372	928	79.066	3461.538	NaN
392	0392-0757	120192.308	500.657	2617	763	50.194	384.615	NaN
393	0393-0761	124301.446	577.813	1225	754	123.690	320.513	NaN
394	0394-0773	708826.430	1476.448	673	764	152.879	993.590	NaN
395	0395-0767	171556.542	641.026	726	775	53.130	406.745	NaN
396	0396-0842	13496466.141	5444.191	969	760	102.236	3686.983	NaN
397	0397-0764	57527.942	340.710	1173	761	138.814	224.359	NaN
398	0398-0767	79100.920	391.236	450	763	145.008	256.410	NaN
399	0399-0784	764299.803	1506.751	2621	764	119.291	1076.188	NaN
400	0400-0771	89373.767	435.945	2655	766	126.027	256.410	NaN
401	0401-0797	2195307.364	2124.591	1152	824	56.070	1602.564	NaN
402	0402-0788	705744.576	1282.852	1205	769	102.995	801.282	NaN
403	0403-0786	207511.506	726.653	719	778	131.424	448.462	NaN
404	0404-0783	50336.949	317.292	756	780	135.000	224.359	NaN
405	0405-0787	139710.717	589.256	2647	794	45.000	416.667	NaN
406	0406-0949	24673323.471	10651.302	585	1110	75.002	3906.410	NaN
407	0407-0795	230111.769	770.565	751	792	163.072	448.718	NaN
408	0408-0888	12764012.163	6485.219	502	985	74.521	2801.183	NaN
409	0409-0799	141765.286	560.668	711	807	59.036	352.564	NaN
410	0410-0798	71909.928	385.949	54	794	131.634	256.410	NaN
411	0411-0802	219838.922	666.944	598	811	54.782	480.769	NaN
412	0412-0872	10863535.503	5636.380	813	803	128.304	2857.475	NaN
413	0413-0811	180802.104	815.892	783	802	135.000	407.382	NaN
414	0414-0843	2517874.753	2696.121	741	804	108.004	1870.431	NaN
415	0415-0808	64718.935	365.441	2667	805	142.125	224.359	NaN
416	0416-0883	13136916.502	5662.565	1037	953	56.310	3527.279	NaN
417	0417-0815	111974.030	501.682	770	808	116.565	256.410	NaN
418	0418-0891	11981221.236	5121.891	2610	812	95.746	3355.003	NaN
419	0419-0890	7250575.279	4731.664	1149	955	68.127	2028.999	NaN
420	0420-0855	1493671.926	1859.251	256	832	125.882	1401.773	NaN
421	0421-0924	12970496.384	5332.952	1551	847	112.249	3495.861	NaN
422	0422-0924	10574868.508	5021.424	2311	1000	65.889	3300.131	NaN
423	0423-0909	6748233.070	3594.891	1208	955	39.936	2748.950	NaN
424	0424-0863	108892.176	480.769	781	869	53.130	288.462	NaN
425	0425-0864	64718.935	362.619	2389	868	45.000	256.410	NaN
426	0426-0868	128410.585	577.813	598	876	56.310	314.289	NaN
427	0427-0868	71909.928	391.236	2301	865	145.008	224.359	NaN
428	0428-0871	108892.176	489.242	2248	876	31.608	288.462	NaN
429	0429-0876	282503.287	756.437	2403	882	36.384	544.872	NaN
430	0430-0879	135601.578	632.150	2235	871	120.466	330.194	NaN
431	0431-0960	12700320.513	5733.956	2468	872	98.357	3261.116	NaN
432	0432-0879	127383.300	500.657	252	873	140.194	384.615	NaN
433	0433-0958	13192389.875	5353.716	2175	876	98.955	3771.150	NaN
434	0434-0938	8261423.406	4452.706	1643	880	120.256	2859.739	NaN
435	0435-0885	70882.643	385.949	733	881	138.366	256.410	NaN
436	0436-0886	50336.949	317.292	275	883	135.000	224.359	NaN
437	0437-0947	12035667.324	4863.564	1739	1002	40.724	3950.694	NaN
438	0438-0890	100673.899	570.657	2154	896	38.157	306.111	NaN
439	0439-0890	71909.928	385.949	745	886	138.366	256.410	NaN
440	0440-0977	15661982.249	5981.580	738	895	114.368	4340.916	NaN
441	0441-0913	993384.287	1664.199	2253	938	74.358	1185.897	NaN
442	0442-0943	5665475.016	3601.315	438	892	110.854	2330.593	NaN
443	0443-1027	37463017.751	10556.750	45	1106	38.714	7727.085	NaN
444	0444-0932	3502013.478	2747.077	1889	922	172.626	1993.074	NaN
445	0445-0914	789981.920	1408.069	2406	902	138.691	941.901	NaN
446	0446-0905	125328.731	476.477	719	901	137.726	352.564	NaN
447	0447-0904	57527.942	340.710	2389	900	131.186	224.359	NaN
448	0448-0910	362631.492	1032.131	1868	916	25.769	516.911	NaN
449	0449-0918	129437.870	500.657	708	913	140.194	352.564	NaN
450	0450-1039	24395956.607	9119.308	1973	1156	58.656	5144.351	NaN
451	0451-0958	2031969.099	2262.966	1864	924	105.611	1314.493	NaN
452	0452-0938	457141.683	961.538	2263	951	53.130	666.312	NaN
453	0453-1016	12381862.262	5771.011	952	929	102.184	3251.936	NaN
454	0454-0988	6879725.510	3966.727	1415	928	102.127	2499.725	NaN
455	0455-1013	13775887.574	5231.728	2381	1094	82.962	3689.519	NaN
456	0456-0952	918392.505	1317.616	1277	939	138.945	1115.238	NaN
457	0457-0956	998520.710	1490.988	1499	977	64.537	1181.520	NaN
458	0458-0968	1415598.291	2199.428	324	1001	71.301	1000.394	NaN
459	0459-0998	9543474.688	4190.023	1922	1046	50.587	3598.259	NaN
460	0460-0944	50336.949	317.292	326	941	135.000	224.359	NaN
461	0461-0992	2242562.459	2910.320	374	948	101.434	1773.713	NaN
462	0462-1044	12865713.346	6250.904	867	1139	76.961	3020.381	NaN
463	0463-1051	17818252.794	6923.151	1083	1123	41.810	4598.801	NaN
464	0464-0979	1169049.967	1610.557	1256	970	148.841	1106.084	NaN
465	0465-0977	433514.135	1013.551	698	969	145.305	702.355	NaN
466	0466-0970	50336.949	317.292	1479	967	135.000	224.359	NaN
467	0467-1062	13237590.401	6009.252	1310	1154	78.930	3352.103	NaN
468	0468-1008	2007314.267	2385.615	1054	1045	83.830	1179.589	NaN
469	0469-0976	88346.483	410.457	2280	972	141.340	288.462	NaN
470	0470-1025	7504314.596	4300.370	2521	1046	12.482	2932.784	NaN
471	0471-0982	50336.949	317.292	1541	979	135.000	224.359	NaN
472	0472-1009	1752547.666	2160.789	1793	1038	57.724	1233.893	NaN
473	0473-1054	12630465.155	4887.899	1477	1123	63.099	3625.543	NaN
474	0474-0994	542406.312	1562.972	1636	988	164.539	473.927	NaN
475	0475-0995	158201.841	560.668	531	1003	59.036	384.615	NaN
476	0476-1012	772518.080	1351.105	2260	1006	157.694	1002.279	NaN
477	0477-1075	13280736.358	5653.850	1788	1147	53.065	3308.897	NaN
478	0478-1090	10882026.627	6012.158	494	998	99.513	2947.956	NaN
479	0479-1023	1170077.252	1538.795	1259	1043	54.324	1185.897	NaN
480	0480-1017	237302.761	890.541	283	1029	59.744	430.013	NaN
481	0481-1048	4576553.254	2881.052	1629	1007	110.854	2586.823	NaN
482	0482-1035	1652901.052	1957.491	413	1047	39.685	1441.159	NaN
483	0483-1049	1899449.375	2747.638	2133	1009	106.955	1363.011	NaN
484	0484-1017	50336.949	317.292	2673	1014	135.000	224.359	NaN
485	0485-1121	26491617.357	8386.970	340	1015	125.512	5449.297	NaN
486	0486-1020	57527.942	340.710	308	1016	131.186	224.359	NaN
487	0487-1081	7280366.535	4411.565	1720	1017	110.410	2267.854	NaN
488	0488-1046	1675501.315	1860.631	1591	1075	79.077	1128.063	NaN
489	0489-1044	960511.177	1586.458	2300	1059	45.000	1098.749	NaN
490	0490-1034	305103.550	863.007	2252	1025	148.671	577.724	NaN
491	0491-1036	145874.425	573.351	298	1044	63.435	320.513	NaN
492	0492-1032	57527.942	340.710	2286	1028	131.186	224.359	NaN
493	0493-1046	652325.773	1271.188	271	1063	56.310	886.426	NaN
494	0494-1105	17196745.562	6233.542	623	1088	172.912	4602.047	NaN
495	0495-1111	14195019.724	4892.416	2191	1054	121.608	4118.892	NaN
496	0496-1054	934829.060	1422.586	2642	1048	157.479	961.538	NaN
497	0497-1060	810527.613	1621.998	2578	1078	37.776	810.590	NaN
498	0498-1060	437623.274	1001.314	1263	1069	39.806	705.128	NaN
499	0499-1056	123274.162	545.814	1618	1050	130.236	352.564	NaN
500	0500-1105	4594017.094	3428.738	1012	1155	69.193	2074.807	NaN
501	0501-1084	3302720.250	2552.055	1166	1099	25.278	1858.974	NaN
502	0502-1074	968729.454	1435.168	2495	1055	119.427	1106.084	NaN
503	0503-1140	12037721.893	5566.229	1411	1056	104.676	3812.655	NaN
504	0504-1097	3080826.759	2589.022	935	1059	111.801	1879.411	NaN
505	0505-1088	1592291.256	2257.512	1663	1114	51.340	1364.542	NaN
506	0506-1097	2044296.515	2244.734	1950	1132	80.134	1602.564	NaN
507	0507-1093	1508053.912	1963.779	1611	1067	116.147	1051.625	NaN
508	0508-1082	816691.321	1216.261	2636	1100	71.565	1025.641	NaN
509	0509-1099	2126479.290	2297.878	2448	1132	67.011	1602.564	NaN
510	0510-1074	64718.935	365.441	1255	1071	142.125	224.359	NaN
511	0511-1097	1304651.545	2178.780	2559	1107	26.188	1271.713	NaN
512	0512-1084	102728.468	480.769	826	1078	126.870	288.462	NaN
513	0513-1126	3809171.598	3010.945	1571	1084	115.201	1969.748	NaN
514	0514-1092	80128.205	391.236	2521	1087	124.992	256.410	NaN
515	0515-1106	720126.561	1185.897	1246	1124	71.075	884.479	NaN
516	0516-1097	69855.358	385.949	2334	1093	131.634	256.410	NaN
517	0517-1099	64718.935	362.619	518	1095	135.000	256.410	NaN
518	0518-1104	50336.949	317.292	2422	1101	135.000	224.359	NaN
519	0519-1112	72937.212	385.949	2513	1117	48.366	256.410	NaN
520	0520-1143	1734056.542	2270.217	1136	1174	59.452	1310.483	NaN
521	0521-1119	299967.127	759.825	1906	1116	152.354	544.872	NaN
522	0522-1127	561924.721	1084.546	2366	1113	124.160	893.357	NaN
523	0523-1117	50336.949	317.292	31	1114	135.000	224.359	NaN
524	0524-1145	1643655.490	1982.262	1246	1163	50.906	1378.205	NaN
525	0525-1120	111974.030	500.657	1891	1115	140.194	320.513	NaN
526	0526-1176	4659763.314	3737.790	827	1118	95.906	2051.640	NaN
527	0527-1125	227029.915	860.026	2309	1131	26.565	461.412	NaN
528	0528-1129	308185.404	952.953	2540	1139	42.274	549.578	NaN
529	0529-1125	135601.578	545.814	513	1132	49.764	352.564	NaN
530	0530-1128	212647.929	660.754	587	1119	112.834	448.718	NaN
531	0531-1125	50336.949	317.292	2433	1122	135.000	224.359	NaN
532	0532-1215	21506204.799	7295.100	567	1125	127.323	4439.079	NaN
533	0533-1129	79100.920	410.457	2412	1133	38.660	256.410	NaN
534	0534-1177	9243507.561	4836.665	1828	1229	34.743	3223.398	NaN
535	0535-1169	5126150.559	3243.995	1632	1198	37.776	2361.979	NaN
536	0536-1148	1082758.054	1592.275	2489	1167	49.899	1176.623	NaN
537	0537-1169	3860535.832	3184.549	1484	1209	49.899	2290.624	NaN
538	0538-1139	313321.828	871.889	2568	1132	143.973	576.923	NaN
539	0539-1225	13521120.973	5970.148	905	1132	93.077	3179.540	NaN
540	0540-1139	114028.600	476.477	2340	1144	47.726	320.513	NaN
541	0541-1144	142792.571	615.685	2408	1152	51.340	392.817	NaN
542	0542-1152	311267.258	770.565	2547	1159	45.000	608.974	NaN
543	0543-1166	1749465.812	2466.075	2412	1157	171.027	1362.541	NaN
544	0544-1151	115055.884	480.769	2325	1145	126.870	320.513	NaN
545	0545-1167	779709.073	1325.002	987	1149	122.152	865.385	NaN
546	0546-1243	14853509.204	6640.497	1652	1329	56.617	3400.878	NaN
547	0547-1222	12350016.437	4905.626	1974	1268	48.708	3859.216	NaN
548	0548-1273	21467167.982	8861.759	2048	1388	45.440	4198.661	NaN
549	0549-1171	465359.961	1105.188	209	1156	119.539	688.021	NaN
550	0550-1207	5164160.092	3682.970	2571	1171	148.523	2719.641	NaN
551	0551-1188	1958004.602	2125.317	1793	1158	113.085	1250.000	NaN
552	0552-1189	3214373.767	2958.630	2275	1213	22.954	1680.044	NaN
553	0553-1203	2167570.677	2339.524	1310	1167	99.462	1506.410	NaN
554	0554-1174	146901.709	636.200	1319	1167	130.914	412.645	NaN
555	0555-1179	538297.173	1246.708	1565	1191	17.969	757.252	NaN
556	0556-1204	3330456.936	2677.194	2514	1168	121.787	1682.929	NaN
557	0557-1174	71909.928	385.949	1471	1179	48.366	256.410	NaN
558	0558-1192	727317.554	1351.105	757	1173	112.306	929.487	NaN
559	0559-1182	114028.600	500.657	739	1176	129.806	352.564	NaN
560	0560-1188	63691.650	362.619	2405	1184	135.000	256.410	NaN
561	0561-1210	1088921.762	1769.800	2464	1230	54.583	1237.947	NaN
562	0562-1196	233193.623	782.472	728	1187	145.008	538.350	NaN
563	0563-1191	82182.774	407.946	2426	1187	135.000	288.462	NaN
564	0564-1196	57527.942	340.710	1535	1192	131.186	224.359	NaN
565	0565-1231	4803583.169	3105.668	1560	1202	136.254	2496.210	NaN
566	0566-1203	141765.286	551.431	1471	1196	125.538	352.564	NaN
567	0567-1208	250657.462	775.217	316	1198	119.745	539.629	NaN
568	0568-1239	2826060.158	2585.249	349	1207	137.010	1906.348	NaN
569	0569-1289	10545077.252	5217.571	788	1208	95.641	3206.994	NaN
570	0570-1234	1751520.381	2161.740	1482	1240	15.479	1472.097	NaN
571	0571-1299	28059253.780	9131.691	2173	1383	29.895	5228.335	NaN
572	0572-1225	393450.033	871.889	1926	1235	36.027	608.974	NaN
573	0573-1223	126356.016	480.769	298	1218	143.130	352.564	NaN
574	0574-1237	823882.314	1307.834	306	1243	36.027	1089.744	NaN
575	0575-1222	57527.942	340.710	1278	1219	138.814	224.359	NaN
576	0576-1293	12092167.982	4768.860	1356	1220	98.893	3345.430	NaN
577	0577-1224	57527.942	340.710	2297	1221	138.814	224.359	NaN
578	0578-1274	5529873.439	3573.826	439	1224	124.403	2673.221	NaN
579	0579-1299	5813404.011	4564.917	1276	1228	94.430	1909.862	NaN
580	0580-1313	11929857.002	5312.397	1790	1395	81.674	3429.487	NaN
581	0581-1271	5167241.946	3070.573	1848	1312	53.489	2545.738	NaN
582	0582-1291	3133218.277	3320.055	1444	1341	77.171	1536.141	NaN
583	0583-1256	484878.369	960.469	2503	1243	115.710	769.231	NaN
584	0584-1295	3974564.431	3321.138	2424	1343	67.891	1791.006	NaN
585	0585-1254	50336.949	317.292	1931	1251	135.000	224.359	NaN
586	0586-1257	72937.212	385.949	417	1253	131.634	256.410	NaN
587	0587-1273	1061185.076	1662.346	1918	1292	33.996	1235.630	NaN
588	0588-1319	7506369.165	4300.131	2544	1385	79.695	2788.462	NaN
589	0589-1263	86291.913	435.945	539	1259	143.973	256.410	NaN
590	0590-1265	64718.935	365.441	846	1261	127.875	224.359	NaN
591	0591-1336	7523833.005	4784.345	1500	1410	70.837	2790.705	NaN
592	0592-1269	90401.052	435.945	357	1264	126.027	256.410	NaN
593	0593-1274	80128.205	407.946	1569	1279	45.000	288.462	NaN
594	0594-1316	2332963.511	2497.739	2145	1278	98.858	1506.410	NaN
595	0595-1349	12770175.871	4711.429	1934	1417	56.094	3814.103	NaN
596	0596-1363	12242151.545	6058.625	833	1280	119.820	3405.681	NaN
597	0597-1315	1712483.563	2481.233	2479	1350	61.449	1013.321	NaN
598	0598-1309	1791584.484	2045.264	1587	1282	122.196	1464.286	NaN
599	0599-1362	8187458.909	4262.941	1215	1428	80.042	3004.539	NaN
600	0600-1308	197238.659	634.583	1615	1303	135.000	442.613	NaN
601	0601-1305	69855.358	385.949	1432	1310	48.366	256.410	NaN
602	0602-1382	10104372.124	5034.092	1836	1449	61.477	3160.783	NaN
603	0603-1316	63691.650	362.619	436	1312	135.000	256.410	NaN
604	0604-1316	70882.643	385.949	460	1312	131.634	256.410	NaN
605	0605-1374	4687500.000	3500.053	1132	1424	69.075	2124.995	NaN
606	0606-1345	595825.115	1047.935	1048	1360	66.571	833.333	NaN
607	0607-1403	12131204.799	4991.158	1657	1350	137.603	3761.078	NaN
608	0608-1363	705744.576	1477.491	1546	1379	49.399	822.961	NaN
609	0609-1408	8408325.115	4406.439	1575	1469	66.418	2852.564	NaN
610	0610-1411	9996507.232	4508.420	1417	1347	122.221	3433.909	NaN
611	0611-1446	16231097.962	6381.104	2419	1354	110.893	4294.872	NaN
612	0612-1419	9705785.667	4320.746	1295	1371	127.465	3123.921	NaN
613	0613-1441	12901668.310	5753.629	2303	1524	66.005	4155.432	NaN
614	0614-1387	2466510.519	2412.591	2469	1376	160.602	1693.551	NaN
615	0615-1371	294830.703	880.098	1027	1363	146.889	543.941	NaN
616	0616-1439	17967209.073	6686.746	1013	1476	7.159	4296.358	NaN
617	0617-1370	57527.942	340.710	1821	1366	131.186	224.359	NaN
618	0618-1372	57527.942	340.710	629	1368	131.186	224.359	NaN
619	0619-1373	136628.863	560.668	927	1369	149.036	352.564	NaN
620	0620-1406	2204552.926	2327.638	1239	1435	51.710	1710.999	NaN
621	0621-1430	4267340.565	2938.423	637	1388	116.565	2305.460	NaN
622	0622-1398	72937.212	385.949	1544	1403	48.366	256.410	NaN
623	0623-1438	3216428.337	2656.199	1525	1397	98.326	1826.923	NaN
624	0624-1475	13852933.925	5261.977	2092	1554	73.000	3791.288	NaN
625	0625-1478	12469181.460	5287.684	2193	1398	102.604	4073.389	NaN
626	0626-1456	4192348.784	3621.795	797	1400	97.628	1923.077	NaN
627	0627-1427	1381697.896	1793.154	1790	1453	65.726	1321.508	NaN
628	0628-1435	2279544.707	2083.333	557	1457	53.130	1602.564	NaN
629	0629-1494	11119329.389	4963.811	1956	1564	68.405	3164.912	NaN
630	0630-1440	230111.769	801.282	843	1450	53.130	480.769	NaN
631	0631-1435	71909.928	391.236	931	1432	145.008	224.359	NaN
632	0632-1472	3425994.412	2697.835	1223	1499	43.556	2041.320	NaN
633	0633-1460	1256369.165	1769.800	833	1476	35.417	1185.897	NaN
634	0634-1513	5697320.842	3972.420	1891	1453	104.485	2022.881	NaN
635	0635-1517	10111563.116	4356.145	1751	1477	147.011	3420.428	NaN
636	0636-1523	4636135.766	3804.934	430	1582	83.713	1796.753	NaN
637	0637-1539	8983604.536	4540.887	1563	1472	108.947	3127.828	NaN
638	0638-1637	20107043.064	10302.880	1501	1798	86.968	3604.322	NaN
639	0639-1486	252712.032	827.147	1716	1494	35.538	480.769	NaN
640	0640-1541	10750534.188	4578.288	1368	1594	45.567	3623.592	NaN
641	0641-1513	2444937.541	2611.147	1650	1484	131.517	1873.674	NaN
642	0642-1537	6343482.906	3431.883	1257	1510	145.271	2496.336	NaN
643	0643-1513	50336.949	317.292	1732	1510	135.000	224.359	NaN
644	0644-1547	2584648.258	2232.114	1204	1581	74.168	1631.514	NaN
645	0645-1521	153065.417	612.339	72	1528	42.879	410.672	NaN
646	0646-1529	50336.949	317.292	1658	1526	135.000	224.359	NaN
647	0647-1581	4208785.339	3530.300	1721	1530	119.358	1728.476	NaN
648	0648-1690	27921597.633	10613.621	1958	1850	72.605	6091.597	NaN
649	0649-1564	1742274.819	1951.973	2255	1590	60.489	1330.064	NaN
650	0650-1545	80128.205	410.457	1450	1540	128.660	256.410	NaN
651	0651-1678	18695553.912	8947.992	2473	1816	81.347	4444.273	NaN
652	0652-1600	7776545.036	3808.038	1655	1547	126.098	3200.535	NaN
653	0653-1592	1925131.492	2774.982	2184	1549	96.633	1175.629	NaN
654	0654-1561	181829.389	645.020	2192	1552	116.565	352.564	NaN
655	0655-1615	5186760.355	3955.315	1874	1677	85.352	2254.053	NaN
656	0656-1624	6804733.728	4595.421	2447	1554	100.448	2275.641	NaN
657	0657-1595	2298035.832	2476.882	2116	1557	100.437	1601.357	NaN
658	0658-1563	77046.351	407.946	2469	1568	45.000	288.462	NaN
659	0659-1619	3376684.747	3193.086	2224	1571	107.526	1500.831	NaN
660	0660-1610	1739192.965	2483.095	2283	1646	66.413	1125.433	NaN
661	0661-1621	2927761.341	3085.092	1798	1581	122.699	1874.168	NaN
662	0662-1586	64718.935	365.441	1206	1583	142.125	224.359	NaN
663	0663-1635	2345290.927	2659.291	1438	1675	74.624	1413.874	NaN
664	0664-1598	50336.949	317.292	2266	1595	135.000	224.359	NaN
665	0665-1658	3790680.473	3910.388	1378	1599	104.720	1411.715	NaN
666	0666-1610	82182.774	407.946	1051	1615	45.000	288.462	NaN
667	0667-1707	11206648.586	6519.738	1559	1809	86.336	2579.988	NaN
668	0668-1610	71909.928	391.236	1601	1607	145.008	224.359	NaN
669	0669-1621	82182.774	410.457	1427	1616	128.660	256.410	NaN
670	0670-1659	2676076.594	2592.788	606	1699	81.469	1430.581	NaN
671	0671-1702	8825402.696	4702.918	1750	1644	124.448	2783.172	NaN
672	0672-1736	11925747.863	6714.877	2132	1640	110.684	2869.877	NaN
673	0673-1726	8472016.765	5582.814	1617	1645	111.557	2265.690	NaN
674	0674-1655	57527.942	340.710	1720	1652	138.814	224.359	NaN
675	0675-1726	10369411.571	4641.243	522	1796	75.196	3367.333	NaN
676	0676-1717	6080498.028	3958.041	1694	1664	121.759	2077.942	NaN
677	0677-1671	50336.949	317.292	1059	1668	135.000	224.359	NaN
678	0678-1695	885519.395	1484.774	2350	1713	57.339	897.436	NaN
679	0679-1772	9081196.581	6160.520	1871	1678	102.011	2243.347	NaN
680	0680-1686	153065.417	616.519	2002	1695	62.103	320.513	NaN
681	0681-1734	4623808.350	3960.506	2049	1791	66.132	1924.977	NaN
682	0682-1685	132519.724	533.440	2019	1680	147.265	320.513	NaN
683	0683-1740	5746630.506	3899.207	2227	1684	117.408	2172.379	NaN
684	0684-1757	5978796.844	4533.302	2296	1688	102.661	1827.424	NaN
685	0685-1736	3704388.560	2816.139	1024	1779	78.179	2125.284	NaN
686	0686-1705	283530.572	730.882	2018	1696	127.875	576.923	NaN
687	0687-1703	124301.446	489.242	1100	1697	121.608	320.513	NaN
688	0688-1721	956402.038	1720.052	2428	1745	63.435	859.798	NaN
689	0689-1712	228057.199	720.263	494	1705	159.146	575.245	NaN
690	0690-1712	71909.928	385.949	938	1708	131.634	256.410	NaN
691	0691-1733	642052.926	1585.810	1089	1709	104.036	737.179	NaN
692	0692-1769	2740795.529	3226.372	1992	1819	76.792	1372.545	NaN
693	0693-1743	1030366.535	1478.881	2362	1763	60.101	1025.641	NaN
694	0694-1775	3461949.375	3210.572	1269	1824	75.548	1646.018	NaN
695	0695-1764	2682240.302	2350.913	1408	1800	78.996	1756.214	NaN
696	0696-1810	13010560.487	5434.087	392	1731	112.178	3729.316	NaN
697	0697-1796	9430473.373	4732.858	1314	1858	58.570	2861.754	NaN
698	0698-1773	2503492.768	2523.110	1596	1737	115.589	1634.615	NaN
699	0699-1743	57527.942	340.710	424	1739	131.186	224.359	NaN
700	0700-1780	3587278.107	2476.882	2392	1742	100.437	2248.614	NaN
701	0701-1832	12270915.516	5641.936	2102	1920	83.804	3268.688	NaN
702	0702-1811	7713880.671	3989.451	601	1780	141.196	2840.186	NaN
703	0703-1790	1176240.960	1763.694	1047	1816	70.907	1105.845	NaN
704	0704-1828	7751890.204	4226.518	971	1767	108.572	2776.868	NaN
705	0705-1770	50336.949	317.292	498	1767	135.000	224.359	NaN
706	0706-1844	8328196.910	4920.681	1800	1775	129.184	2422.759	NaN
707	0707-1780	72937.212	385.949	2655	1785	48.366	256.410	NaN
708	0708-1858	8419625.247	5500.601	1718	1780	112.979	2283.428	NaN
709	0709-1785	109919.461	476.477	953	1780	132.274	352.564	NaN
710	0710-1875	14928500.986	6393.648	1381	1964	62.536	4269.208	NaN
711	0711-1813	2155243.261	2347.415	2222	1790	145.008	1559.357	NaN
712	0712-1876	18946211.374	6088.900	476	1921	15.573	5118.560	NaN
713	0713-1835	5246342.867	2939.297	704	1856	27.962	2330.983	NaN
714	0714-1870	8479207.758	4762.825	1494	1815	126.793	2553.843	NaN
715	0715-1889	8778147.600	5371.340	2016	1972	82.112	2349.848	NaN
716	0716-1892	8728837.936	5074.336	1684	1815	117.051	2798.987	NaN
717	0717-1870	5300788.955	4027.891	1578	1816	124.955	1947.747	NaN
718	0718-1850	1198841.223	1734.623	1656	1824	106.091	917.681	NaN
719	0719-1847	1827539.448	2000.832	2346	1832	144.782	1506.410	NaN
720	0720-1928	9612302.761	6209.765	2291	1840	114.713	2307.737	NaN
721	0721-1977	25727317.554	8763.198	1235	1841	93.145	5448.841	NaN
722	0722-1848	102728.468	445.271	375	1842	120.256	288.462	NaN
723	0723-1847	57527.942	340.710	1274	1844	138.814	224.359	NaN
724	0724-1919	7252629.849	4551.959	2235	1990	83.125	2318.482	NaN
725	0725-1912	4708045.694	3626.897	1934	1857	101.211	1795.324	NaN
726	0726-1861	69855.358	385.949	2062	1857	138.366	256.410	NaN
727	0727-1889	1070430.638	1673.126	2056	1869	126.431	988.507	NaN
728	0728-1901	789981.920	1655.845	2183	1876	104.574	816.226	NaN
729	0729-1883	122246.877	516.811	1656	1880	150.255	288.462	NaN
730	0730-1940	3819444.444	3426.940	2396	1887	97.524	1585.810	NaN
731	0731-1921	1099194.609	1929.743	2169	1892	101.497	1027.673	NaN
732	0732-1936	1744329.389	2149.588	1816	1905	110.056	1245.566	NaN
733	0733-1941	3562623.274	2943.313	1848	1978	51.633	2277.549	NaN
734	0734-1952	2841469.428	2707.717	1505	1912	106.504	1486.758	NaN
735	0735-1966	6560239.974	4171.102	1418	1921	136.245	2474.354	NaN
736	0736-1967	3160954.964	2711.319	569	2009	83.211	1945.164	NaN
737	0737-1929	71909.928	385.949	784	1925	131.634	256.410	NaN
738	0738-2004	8958949.704	5144.705	2283	1925	97.878	2712.660	NaN
739	0739-1979	4801528.600	3249.690	2474	2028	75.141	2368.566	NaN
740	0740-2001	9460264.629	4645.225	2090	1937	115.327	2964.681	NaN
741	0741-1996	7302966.798	4098.806	1586	2060	83.264	2692.308	NaN
742	0742-1967	956402.038	2069.232	450	1998	73.811	915.294	NaN
743	0743-1981	4319732.084	3253.639	1626	1938	124.160	1927.353	NaN
744	0744-1957	71909.928	365.441	1134	1954	142.125	256.410	NaN
745	0745-2002	4482043.064	2953.070	487	1957	115.731	2487.124	NaN
746	0746-2012	7456032.216	3714.078	1703	2017	21.251	3263.633	NaN
747	0747-2004	2167570.677	2567.706	2177	2041	65.674	1538.462	NaN
748	0748-2023	5108686.719	3827.546	1316	2076	62.577	2106.089	NaN
749	0749-1977	50336.949	317.292	542	1974	135.000	224.359	NaN
750	0750-2023	3863617.686	3589.887	1386	1974	119.999	1948.442	NaN
751	0751-1978	50336.949	317.292	631	1975	135.000	224.359	NaN
752	0752-2037	6499630.178	3884.689	2029	2097	79.061	2301.710	NaN
753	0753-2017	1657010.191	2350.913	1276	1981	101.004	1018.328	NaN
754	0754-2037	6275682.117	3963.618	1945	1987	120.090	2151.311	NaN
755	0755-2026	4515943.458	3156.197	1105	2002	145.342	2168.172	NaN
756	0756-1990	50336.949	317.292	1173	1987	135.000	224.359	NaN
757	0757-2045	11319649.901	6073.612	566	2032	159.939	3621.795	NaN
758	0758-2038	7222838.593	3855.224	1844	1995	132.979	2870.723	NaN
759	0759-1996	64718.935	362.619	439	1992	135.000	256.410	NaN
760	0760-1997	70882.643	385.949	2527	1993	131.634	256.410	NaN
761	0761-2060	7570060.815	4120.678	2416	2124	81.051	2395.507	NaN
762	0762-2079	8274778.107	4564.580	2212	2149	77.428	2816.363	NaN
763	0763-2055	2139833.991	2787.725	528	2097	72.607	1538.330	NaN
764	0764-2062	2847633.136	3122.328	2535	2015	107.319	1430.338	NaN
765	0765-2023	50336.949	317.292	1520	2020	135.000	224.359	NaN
766	0766-2110	11921638.725	6659.035	2405	2195	55.392	3532.051	NaN
767	0767-2054	1573800.131	1897.533	1528	2083	74.320	1277.419	NaN
768	0768-2032	89373.767	410.457	720	2027	128.660	288.462	NaN
769	0769-2093	5999342.538	4417.616	1607	2157	61.390	2590.784	NaN
770	0770-2079	3735207.101	3303.771	1686	2129	75.964	1902.174	NaN
771	0771-2090	6417447.403	3545.979	2365	2036	102.529	2975.841	NaN
772	0772-2096	5556582.840	3415.680	1804	2145	71.395	2602.984	NaN
773	0773-2053	235248.192	748.245	499	2045	133.264	505.025	NaN
774	0774-2055	71909.928	391.236	1293	2050	124.992	224.359	NaN
775	0775-2104	4576553.254	3390.171	1482	2053	105.350	2033.814	NaN
776	0776-2081	504396.778	1321.508	646	2101	75.964	679.597	NaN
777	0777-2065	50336.949	317.292	1286	2062	135.000	224.359	NaN
778	0778-2067	79100.920	410.457	1388	2071	38.660	256.410	NaN
779	0779-2120	3665351.742	3678.085	1563	2064	100.037	2071.031	NaN
780	0780-2073	114028.600	506.775	738	2078	34.695	288.462	NaN
781	0781-2087	626643.655	1280.849	1165	2070	121.701	755.927	NaN
782	0782-2077	87319.198	431.206	1354	2073	138.013	288.462	NaN
783	0783-2077	50336.949	317.292	1758	2074	135.000	224.359	NaN
784	0784-2079	71909.928	385.949	1269	2084	48.366	256.410	NaN
785	0785-2118	5392217.291	3326.546	2033	2126	25.084	2413.112	NaN
786	0786-2136	4927884.615	3953.757	2160	2076	101.219	1883.469	NaN
787	0787-2112	3222592.045	2703.350	1361	2112	10.244	2078.135	NaN
788	0788-2081	50336.949	317.292	809	2078	135.000	224.359	NaN
789	0789-2082	50336.949	317.292	483	2079	135.000	224.359	NaN
790	0790-2085	64718.935	365.441	1109	2081	127.875	224.359	NaN
791	0791-2097	443786.982	1001.314	764	2084	129.806	767.426	NaN
792	0792-2093	171556.542	612.339	821	2101	42.879	448.718	NaN
793	0793-2097	243466.469	688.170	789	2107	62.241	448.718	NaN
794	0794-2110	1248150.888	1701.135	1922	2131	47.291	1145.601	NaN
795	0795-2122	2725386.259	4452.706	761	2131	173.387	1958.142	NaN
796	0796-2104	186965.812	835.795	913	2093	122.471	487.348	NaN
797	0797-2106	1199868.508	2139.528	1279	2104	171.384	833.333	NaN
798	0798-2129	2573348.126	2422.577	1862	2165	72.284	1626.978	NaN
799	0799-2098	94510.191	462.250	1012	2094	146.310	256.410	NaN
800	0800-2098	72937.212	385.949	1579	2094	138.366	256.410	NaN
801	0801-2140	4019764.957	3120.189	1954	2180	56.310	1877.929	NaN
802	0802-2110	183883.958	791.608	733	2100	121.759	416.667	NaN
803	0803-2110	210593.360	693.375	890	2104	146.310	521.265	NaN
804	0804-2107	152038.133	533.440	928	2103	147.265	384.615	NaN
805	0805-2112	271203.156	846.785	546	2117	29.476	492.224	NaN
806	0806-2123	1024202.827	1571.820	1733	2141	16.587	1153.846	NaN
807	0807-2131	1787475.345	2083.333	1190	2109	143.130	1495.505	NaN
808	0808-2151	4089620.316	3640.890	969	2135	153.886	1935.882	NaN
809	0809-2119	50336.949	317.292	765	2116	135.000	224.359	NaN
810	0810-2120	81155.490	410.457	1136	2116	141.340	256.410	NaN
811	0811-2125	185938.527	660.754	880	2133	50.906	456.230	NaN
812	0812-2126	210593.360	838.862	1270	2117	133.452	472.634	NaN
813	0813-2125	179774.819	622.323	1151	2120	145.491	384.615	NaN
814	0814-2159	3591387.245	2871.409	2301	2123	123.158	1955.128	NaN
815	0815-2160	3581114.398	3354.531	2210	2197	45.774	2069.150	NaN
816	0816-2129	189020.381	775.217	735	2124	150.255	356.375	NaN
817	0817-2126	50336.949	317.292	860	2123	135.000	224.359	NaN
818	0818-2126	57527.942	340.710	922	2123	138.814	224.359	NaN
819	0819-2151	1131040.434	1881.222	1080	2178	66.930	1002.461	NaN
820	0820-2136	78073.636	410.457	810	2131	128.660	256.410	NaN
821	0821-2137	108892.176	480.769	1713	2143	53.130	320.513	NaN
822	0822-2142	164365.549	570.657	1139	2149	51.843	384.615	NaN
823	0823-2154	1322115.385	1897.533	1347	2145	164.320	1078.360	NaN
824	0824-2142	50336.949	317.292	1664	2139	135.000	224.359	NaN
825	0825-2143	50336.949	317.292	910	2140	135.000	224.359	NaN
826	0826-2157	896819.527	1885.313	1691	2141	144.689	847.151	NaN
827	0827-2151	256821.170	817.151	1731	2159	25.560	576.923	NaN
828	0828-2146	50336.949	317.292	1172	2143	135.000	224.359	NaN
829	0829-2147	85264.629	431.206	1648	2152	41.987	288.462	NaN
830	0830-2153	317430.966	964.206	1770	2145	158.552	602.703	NaN
831	0831-2151	115055.884	636.200	2626	2159	49.086	339.056	NaN
832	0832-2172	3356139.053	3065.215	1993	2191	6.605	1666.667	NaN
833	0833-2172	2266190.007	3299.881	1303	2147	150.945	1634.615	NaN
834	0834-2157	120192.308	567.045	1406	2163	42.709	362.785	NaN
835	0835-2161	223948.060	745.494	1754	2172	64.537	448.718	NaN
836	0836-2160	211620.644	688.170	1228	2164	27.759	512.821	NaN
837	0837-2157	95537.475	431.206	1669	2162	41.987	320.513	NaN
838	0838-2164	254766.601	1111.214	1883	2174	33.232	399.043	NaN
839	0839-2162	106837.607	480.769	1744	2168	53.130	288.462	NaN
840	0840-2160	50336.949	317.292	1643	2157	135.000	224.359	NaN
841	0841-2171	621507.232	1044.006	2630	2170	162.121	833.333	NaN
842	0842-2178	2395627.876	2870.514	1408	2197	6.411	1250.000	NaN
843	0843-2164	95537.475	480.769	2370	2160	143.130	288.462	NaN
844	0844-2168	167447.403	560.668	1292	2176	59.036	416.667	NaN
845	0845-2164	50336.949	317.292	1550	2161	135.000	224.359	NaN
846	0846-2180	1431007.561	2231.883	1878	2183	167.560	1142.115	NaN
847	0847-2165	50336.949	317.292	2674	2162	135.000	224.359	NaN
848	0848-2166	50336.949	317.292	976	2163	135.000	224.359	NaN
849	0849-2177	293803.419	761.850	1217	2184	22.249	641.026	NaN
850	0850-2173	239357.331	803.203	1783	2168	151.390	416.667	NaN
851	0851-2182	1205004.931	1619.779	2104	2174	152.928	993.590	NaN
852	0852-2182	995438.856	1539.129	1603	2170	148.627	929.487	NaN
853	0853-2181	384204.471	1043.514	1002	2170	137.490	611.919	NaN
854	0854-2175	122246.877	506.775	1681	2170	145.305	320.513	NaN
855	0855-2175	79100.920	410.457	1766	2179	38.660	256.410	NaN
856	0856-2175	57527.942	340.710	2379	2171	131.186	224.359	NaN
857	0857-2177	88346.483	435.945	1399	2172	126.027	256.410	NaN
858	0858-2178	105810.322	462.250	1865	2172	123.690	288.462	NaN
859	0859-2181	162310.980	631.337	2532	2172	113.962	320.513	NaN
860	0860-2177	50336.949	317.292	965	2174	135.000	224.359	NaN
861	0861-2182	93482.906	435.945	2518	2177	126.027	288.462	NaN
862	0862-2183	97592.045	455.534	1125	2189	50.711	288.462	NaN
863	0863-2182	50336.949	317.292	1671	2179	135.000	224.359	NaN
864	0864-2188	193129.520	693.375	1705	2197	56.310	444.347	NaN
865	0865-2186	249630.178	875.417	1720	2183	156.251	480.769	NaN
866	0866-2183	50336.949	317.292	2495	2180	135.000	224.359	NaN
867	0867-2184	57527.942	340.710	1651	2181	138.814	224.359	NaN
868	0868-2190	129437.870	500.657	946	2184	129.806	384.615	NaN
869	0869-2190	166420.118	589.256	2375	2197	45.000	416.667	NaN
870	0870-2188	50336.949	317.292	930	2185	135.000	224.359	NaN
871	0871-2189	64718.935	362.619	1072	2193	45.000	256.410	NaN
872	0872-2189	50336.949	317.292	1114	2186	135.000	224.359	NaN
873	0873-2190	71909.928	385.949	1977	2194	41.634	256.410	NaN
874	0874-2192	94510.191	462.250	1681	2188	146.310	256.410	NaN
875	0875-2194	80128.205	391.236	1275	2190	145.008	256.410	NaN
876	0876-2193	50336.949	317.292	2520	2190	135.000	224.359	NaN
