 	Label	Area	Feret	FeretX	FeretY	FeretAngle	MinFeret	Central Nuclei	Total Myonuclei	Perinuclei
1	0001-0068	3346.817	102.209	313	118	78.140	46.491	15	27	12
2	0002-0044	354.192	32.704	218	29	113.429	14.631	2	2	0
3	0003-0038	91.049	14.426	241	32	123.690	8.002	1	1	0
4	0004-0053	262.142	30.091	204	68	74.578	10.003	2	2	0
5	0005-0052	291.158	29.975	257	39	115.710	16.035	0	2	2
6	0006-0054	328.178	25.502	179	61	41.820	19.893	1	1	0
7	0007-0084	1575.856	72.200	347	49	100.376	26.625	25	44	19
8	0008-0086	519.282	38.481	178	69	117.897	19.408	2	7	5
9	0009-0079	127.069	18.793	167	71	115.201	8.002	3	2	-1
10	0010-0079	134.073	19.728	265	88	59.534	9.219	1	1	0
11	0011-0085	63.034	11.405	225	81	127.875	7.002	0	0	0
12	0012-0093	171.093	20.130	207	84	116.565	10.003	1	1	0
13	0014-0105	102.055	14.217	251	111	50.711	10.003	0	0	0
14	0015-0117	98.053	15.268	220	124	58.392	8.002	1	0	-1
15	0016-0138	817.444	49.258	370	116	113.962	24.331	12	26	14
16	0017-0121	56.030	10.633	255	117	131.186	7.002	1	1	0
17	0018-0136	464.252	40.322	196	118	113.385	19.521	0	4	4
18	0020-0155	1077.585	68.268	454	122	100.981	20.437	11	37	26
19	0021-0129	97.053	15.004	178	123	126.870	9.002	1	0	-1
20	0022-0137	144.078	18.444	229	130	130.601	12.003	2	2	0
21	0023-0144	93.051	13.042	473	139	122.471	9.002	1	0	-1
22	0024-0165	897.487	46.970	475	186	63.435	31.008	3	9	6
23	0027-0190	2658.443	95.551	393	158	137.121	43.190	19	28	9
24	0028-0223	1542.838	53.866	176	249	68.199	37.010	2	2	0
25	0029-0212	321.174	30.373	220	227	72.759	13.004	2	2	0
26	0030-0241	3396.844	92.443	257	202	125.754	52.511	2	9	7
27	0031-0247	1249.678	65.988	314	215	104.036	24.191	20	32	12
28	0032-0253	2861.554	90.997	411	215	123.341	50.612	3	2	-1
29	0033-0242	752.408	37.600	384	259	61.390	27.007	8	22	14
30	0034-0232	56.030	10.633	206	228	131.186	7.002	1	0	-1
31	0035-0246	246.134	25.639	257	258	69.444	12.003	1	1	0
32	0036-0248	461.250	36.135	198	260	41.634	19.703	1	2	1
33	0037-0254	83.045	13.605	474	249	126.027	8.002	4	1	-3
34	0038-0294	3642.978	78.124	389	262	129.806	60.698	0	5	5
35	0040-0276	173.094	22.478	250	266	110.854	9.002	2	1	-1
36	0041-0284	258.140	25.305	263	272	108.435	13.004	1	2	1
37	0042-0299	896.487	50.014	476	275	106.260	23.006	4	16	12
38	0044-0301	878.477	42.213	304	322	76.293	29.008	22	32	10
39	0045-0318	622.338	45.893	227	340	69.590	20.100	6	26	20
40	0046-0328	1421.772	64.049	275	297	104.470	28.566	9	35	26
41	0047-0329	1294.703	54.135	460	303	106.091	32.009	11	19	8
42	0048-0337	845.459	42.965	382	358	77.905	28.008	4	12	8
43	0050-0371	238.129	25.305	293	359	108.435	11.003	1	1	0
44	0051-0401	935.508	56.336	278	374	106.504	25.007	2	3	1
45	0052-0447	1865.013	59.455	302	476	77.367	42.011	3	5	2
46	0053-0474	767.417	46.703	378	459	133.264	24.336	2	2	0
47	0054-0485	623.338	43.921	238	504	59.931	22.814	2	7	5
48	0175-0190	1035.562	44.023	176	195.667	68.682	30.117	5	22	17
49	0184-0213	430.234	37.930	207	203	75.231	14.961	1	4	3
50	0077-0069	1760.956	85.750	58	118.500	73.045	30.147	1	4	3
51	0160-0060	1202.653	57.309	50.500	188	69.034	28.999	1	2	1
52	0139-0083	558.303	41.659	83.500	118	94.821	16.391	0	4	4
53	0178-0080	363.197	35.608	70.500	193.500	60.555	15.712	1	5	4
54	0193-0088	277.150	33.780	79.500	208.500	64.573	12.103	10	5	-5
55	0208-0102	396.215	27.026	91.500	218.500	38.991	21.327	1	3	2
56	0172-0116	963.523	56.571	113	200.500	87.466	22.252	1	6	5
57	0102-0142	2520.368	76.062	125.500	139.500	76.695	42.906	6	10	4
58	0029-0111	471.256	34.640	108.500	12.500	107.650	19.868	1	5	4
59	0041-0136	998.542	45.201	125.500	62	65.136	32.819	5	33	28
60	0044-0164	449.244	40.671	158.500	25	106.429	13.586	0	2	2
61	0125-0030	2572.397	94.947	15	170.500	73.474	34.617	0	0	0
62	0305-0054	1129.613	69.627	47	338.500	75.864	26.969	1	9	8
63	0278-0046	396.215	36.902	37.500	294	57.171	15.704	1	5	4
64	0239-0075	459.249	40.981	67	258	66.251	16.031	0	2	2
65	0322-0101	755.410	47.005	93.500	344	69.444	22.127	4	14	10
66	0333-0118	550.299	35.598	113.500	350	65.956	20.126	0	11	11
67	0317-0160	2962.608	86.949	136.500	356	66.975	49.151	0	1	1
68	0275-0140	3094.680	85.126	133.500	317	73.269	46.690	0	2	2
69	0274-0095	2854.550	98.642	73.500	320	67.335	43.494	0	0	0
70	0354-0066	1508.819	61.898	56.500	383.500	74.055	35.299	1	1	0
71	0387-0075	456.248	34.024	69	402	65.695	18.612	0	3	3
72	0368-0098	725.394	49.435	94	393	78.917	20.433	1	15	14
73	0374-0119	1015.551	59.164	112.500	403	72.790	23.908	1	6	5
74	0355-0213	948.515	50.975	204	380	74.055	25.887	9	29	20
75	0303-0211	2091.135	69.751	197.500	337	75.466	41.950	6	14	8
76	0267-0187	375.204	27.981	176.500	254	114.274	22.553	0	2	2
77	0426-0047	1924.045	74.576	43.500	462.500	80.348	36.960	2	6	4
78	0395-0029	788.428	48.141	22.500	418	66.098	24.683	2	2	0
79	0348-0031	873.474	50.930	21	372.500	72.277	24.341	0	1	1
80	0425-0106	452.246	36.290	96	442.500	60.255	15.603	0	0	0
81	0391-0143	1681.913	68.524	125.500	419.500	56.310	33.253	0	2	2
82	0332-0258	1040.565	57.046	248.500	307.500	117.688	29.379	8	29	21
83	0381-0250	2758.498	74.909	238.500	344.500	98.833	50.061	0	5	5
84	0443-0231	771.419	51.908	217	466.500	64.916	17.979	5	25	20
85	0439-0257	1316.715	59.111	240.500	464.500	57.789	28.395	2	9	7
86	0447-0279	359.195	31.012	268	460	52.206	18.805	1	4	3
87	0385-0332	3921.129	128.458	321	323	104.199	45.480	0	1	1
88	0352-0355	2209.199	98.708	336	305.500	109.537	32.461	6	37	31
89	0303-0360	1497.813	53.822	342	282.500	123.247	39.149	26	36	10
90	0260-0353	667.362	36.630	338	248.500	145.008	26.991	10	15	5
91	0217-0349	2453.332	75.322	332	186.500	123.901	43.550	16	26	10
92	0173-0321	442.240	35.117	312	156.500	100.670	19.410	2	14	12
93	0152-0289	1393.757	65.581	273.500	121.500	118.715	31.447	6	11	5
94	0149-0346	2278.237	67.327	320	128	131.386	43.181	1	1	0
95	0194-0387	1347.732	59.018	377.500	166.500	106.746	27.994	14	26	12
96	0128-0421	3764.044	97.610	414.500	83.500	111.965	55.416	0	1	1
97	0095-0453	802.436	54.248	447.500	69	108.268	20.560	16	42	26
98	0068-0386	3154.713	92.189	381.500	22	93.421	50.386	28	37	9
99	0042-0355	49.027	9.711	351.500	45	34.509	8.002	2	1	-1
100	0426-0383	1290.701	59.314	376	398	107.671	27.793	7	14	7
101	0454-0414	309.168	24.012	408	463.500	54.324	18.170	0	5	5
102	0429-0410	620.337	44.747	399	448.500	62.003	23.766	7	13	6
103	0426-0435	395.215	35.202	427	443	67.443	16.762	0	0	0
104	0471-0440	1464.795	57.210	430.500	500	67.920	34.574	1	6	5
105	0371-0416	3820.074	87.845	394.500	409.500	58.029	60.046	1	3	2
106	0174-0145	3797.061	112.072	125	224	64.350	46.570	0	1	1
