 	Label	Area	Feret	FeretX	FeretY	FeretAngle	MinFeret	Perinuclei
1	I	1926.438	64.174	956	21	132.236	41.659	NaN
2	I	1484.010	69.066	1406	71	27.493	39.386	NaN
3	I	2538.880	73.356	888	130	60.376	48.308	NaN
4	I	482.684	32.037	1030	26	107.021	23.094	NaN
5	I/IIa	767.214	38.386	1085	35	163.926	30.419	NaN
6	IIb	53.936	11.131	1511	46	51.843	7.502	NaN
7	I/IIa	1202.998	60.835	1192	42	129.579	30.337	NaN
8	I	2538.880	68.967	1070	57	98.865	51.889	NaN
9	IIb	38.693	9.378	790	65	143.130	5.627	NaN
10	IIb	127.022	16.024	1331	90	69.444	11.878	NaN
11	I	2663.948	72.479	748	75	124.101	54.805	NaN
12	I	4121.381	128.344	1136	276	86.929	45.012	NaN
13	IIb	217.696	24.732	1342	98	20.726	12.503	NaN
14	IIb	51.591	9.378	1313	80	126.870	6.877	NaN
15	IIb	158.289	20.161	1268	103	29.745	12.814	NaN
16	I	279.840	30.995	964	84	131.730	11.936	NaN
17	IIb	29.704	7.957	831	94	45.000	5.627	NaN
18	IIb	132.494	16.012	1432	91	141.340	13.096	NaN
19	IIx	1637.609	64.623	1383	187	65.418	42.910	NaN
20	I/IIa	185.648	21.557	1849	93	119.539	13.880	NaN
21	I/IIa	4502.057	133.886	1189	94	101.310	47.030	NaN
22	I/IIa	4728.743	140.274	1471	96	93.321	60.330	NaN
23	IIb	27.749	7.528	1302	106	41.634	5.001	NaN
24	I	3321.337	96.386	822	101	136.051	51.898	NaN
25	I	2028.837	58.171	934	190	69.228	45.547	NaN
26	IIb	214.961	26.998	1828	107	132.184	13.678	NaN
27	I	2511.522	69.405	647	117	125.838	53.603	NaN
28	IIb	64.097	11.131	1292	121	51.843	8.752	NaN
29	I	489.719	31.396	1010	162	77.347	23.131	NaN
30	I/IIa	2248.488	70.002	1319	223	72.860	48.138	NaN
31	IIb	171.187	19.055	1870	125	138.991	13.129	NaN
32	I/IIa	1233.483	61.572	1895	132	119.168	34.109	NaN
33	I	2243.016	63.718	586	181	164.055	50.404	NaN
34	I	3887.270	122.132	1731	132	111.311	45.150	NaN
35	I/IIa	3377.618	88.571	1835	145	108.947	50.776	NaN
36	I	1825.211	70.245	1033	152	106.015	37.082	NaN
37	I/IIa	1566.477	56.863	723	209	14.647	39.180	NaN
38	IIb	67.615	11.629	1280	163	126.254	8.127	NaN
39	I	2526.764	73.865	949	195	146.041	47.716	NaN
40	I	2124.202	59.824	500	171	124.354	49.510	NaN
41	I/IIa	906.352	57.383	1094	178	97.512	26.228	NaN
42	I/IIa	189.947	22.384	1280	183	125.910	12.861	NaN
43	I/IIa	45.337	10.348	1363	185	115.017	5.001	NaN
44	I	1366.759	52.696	1573	253	48.366	40.636	NaN
45	I	2256.696	70.876	578	195	120.184	49.153	NaN
46	I	2033.527	67.402	818	198	130.486	46.281	NaN
47	I	4082.688	121.756	1336	388	76.035	47.170	NaN
48	I/IIa	31.267	7.957	1407	217	45.000	5.627	NaN
49	IIx	2054.633	67.914	893	239	158.394	46.279	NaN
50	I/IIa	2730.782	104.096	1283	213	101.782	38.529	NaN
51	I/IIa	2204.714	70.522	650	318	65.934	46.379	NaN
52	IIb	67.615	11.270	1953	230	56.310	8.127	NaN
53	I	2210.968	71.652	715	223	150.751	45.717	NaN
54	I/IIa	44.555	9.378	1340	222	126.870	6.877	NaN
55	I	5856.309	142.907	1887	425	62.090	68.347	NaN
56	IIb	33.612	8.411	1936	243	48.013	5.627	NaN
57	I/IIa	3335.407	104.387	1405	236	108.869	48.763	NaN
58	I/IIa	26.968	7.528	1553	255	41.634	5.001	NaN
59	I	723.049	42.484	1577	255	147.011	23.871	NaN
60	I/IIa	2457.195	85.413	1171	252	98.842	45.137	NaN
61	I/IIa	3008.276	83.333	1508	254	117.719	53.086	NaN
62	I	1802.933	79.731	1562	260	118.575	35.026	NaN
63	I/IIa	1467.204	53.418	1067	266	145.008	38.989	NaN
64	I	537.792	36.758	1030	276	131.553	20.982	NaN
65	IIx	3082.926	74.780	356	370	20.556	64.810	NaN
66	I	1992.099	58.859	551	330	12.265	44.840	NaN
67	I	1376.139	56.297	815	285	119.982	33.206	NaN
68	I/IIa	1161.960	51.069	993	290	129.536	30.817	NaN
69	I	1682.165	56.921	869	286	128.758	37.930	NaN
70	I/IIa	2178.919	68.255	1631	299	151.557	44.840	NaN
71	I	1861.559	71.447	706	315	164.261	35.635	NaN
72	I	2087.463	79.672	929	302	141.691	39.330	NaN
73	I/IIa	3214.638	83.619	1807	426	64.776	52.514	NaN
74	I/IIa	2619.393	79.328	1252	437	83.211	54.390	NaN
75	I/IIa	1937.381	60.422	608	369	28.421	47.554	NaN
76	I/IIa	1083.011	50.111	1113	338	139.554	29.010	NaN
77	I	1763.459	68.129	1054	334	137.231	35.853	NaN
78	I	1638.391	58.743	701	332	106.699	39.539	NaN
79	I	2749.151	76.363	476	342	129.685	51.613	NaN
80	I/IIa	3003.586	87.606	1742	471	72.987	45.465	NaN
81	I/IIa	1330.020	49.436	1981	348	103.158	38.500	NaN
82	I	2222.302	65.836	748	410	22.913	45.608	NaN
83	I	3285.771	88.943	414	368	137.564	46.532	NaN
84	I	2087.072	66.729	879	372	164.792	49.343	NaN
85	IIb	74.650	12.139	860	377	34.509	8.127	NaN
86	I	1666.140	59.994	587	366	123.524	45.974	NaN
87	I/IIa	2116.385	84.073	1678	499	73.586	36.885	NaN
88	I/IIa	1495.344	59.473	1618	461	56.143	39.386	NaN
89	I	1445.317	49.515	854	384	114.624	37.386	NaN
90	I	1566.086	65.321	377	384	129.174	34.708	NaN
91	I	2966.847	75.842	1503	398	150.900	59.159	NaN
92	I	2478.301	92.974	987	397	150.160	40.137	NaN
93	IIb	429.921	35.387	1164	439	57.995	19.430	NaN
94	I/IIa	2159.768	61.270	1354	401	171.787	52.514	NaN
95	IIb	38.693	9.294	1201	392	137.726	6.252	NaN
96	I/IIa	1029.857	44.462	1310	459	62.354	32.585	NaN
97	IIb	233.721	28.690	1143	449	78.690	14.642	NaN
98	IIb	274.368	27.422	1189	434	43.152	15.901	NaN
99	I/IIa	2788.235	79.904	1467	408	110.136	46.007	NaN
100	I/IIa	722.268	48.947	1874	440	24.928	21.325	NaN
101	IIb	141.483	21.872	1955	409	120.964	10.057	NaN
102	I	496.364	31.265	740	415	101.535	21.881	NaN
103	I	1511.759	57.397	654	420	147.002	36.249	NaN
104	I/IIa	1321.422	51.287	972	419	99.118	36.657	NaN
105	I	1778.311	62.078	749	487	34.330	44.982	NaN
106	IIb	76.995	12.330	1999	433	30.466	8.752	NaN
107	I	1424.603	53.055	1786	463	21.425	42.203	NaN
108	I	32.830	8.411	287	430	131.987	5.627	NaN
109	I	3317.038	86.529	1212	433	139.982	61.010	NaN
110	I	2135.536	61.879	555	438	108.252	55.416	NaN
111	I/IIa	1327.284	48.655	1927	508	62.447	41.610	NaN
112	I	2115.603	76.327	836	441	116.775	38.098	NaN
113	I/IIa	2004.215	73.099	906	441	102.848	36.845	NaN
114	I	2000.306	65.216	1611	536	60.732	49.549	NaN
115	IIb	73.868	13.423	1121	449	117.759	7.502	NaN
116	I/IIa	1144.372	50.158	1351	450	112.730	37.554	NaN
117	I/IIa	1352.298	54.762	1434	453	108.642	39.330	NaN
118	IIb	297.036	28.961	1142	503	76.264	14.990	NaN
119	I/IIa	911.824	40.564	1858	479	151.460	33.985	NaN
120	IIa	1876.020	63.142	532	459	101.421	47.021	NaN
121	IIx	1883.837	59.342	603	538	41.583	46.843	NaN
122	IIb	329.867	27.881	1176	501	47.726	16.256	NaN
123	I/IIa	1743.135	69.720	1531	534	39.542	44.291	NaN
124	I/IIa	1422.258	51.104	1004	512	14.886	40.433	NaN
125	IIx	2003.824	69.447	697	573	66.666	39.639	NaN
126	I/IIa	1276.866	53.286	1699	549	58.921	35.018	NaN
127	IIx	2635.026	71.535	389	492	170.949	47.776	NaN
128	IIb	334.166	27.916	1098	511	55.954	20.631	NaN
129	I/IIa	479.948	36.373	1759	474	114.362	19.474	NaN
130	I/IIa	821.931	42.585	1780	478	130.236	29.118	NaN
131	I	2110.913	78.523	749	503	142.765	46.854	NaN
132	I/IIa	2213.313	63.795	1991	597	65.695	50.857	NaN
133	I/IIa	1804.106	74.668	955	624	78.408	38.066	NaN
134	I/IIa	253.263	24.518	1826	529	19.359	15.004	NaN
135	IIb	237.238	37.301	1058	557	50.440	12.419	NaN
136	I/IIa	1675.520	59.651	1135	539	146.976	42.146	NaN
137	IIb	46.900	9.378	1955	513	126.870	6.877	NaN
138	IIb	34.003	8.006	990	515	141.340	5.627	NaN
139	I/IIa	1953.406	79.150	1830	552	13.707	39.434	NaN
140	I/IIa	30.094	7.957	1212	529	45.000	5.627	NaN
141	I/IIa	1188.928	49.087	1290	583	43.452	38.135	NaN
142	I	1248.335	47.004	1487	547	166.149	38.656	NaN
143	I/IIa	1645.426	67.010	1393	529	149.128	38.297	NaN
144	IIx	1666.922	69.194	992	530	124.695	34.025	NaN
145	I/IIa	1874.847	66.729	1747	634	74.792	41.931	NaN
146	I	2026.102	65.717	1595	532	115.346	48.110	NaN
147	I/IIa	1373.794	52.283	1209	539	153.741	39.386	NaN
148	I/IIa	1686.464	59.611	1362	533	99.660	41.886	NaN
149	I	50.809	10.646	1474	547	40.236	6.877	NaN
150	IIx	2119.512	66.551	581	538	115.602	47.484	NaN
151	I	1390.991	52.130	719	615	67.433	37.451	NaN
152	IIx	1794.726	61.537	417	557	159.171	40.011	NaN
153	IIb	32.440	8.411	1675	544	131.987	5.627	NaN
154	I/IIa	38.302	9.785	1452	545	153.435	4.376	NaN
155	I	3079.018	76.771	297	546	127.057	50.843	NaN
156	IIb	410.379	37.614	1087	548	105.422	23.131	NaN
157	I	338.074	36.821	898	549	130.179	16.592	NaN
158	I/IIa	1746.262	66.600	1819	550	122.347	36.312	NaN
159	I	2254.351	77.251	858	557	113.868	43.110	NaN
160	I/IIa	2618.220	71.338	1658	568	138.909	56.860	NaN
161	I	1790.817	56.032	639	563	144.537	45.728	NaN
162	IIb	42.601	9.725	402	561	135.000	6.877	NaN
163	I/IIa	1754.860	62.144	1911	594	156.272	43.998	NaN
164	I/IIa	1790.427	61.917	1553	664	78.350	43.097	NaN
165	IIb	116.860	15.976	516	590	59.421	10.003	NaN
166	I	1241.691	47.861	776	617	23.886	37.363	NaN
167	IIa	1512.150	59.167	1127	663	83.326	35.144	NaN
168	IIb	33.221	8.411	1069	570	138.013	5.627	NaN
169	IIx	2161.722	67.463	395	575	119.416	45.675	NaN
170	I/IIa	1357.769	51.004	1230	613	11.310	42.512	NaN
171	I	1262.405	54.170	1426	632	18.853	35.586	NaN
172	IIx	2026.883	63.365	520	602	120.867	47.223	NaN
173	I	1783.782	64.174	1319	595	125.083	46.235	NaN
174	I	5571.388	118.684	251	602	106.526	70.684	NaN
175	I	952.471	47.873	1166	662	49.236	30.339	NaN
176	I/IIa	1981.937	61.585	1001	703	84.174	49.835	NaN
177	IIx	2242.626	66.562	1797	711	84.611	52.034	NaN
178	I/IIa	1213.160	51.226	1376	632	156.251	40.803	NaN
179	IIb	77.386	12.888	471	626	39.094	8.127	NaN
180	I	1733.364	57.519	807	632	142.507	42.755	NaN
181	IIb	76.604	13.881	936	616	125.838	8.127	NaN
182	IIb	275.540	33.328	1051	665	66.801	13.641	NaN
183	I/IIa	1716.167	66.295	1493	623	128.491	36.281	NaN
184	I	2080.819	70.022	712	627	150.001	41.761	NaN
185	I/IIa	1752.906	56.147	1875	673	18.838	43.711	NaN
186	IIx	2165.240	68.144	473	628	123.398	52.673	NaN
187	I	559.679	32.006	1205	665	12.407	26.882	NaN
188	IIx	2173.838	72.317	1636	634	124.789	50.317	NaN
189	I/IIa	137.575	17.649	1762	661	67.068	10.628	NaN
190	IIx	2189.081	77.403	560	723	36.129	48.668	NaN
191	I	2165.631	63.966	1963	737	68.199	46.213	NaN
192	I	115.688	14.581	662	644	149.036	11.253	NaN
193	I	42.210	9.765	932	654	50.194	6.252	NaN
194	I	2171.884	65.889	1557	670	146.611	49.327	NaN
195	IIx	2855.850	77.868	358	649	122.542	54.911	NaN
196	IIb	29.704	8.006	1094	657	51.340	5.001	NaN
197	I/IIa	1603.215	62.473	1719	746	71.928	41.261	NaN
198	IIa	1691.545	63.386	888	696	165.141	46.885	NaN
199	I	1596.571	62.370	1460	658	118.106	41.114	NaN
200	I	2034.309	63.114	671	668	123.690	44.753	NaN
201	I	1920.185	64.207	1090	662	96.710	47.677	NaN
202	I/IIa	1165.868	51.268	1139	679	164.438	30.805	NaN
203	I	2092.153	71.349	1282	780	81.941	45.110	NaN
204	I/IIa	1630.574	57.800	1380	681	128.853	42.512	NaN
205	IIx	2115.994	81.303	1859	676	100.187	39.348	NaN
206	IIb	37.911	8.885	1241	679	129.289	5.627	NaN
207	I/IIa	1541.072	75.811	1342	689	121.855	31.810	NaN
208	I	1777.138	62.116	739	688	130.101	44.888	NaN
209	I	1534.037	61.879	803	691	108.252	38.857	NaN
210	I/IIa	1348.780	62.078	1235	694	108.800	31.884	NaN
211	I/IIa	1617.286	55.952	1889	703	103.570	45.012	NaN
212	I/IIa	466.660	31.638	1193	742	37.776	24.382	NaN
213	I	1249.898	49.767	448	707	116.887	37.374	NaN
214	I/IIa	1655.197	59.709	870	711	107.676	37.905	NaN
215	I/IIa	1081.838	59.523	1520	711	126.027	30.379	NaN
216	I	717.187	39.741	1116	754	19.290	30.847	NaN
217	I	2022.193	70.356	579	724	157.537	44.516	NaN
218	I/IIa	1514.886	60.257	1024	714	112.574	41.069	NaN
219	I	143.828	21.293	510	753	49.764	9.725	NaN
220	I/IIa	1519.185	58.779	1561	727	128.089	41.873	NaN
221	I	2005.387	69.877	1735	823	56.310	45.818	NaN
222	I/IIa	2210.577	68.905	342	728	101.514	48.956	NaN
223	I	2212.922	72.490	539	729	102.958	43.729	NaN
224	I	1348.389	57.570	1447	739	145.620	34.046	NaN
225	IIa	1686.464	69.644	1650	742	126.973	37.424	NaN
226	I/IIa	2235.590	65.072	1335	742	98.286	48.252	NaN
227	I/IIa	1807.623	61.819	1802	745	118.379	43.466	NaN
228	IIa	1700.925	64.174	1921	803	35.083	41.996	NaN
229	I	293.128	30.177	1176	757	166.827	13.129	NaN
230	I/IIa	930.193	43.466	1069	751	139.667	35.635	NaN
231	I/IIa	1420.303	57.641	908	812	36.621	37.148	NaN
232	I	769.950	44.069	696	760	121.661	26.213	NaN
233	I	2227.383	82.375	364	876	57.395	38.419	NaN
234	I	1294.454	58.743	505	764	106.699	31.083	NaN
235	I/IIa	1660.668	62.345	1127	802	6.911	36.750	NaN
236	I	1850.616	70.119	639	797	148.861	44.081	NaN
237	I/IIa	2089.026	66.144	1425	872	82.942	42.176	NaN
238	I/IIa	1441.799	59.559	737	836	39.036	37.971	NaN
239	I	1083.792	50.084	599	778	114.326	33.068	NaN
240	I/IIa	1793.553	58.862	991	778	112.479	45.832	NaN
241	I	2625.646	78.416	240	779	144.409	44.144	NaN
242	I	5522.143	110.817	1481	804	128.357	83.126	NaN
243	I	1304.225	48.312	806	839	10.437	39.524	NaN
244	I	2483.381	96.619	1179	837	175.175	43.562	NaN
245	I/IIa	1985.064	82.449	1650	790	121.038	35.970	NaN
246	IIx	2313.367	65.640	63	876	17.745	53.921	NaN
247	I/IIa	2047.598	72.166	394	885	19.220	47.712	NaN
248	I/IIa	2184.782	66.788	1846	878	35.475	42.649	NaN
249	IIx	1254.198	45.017	195	802	99.593	37.149	NaN
250	I/IIa	1852.961	72.762	1328	898	49.879	36.961	NaN
251	I/IIa	1507.460	56.501	1059	813	114.864	40.359	NaN
252	I	469.787	40.060	892	821	157.036	18.173	NaN
253	I/IIa	1442.972	58.466	1088	819	155.353	36.910	NaN
254	I	1678.647	54.537	1764	881	28.034	45.461	NaN
255	I	389.274	30.112	1725	828	131.634	21.102	NaN
256	I	2789.016	78.525	1893	933	49.844	46.548	NaN
257	I	78.558	15.224	646	843	160.821	6.877	NaN
258	I/IIa	1737.663	66.498	736	859	170.803	38.283	NaN
259	I/IIa	2207.450	89.401	1184	858	163.339	35.457	NaN
260	I/IIa	569.841	36.249	867	897	45.000	25.786	NaN
261	I/IIa	1369.495	64.049	955	854	141.340	32.713	NaN
262	I	2165.240	66.647	535	864	143.775	44.426	NaN
263	IIx	2153.905	65.368	242	852	123.690	53.470	NaN
264	I	405.298	37.012	1722	852	127.451	19.280	NaN
265	I	2140.617	59.243	635	931	44.145	49.554	NaN
266	IIb	46.119	9.543	516	857	148.392	6.252	NaN
267	I/IIa	288.829	24.454	839	896	57.529	17.328	NaN
268	IIb	100.836	16.833	715	887	58.671	9.629	NaN
269	IIb	33.221	7.957	925	874	45.000	5.627	NaN
270	I/IIa	672.631	40.564	1437	872	151.460	25.882	NaN
271	IIx	1890.090	59.509	116	927	31.686	46.198	NaN
272	I/IIa	1791.990	59.114	1587	878	162.140	44.958	NaN
273	I/IIa	2645.970	80.993	511	871	98.881	46.300	NaN
274	I	1856.478	68.315	1336	934	29.615	41.020	NaN
275	I	1253.807	60.205	896	898	164.954	40.516	NaN
276	IIx	2800.741	73.174	191	987	73.113	53.122	NaN
277	I	273.586	28.683	1163	921	73.540	12.503	NaN
278	I	398.263	28.540	1981	883	118.811	18.130	NaN
279	I	1807.623	67.159	1181	885	118.951	48.008	NaN
280	I/IIa	1836.545	67.153	727	886	125.910	43.482	NaN
281	IIx	1594.226	56.265	307	952	36.870	41.167	NaN
282	IIx	2424.365	77.005	379	965	32.400	55.546	NaN
283	I/IIa	2247.316	62.872	1794	924	160.844	47.211	NaN
284	I/IIa	1735.318	73.206	1039	931	7.853	34.802	NaN
285	IIx	440.083	28.846	1764	895	119.899	22.376	NaN
286	I/IIa	1750.952	56.196	1474	969	20.854	46.222	NaN
287	I	107.480	16.775	1727	901	153.435	8.643	NaN
288	IIb	46.119	9.885	1328	904	145.305	5.627	NaN
289	IIx	556.162	42.901	1655	954	43.229	21.622	NaN
290	IIa	1783.001	62.295	802	907	121.457	45.825	NaN
291	I/IIa	3266.620	88.258	1717	905	92.842	59.466	NaN
292	IIb	66.442	12.827	846	910	136.975	7.957	NaN
293	I	2278.973	80.657	637	1013	52.242	43.433	NaN
294	I/IIa	1382.392	51.553	1407	968	39.094	38.859	NaN
295	I	134.057	17.880	874	939	53.531	13.189	NaN
296	IIb	105.135	17.006	1276	923	126.027	9.885	NaN
297	I	110.998	15.478	888	942	43.363	11.253	NaN
298	I/IIa	2832.790	70.403	559	925	127.786	54.682	NaN
299	IIb	112.952	15.667	985	941	28.610	10.003	NaN
300	IIa	1441.799	61.318	1967	927	106.587	30.065	NaN
301	I	1809.187	56.780	1142	948	151.742	43.295	NaN
302	IIb	46.119	9.543	1318	938	148.392	6.252	NaN
303	I/IIa	1778.701	55.934	976	957	152.003	47.358	NaN
304	IIx	2473.220	84.451	244	1065	64.573	47.357	NaN
305	IIb	167.669	17.793	1596	957	18.435	12.503	NaN
306	IIb	216.524	23.467	1624	970	41.760	14.785	NaN
307	IIb	291.174	37.202	879	977	24.842	13.460	NaN
308	IIa	1856.869	62.398	1899	950	114.254	39.956	NaN
309	I/IIa	1763.459	67.010	1063	968	149.128	41.057	NaN
310	IIb	199.718	24.661	1372	958	149.534	11.936	NaN
311	IIx	2148.043	75.656	311	961	125.923	43.615	NaN
312	I/IIa	2004.996	68.806	1806	962	118.195	42.709	NaN
313	IIx	1776.747	61.563	1549	1050	55.342	40.442	NaN
314	I/IIa	2081.991	59.018	1619	982	143.616	49.714	NaN
315	I	2187.908	65.616	1236	1028	30.964	45.784	NaN
316	I	2692.479	79.878	399	981	149.421	50.830	NaN
317	IIb	87.938	13.009	936	985	54.782	10.065	NaN
318	IIb	30.094	8.006	964	969	141.340	5.001	NaN
319	I	2004.996	63.365	1745	1059	59.133	47.940	NaN
320	IIx	1738.445	71.897	1437	989	151.429	42.409	NaN
321	IIx	1321.812	67.068	1332	983	163.761	33.986	NaN
322	I/IIa	2010.859	65.774	920	1068	53.893	46.009	NaN
323	I/IIa	2492.762	64.453	715	1025	8.366	55.251	NaN
324	IIb	27.359	7.528	168	1003	41.634	5.001	NaN
325	IIx	1612.595	73.529	188	998	95.856	33.283	NaN
326	IIb	88.329	14.860	854	1002	112.249	8.752	NaN
327	IIb	30.485	7.528	1214	1003	131.634	5.627	NaN
328	I	2787.844	78.635	529	1005	119.010	58.100	NaN
329	I	2537.708	73.815	1042	1015	152.784	48.082	NaN
330	I/IIa	1628.620	52.484	1319	1089	77.619	45.796	NaN
331	IIx	2132.409	60.950	300	1105	79.958	50.177	NaN
332	IIb	125.459	20.478	396	1012	121.264	9.403	NaN
333	I	2263.340	65.144	1151	1033	142.800	51.216	NaN
334	I/IIa	1546.544	60.046	1445	1021	141.340	37.263	NaN
335	I/IIa	963.024	44.825	1007	1019	98.017	31.669	NaN
336	IIb	43.383	10.405	688	1029	32.735	5.627	NaN
337	I/IIa	2336.036	67.810	775	1095	34.862	49.653	NaN
338	I/IIa	739.465	45.324	624	1091	65.556	21.977	NaN
339	I/IIa	1591.490	58.756	1379	1053	159.444	41.909	NaN
340	I/IIa	1770.885	62.292	1946	1115	51.520	40.730	NaN
341	I/IIa	1542.636	56.241	674	1031	114.286	37.452	NaN
342	IIa	2101.924	58.144	1864	1108	36.254	48.362	NaN
343	IIb	64.488	12.330	902	1035	120.466	6.877	NaN
344	I/IIa	2043.689	77.984	1556	1084	12.031	39.190	NaN
345	IIx	2831.227	90.744	395	1047	108.060	44.673	NaN
346	I/IIa	1673.957	58.779	1249	1056	128.089	42.717	NaN
347	I	2022.193	63.660	1712	1059	128.220	44.903	NaN
348	I/IIa	2645.579	85.431	427	1053	128.463	45.081	NaN
349	I	422.495	31.215	1523	1097	57.265	19.380	NaN
350	I/IIa	588.992	40.708	657	1054	100.620	20.631	NaN
351	IIb	37.130	8.503	1681	1066	36.027	5.627	NaN
352	I	2010.859	79.885	507	1058	107.301	40.758	NaN
353	I/IIa	1638.391	56.231	1783	1073	151.440	39.991	NaN
354	I	2436.481	70.522	220	1069	139.674	57.391	NaN
355	I/IIa	2039.781	59.562	1040	1068	115.489	44.057	NaN
356	I/IIa	1962.786	68.555	911	1076	155.772	39.867	NaN
357	I	1741.572	66.521	1625	1104	158.499	44.134	NaN
358	I/IIa	1881.101	76.017	1316	1112	174.336	39.151	NaN
359	I	2494.716	80.579	344	1201	80.172	46.263	NaN
360	I	1785.736	62.458	1089	1157	41.348	47.049	NaN
361	I	1888.918	59.559	125	1087	129.036	47.090	NaN
362	I/IIa	1683.728	52.966	1447	1140	30.500	47.788	NaN
363	I/IIa	2268.421	66.011	703	1163	28.264	49.885	NaN
364	IIa	2895.715	81.055	1939	1210	58.885	55.699	NaN
365	I/IIa	1796.289	74.208	1508	1165	23.325	38.522	NaN
366	I	445.946	34.948	1175	1132	26.565	20.005	NaN
367	I	2668.638	85.101	785	1211	49.170	47.169	NaN
368	IIb	88.329	15.976	616	1109	120.579	8.501	NaN
369	I	125.459	15.441	1232	1115	158.629	11.253	NaN
370	IIb	155.944	18.755	591	1135	36.870	13.001	NaN
371	IIa	1918.230	64.365	1786	1157	7.815	42.702	NaN
372	I	1415.223	54.801	639	1199	62.850	38.550	NaN
373	I	2456.804	69.473	1176	1139	137.553	47.633	NaN
374	I/IIa	1877.583	67.463	1626	1136	150.584	35.593	NaN
375	I/IIa	1779.483	59.473	887	1210	50.117	46.494	NaN
376	I/IIa	2011.641	56.780	964	1197	20.630	46.485	NaN
377	IIb	50.027	10.405	1280	1134	122.735	6.252	NaN
378	IIx	2102.315	81.265	1363	1141	162.541	37.510	NaN
379	I	671.459	44.215	1561	1176	33.465	24.164	NaN
380	IIb	116.079	16.410	599	1141	107.745	10.628	NaN
381	I	705.853	37.976	198	1142	147.095	27.398	NaN
382	I/IIa	1401.934	52.013	1291	1169	166.799	41.256	NaN
383	I	2539.271	65.693	239	1190	163.980	54.562	NaN
384	IIx	2241.844	75.428	1725	1147	146.837	47.723	NaN
385	IIb	179.394	25.517	862	1186	59.036	10.267	NaN
386	I/IIa	2214.485	66.067	1852	1245	60.524	52.498	NaN
387	I/IIa	2279.755	61.486	1058	1181	137.060	51.697	NaN
388	I/IIa	1862.731	57.587	472	1252	57.863	46.610	NaN
389	IIb	338.074	29.062	178	1217	71.175	18.743	NaN
390	I/IIa	1994.053	77.000	1146	1175	132.368	36.167	NaN
391	I/IIa	2283.273	76.163	515	1272	48.327	43.322	NaN
392	I/IIa	2221.911	77.561	659	1242	20.772	44.067	NaN
393	IIx	2228.165	71.480	1492	1175	129.677	48.805	NaN
394	IIb	304.853	36.136	610	1181	127.266	15.526	NaN
395	I	2247.316	71.570	351	1211	162.198	45.637	NaN
396	I/IIa	1532.474	50.716	1262	1255	59.642	41.099	NaN
397	I	1857.651	70.522	1584	1202	167.196	37.579	NaN
398	IIb	98.882	19.014	856	1213	46.332	8.104	NaN
399	IIa	1625.493	53.374	1988	1274	76.452	42.418	NaN
400	IIb	99.664	16.833	209	1192	158.199	7.502	NaN
401	I/IIa	1227.230	50.889	1458	1205	127.011	34.292	NaN
402	I	2470.093	64.283	976	1269	40.662	53.962	NaN
403	I	578.049	34.435	914	1221	15.803	25.879	NaN
404	I/IIa	1569.603	58.231	1360	1219	165.069	38.523	NaN
405	I	1610.641	77.733	876	1211	101.129	36.519	NaN
406	IIb	66.052	12.888	1707	1226	22.834	6.252	NaN
407	IIx	40.256	8.503	647	1237	36.027	6.252	NaN
408	IIb	221.605	21.747	1733	1244	18.435	15.274	NaN
409	I/IIa	1826.384	65.881	1748	1259	170.716	40.504	NaN
410	I/IIa	2290.699	59.693	592	1240	136.273	52.927	NaN
411	I/IIa	1933.082	67.246	1637	1266	5.870	38.927	NaN
412	I/IIa	2209.795	65.237	1146	1232	129.946	48.426	NaN
413	I/IIa	2129.673	67.019	1346	1232	104.036	44.283	NaN
414	I	310.716	25.201	253	1236	119.745	17.181	NaN
415	IIb	53.936	12.009	810	1250	51.340	7.278	NaN
416	I/IIa	2565.066	83.544	783	1370	84.417	44.678	NaN
417	I	3280.299	84.294	289	1366	69.146	58.723	NaN
418	I/IIa	3796.595	90.755	1835	1308	9.917	61.671	NaN
419	I/IIa	2124.983	64.268	1070	1248	127.093	48.238	NaN
420	I/IIa	1843.971	68.666	938	1357	79.509	34.305	NaN
421	IIa	2190.253	63.414	1587	1249	99.648	45.707	NaN
422	I/IIa	1859.214	62.928	1417	1345	69.044	41.158	NaN
423	I/IIa	2012.422	73.049	1520	1257	119.197	35.218	NaN
424	I/IIa	2314.149	72.328	360	1257	112.353	52.203	NaN
425	IIb	49.636	10.254	495	1272	52.431	6.877	NaN
426	I/IIa	1630.183	64.174	426	1352	54.917	34.723	NaN
427	I	899.317	50.049	842	1265	115.925	28.726	NaN
428	IIb	64.879	12.659	1242	1284	57.095	6.877	NaN
429	IIb	113.343	16.822	1259	1267	131.987	10.904	NaN
430	I/IIa	2751.496	93.671	538	1415	78.840	47.513	NaN
431	IIx	53.936	11.060	1734	1280	42.709	7.502	NaN
432	IIb	29.313	8.006	713	1279	38.660	5.001	NaN
433	IIb	60.971	12.409	729	1286	49.086	8.127	NaN
434	IIb	33.612	8.006	504	1283	51.340	5.627	NaN
435	IIb	50.809	10.177	1287	1287	47.490	6.877	NaN
436	I/IIa	1399.980	55.644	1465	1280	117.429	36.101	NaN
437	I/IIa	2548.260	80.533	955	1383	42.483	53.066	NaN
438	I/IIa	2190.253	71.198	1731	1298	159.974	42.512	NaN
439	I/IIa	876.648	47.332	1966	1318	12.200	25.756	NaN
440	I/IIa	1636.827	52.040	683	1293	106.040	45.637	NaN
441	I/IIa	1748.607	66.315	1283	1299	134.236	37.133	NaN
442	IIa	1956.923	94.254	1587	1370	28.095	34.207	NaN
443	IIb	175.877	19.310	1226	1301	119.055	12.472	NaN
444	I	2371.993	76.639	351	1427	84.382	47.875	NaN
445	IIb	27.749	7.528	1247	1316	131.634	5.001	NaN
446	IIx	2298.124	85.794	500	1456	86.658	40.011	NaN
447	I/IIa	2299.297	72.544	557	1415	38.351	39.562	NaN
448	IIb	98.882	13.768	1192	1330	140.528	10.478	NaN
449	I/IIa	1926.438	69.913	1129	1340	121.842	38.558	NaN
450	I/IIa	520.205	41.323	816	1343	162.387	17.644	NaN
451	I/IIa	2029.228	64.502	1910	1346	146.464	45.888	NaN
452	IIb	71.132	12.659	895	1334	122.905	8.127	NaN
453	IIb	72.696	15.441	1213	1337	158.629	6.252	NaN
454	I/IIa	1849.052	75.800	1247	1341	114.874	31.606	NaN
455	I	580.785	39.485	743	1340	113.318	23.053	NaN
456	I/IIa	1838.109	65.702	1372	1340	116.565	45.385	NaN
457	I/IIa	2234.418	70.876	1814	1365	149.816	48.576	NaN
458	I/IIa	1133.820	56.560	1093	1435	76.578	28.201	NaN
459	I/IIa	1619.240	62.732	1201	1351	119.887	37.359	NaN
460	I/IIa	962.242	50.735	807	1358	157.543	30.718	NaN
461	I/IIa	2171.102	63.189	993	1392	152.928	53.139	NaN
462	I/IIa	375.595	26.383	416	1366	13.707	19.380	NaN
463	I	1406.233	52.844	904	1438	79.089	35.210	NaN
464	I/IIa	1942.853	80.802	1599	1387	10.701	36.064	NaN
465	I	49.636	10.936	654	1360	149.036	6.252	NaN
466	I/IIa	2011.641	68.086	1511	1363	103.271	41.163	NaN
467	IIb	88.720	17.075	887	1389	66.251	6.823	NaN
468	I/IIa	1477.757	55.840	1458	1449	68.318	37.958	NaN
469	I	1541.854	64.903	368	1464	69.121	30.090	NaN
470	IIa	2083.164	63.516	1720	1402	173.784	44.269	NaN
471	I/IIa	2014.767	78.146	607	1472	53.130	35.892	NaN
472	I/IIa	1919.403	76.058	1299	1370	141.340	42.442	NaN
473	I/IIa	2020.630	62.345	778	1472	74.291	50.495	NaN
474	I/IIa	1996.789	84.500	718	1387	105.887	39.449	NaN
475	I/IIa	1693.499	73.857	1577	1404	164.787	36.977	NaN
476	I	1436.328	84.701	379	1507	58.891	27.280	NaN
477	IIb	68.006	11.629	955	1405	36.254	8.127	NaN
478	IIb	253.654	23.533	863	1431	50.389	16.254	NaN
479	I/IIa	1894.780	62.829	932	1448	5.711	40.695	NaN
480	IIa	1625.493	57.219	1708	1422	123.864	42.697	NaN
481	I	2115.603	60.651	540	1423	98.297	53.494	NaN
482	IIa	27.359	7.528	1837	1433	48.366	5.001	NaN
483	I/IIa	1847.489	69.405	1565	1433	119.105	44.328	NaN
484	IIa	2154.687	79.571	693	1435	98.130	38.690	NaN
485	I	2198.461	61.209	800	1497	34.177	50.718	NaN
486	I	2434.918	85.310	1095	1443	146.659	43.644	NaN
487	IIb	261.079	24.897	885	1440	151.504	15.473	NaN
488	I/IIa	1898.298	65.368	1411	1541	77.293	40.831	NaN
489	I/IIa	1484.010	60.693	1202	1444	124.509	37.395	NaN
490	I/IIa	1228.011	56.890	1312	1448	157.380	31.432	NaN
491	I/IIa	2207.841	62.068	1460	1538	63.693	50.014	NaN
492	I	1765.413	69.644	441	1555	73.843	38.812	NaN
493	I/IIa	1612.205	52.830	1037	1453	129.719	42.415	NaN
494	IIa	2289.526	70.211	1620	1467	155.260	46.914	NaN
495	I/IIa	1949.497	68.808	910	1475	162.553	39.659	NaN
496	I/IIa	1562.568	67.810	1271	1457	108.268	31.884	NaN
497	IIa	458.452	28.819	1764	1504	24.341	24.611	NaN
498	IIx	2569.366	79.615	472	1597	74.982	45.037	NaN
499	IIx	2963.721	95.309	630	1626	82.082	41.625	NaN
500	IIb	513.170	37.640	888	1485	101.497	21.256	NaN
501	I/IIa	1210.815	50.573	1321	1494	98.531	35.916	NaN
502	I/IIa	871.177	37.614	767	1551	68.552	33.134	NaN
503	IIa	204.408	19.421	1756	1510	146.821	15.472	NaN
504	I/IIa	1958.096	65.165	1019	1507	130.721	42.751	NaN
505	I/IIa	1770.885	61.993	1105	1507	111.909	46.888	NaN
506	IIa	2560.767	80.061	555	1634	75.530	45.065	NaN
507	I/IIa	1958.877	70.119	1535	1510	129.936	37.699	NaN
508	I	545.609	40.909	912	1513	128.797	18.393	NaN
509	I/IIa	1798.634	78.246	809	1515	104.813	32.328	NaN
510	IIa	2039.390	77.733	1625	1533	168.871	38.883	NaN
511	I/IIa	1836.936	57.079	1173	1607	61.189	47.513	NaN
512	I/IIa	1577.420	66.823	1237	1533	132.346	36.253	NaN
513	I/IIa	1442.190	66.521	735	1537	130.426	36.756	NaN
514	I/IIa	2065.185	61.062	965	1637	79.380	46.263	NaN
515	IIb	61.752	11.796	861	1542	122.005	6.877	NaN
516	I/IIa	1802.542	58.539	904	1543	109.983	40.636	NaN
517	I/IIa	1934.646	60.127	1336	1618	44.157	49.432	NaN
518	I/IIa	1815.831	63.294	1425	1549	122.905	39.832	NaN
519	I/IIa	1255.370	58.862	1484	1546	120.651	30.648	NaN
520	IIb	37.130	8.885	697	1572	39.289	5.627	NaN
521	IIb	60.189	11.060	673	1582	42.709	8.127	NaN
522	I/IIa	2588.908	69.952	700	1580	151.144	54.678	NaN
523	IIa	2131.628	69.622	1623	1580	152.745	46.319	NaN
524	I	304.853	25.746	437	1591	150.945	18.755	NaN
525	I	3435.071	90.744	485	1730	71.940	72.683	NaN
526	I/IIa	1695.062	62.907	1026	1622	10.305	42.512	NaN
527	I/IIa	1604.779	58.285	1550	1593	112.714	40.636	NaN
528	I/IIa	1649.334	64.152	1187	1622	142.125	37.820	NaN
529	I/IIa	1245.208	54.203	1129	1702	82.711	32.757	NaN
530	I	2173.447	75.441	556	1722	55.125	47.522	NaN
531	IIb	268.115	24.414	858	1650	50.194	18.262	NaN
532	IIb	153.599	18.173	1290	1642	49.185	13.129	NaN
533	I	2376.683	68.555	659	1732	80.022	49.205	NaN
534	I/IIa	897.754	55.672	1491	1625	124.939	26.097	NaN
535	I/IIa	1887.354	81.080	1167	1627	107.038	33.921	NaN
536	IIb	26.968	7.528	541	1631	131.634	5.001	NaN
537	I/IIa	1906.896	71.404	1418	1635	139.616	39.344	NaN
538	I/IIa	2259.822	69.405	742	1696	17.292	50.077	NaN
539	I/IIa	2121.466	74.563	886	1738	56.976	43.372	NaN
540	I/IIa	1312.823	56.487	1342	1638	152.301	34.384	NaN
541	I/IIa	2221.129	75.903	1613	1757	85.276	45.917	NaN
542	I/IIa	1913.150	71.110	1017	1750	83.437	37.096	NaN
543	I	1222.149	60.577	930	1711	46.254	30.463	NaN
544	IIb	27.359	7.631	848	1640	124.992	4.376	NaN
545	I/IIa	1820.130	63.080	1294	1736	70.308	39.386	NaN
546	I/IIa	1327.675	63.549	1203	1662	105.403	35.010	NaN
547	I/IIa	1534.819	55.987	1064	1670	113.703	41.849	NaN
548	I/IIa	1611.423	75.366	1344	1688	110.389	29.297	NaN
549	I/IIa	1870.939	60.757	1395	1699	130.409	42.702	NaN
550	IIb	32.830	8.006	543	1704	51.340	5.627	NaN
551	IIb	90.283	16.891	1562	1700	141.009	8.183	NaN
552	I	472.132	37.395	686	1750	51.789	20.190	NaN
553	I/IIa	1852.961	69.078	1548	1703	115.174	40.036	NaN
554	I/IIa	1036.501	59.863	902	1753	24.692	27.442	NaN
555	I/IIa	1440.627	57.875	1514	1802	79.418	38.061	NaN
556	I	116.470	15.262	450	1712	145.008	11.253	NaN
557	I/IIa	2538.099	85.849	737	1718	154.555	40.120	NaN
558	IIb	517.078	42.923	859	1717	102.619	22.289	NaN
559	I/IIa	1455.870	68.726	1129	1720	111.898	39.297	NaN
560	I/IIa	1757.205	62.470	1240	1829	67.027	39.386	NaN
561	I/IIa	1537.946	54.880	1018	1757	137.770	42.843	NaN
562	I/IIa	1807.233	61.879	1302	1748	108.252	39.261	NaN
563	I/IIa	1949.888	66.943	982	1747	101.310	38.886	NaN
564	IIb	27.749	7.528	716	1750	138.366	5.001	NaN
565	I/IIa	978.266	44.668	1167	1760	136.701	34.781	NaN
566	I/IIa	1420.694	62.345	902	1759	111.161	33.498	NaN
567	I/IIa	1684.900	62.144	696	1856	66.272	38.124	NaN
568	I	982.175	45.791	632	1837	57.829	33.759	NaN
569	I	1521.530	60.680	749	1775	117.621	42.031	NaN
570	I/IIa	1354.643	54.930	1449	1785	131.309	36.249	NaN
571	I/IIa	1861.559	63.294	1536	1780	106.645	43.435	NaN
572	IIb	3282.253	91.037	816	1907	59.913	61.528	NaN
573	I/IIa	1125.612	57.069	1099	1787	114.600	32.622	NaN
574	IIx	1908.850	70.189	1407	1788	109.242	41.857	NaN
575	I/IIa	962.242	52.246	589	1870	68.962	27.507	NaN
576	I/IIa	312.279	25.510	1181	1836	36.027	19.629	NaN
577	I/IIa	1575.857	58.836	1024	1817	132.847	42.283	NaN
578	I/IIa	1945.198	63.835	1365	1819	104.172	43.280	NaN
579	I/IIa	850.072	47.389	1163	1826	98.344	23.131	NaN
580	I/IIa	1740.399	69.641	1244	1832	139.733	39.898	NaN
581	I/IIa	1643.472	71.110	1221	1941	83.437	31.228	NaN
582	I/IIa	1604.779	57.192	955	1847	105.859	44.650	NaN
583	I/IIa	1375.748	49.794	1470	1923	61.504	39.417	NaN
584	I	513.560	47.004	999	1930	76.149	15.801	NaN
585	I/IIa	1167.822	60.257	1104	1870	112.574	30.527	NaN
586	IIb	67.615	13.262	870	1888	45.000	7.844	NaN
587	IIb	1292.500	69.405	899	1875	125.838	33.502	NaN
588	I/IIa	1288.982	64.158	1025	1884	123.071	29.791	NaN
589	I	1735.318	56.501	1252	1885	114.864	48.251	NaN
590	I/IIa	849.290	51.035	1071	1895	120.964	22.526	NaN
591	IIa	1654.024	54.130	1414	1982	75.964	42.744	NaN
592	IIb	483.857	36.373	828	1931	24.362	19.420	NaN
593	I/IIa	1490.263	59.768	1327	1920	142.651	36.012	NaN
594	IIb	54.717	10.254	1014	1940	142.431	7.502	NaN
595	IIb	412.724	37.765	984	1955	160.665	18.755	NaN
596	I/IIa	1701.706	52.574	1284	1977	154.654	44.426	NaN
597	IIb	158.289	25.108	930	1991	18.886	8.285	NaN
598	IIb	82.467	13.291	1130	1991	41.186	8.752	NaN
599	IIb	289.611	22.731	981	1986	148.496	20.005	NaN
