 	Label	Area	Feret	FeretX	FeretY	FeretAngle	MinFeret	Perinuclei
1	0001-0046	3621178.501	3224.461	1326	85	52.674	2010.115	NaN
2	0002-0048	3114727.153	2916.667	373	91	67.380	1951.168	NaN
3	0003-0010	64718.935	362.619	2005	6	135.000	256.410	NaN
4	0004-0078	9091469.428	4654.062	756	8	106.813	3364.277	NaN
5	0005-0022	110946.746	551.431	291	15	125.538	309.492	NaN
6	0006-0047	2517874.753	2205.026	1392	21	122.535	1826.647	NaN
7	0007-0031	241411.900	810.840	577	43	71.565	536.689	NaN
8	0008-0086	14660379.684	5829.898	971	80	174.321	4252.980	NaN
9	0009-0033	294830.703	1022.632	344	20	122.196	465.477	NaN
10	0010-0028	179774.819	702.939	305	21	136.848	439.101	NaN
11	0011-0115	16937869.822	6182.658	1808	22	108.435	4880.611	NaN
12	0012-0095	7669707.429	4463.537	1885	164	79.658	2640.006	NaN
13	0013-0042	189020.381	775.217	1491	32	119.745	384.615	NaN
14	0014-0059	2200443.787	2232.114	1146	46	164.168	1570.513	NaN
15	0015-0053	916337.936	1478.881	535	64	29.899	897.436	NaN
16	0016-0056	647189.349	1423.308	288	43	144.162	752.677	NaN
17	0017-0105	7842291.256	4053.315	1426	144	22.306	2843.756	NaN
18	0018-0070	595825.115	1218.370	333	65	153.435	1013.551	NaN
19	0019-0058	71909.928	365.441	1915	54	127.875	256.410	NaN
20	0020-0082	1089949.047	1777.041	586	108	39.144	1331.197	NaN
21	0021-0080	1224523.340	2027.354	244	63	140.774	1396.618	NaN
22	0022-0065	57527.942	340.710	34	61	131.186	224.359	NaN
23	0023-0129	12833867.521	4770.476	1227	71	128.179	4057.147	NaN
24	0024-0142	13301282.051	4974.561	639	84	126.353	3748.329	NaN
25	0025-0073	162310.980	560.668	2069	66	120.964	384.615	NaN
26	0026-0072	50336.949	317.292	424	69	135.000	224.359	NaN
27	0027-0101	1795693.623	1905.906	2150	123	42.274	1600.312	NaN
28	0028-0080	57527.942	340.710	1406	77	138.814	224.359	NaN
29	0029-0088	193129.520	730.882	238	97	52.125	538.277	NaN
30	0030-0147	15462689.020	5403.850	824	213	26.413	4358.974	NaN
31	0031-0085	91428.337	431.206	1564	90	41.987	288.462	NaN
32	0032-0093	167447.403	659.976	572	102	60.945	384.615	NaN
33	0033-0093	144847.140	545.814	296	100	49.764	352.564	NaN
34	0034-0090	80128.205	407.946	500	95	45.000	288.462	NaN
35	0035-0119	2414119.001	2263.193	324	129	12.265	1720.119	NaN
36	0036-0149	7824827.416	3849.491	1341	201	55.516	3319.547	NaN
37	0037-0141	3963264.300	3049.086	1122	170	39.883	2367.019	NaN
38	0038-0107	63691.650	362.619	602	103	135.000	256.410	NaN
39	0039-0112	159229.126	622.323	224	104	124.509	380.750	NaN
40	0040-0170	10263601.249	5054.458	1900	199	23.151	3344.949	NaN
41	0041-0126	396531.887	916.689	154	133	36.469	769.231	NaN
42	0042-0121	80128.205	410.457	1417	126	51.340	256.410	NaN
43	0043-0178	15509944.116	7046.691	1440	206	10.748	3929.265	NaN
44	0044-0132	428377.712	1077.419	34	142	30.379	771.258	NaN
45	0045-0135	371877.055	911.069	582	123	129.289	733.811	NaN
46	0046-0154	1602564.103	1935.059	55	180	63.435	1673.869	NaN
47	0047-0139	538297.173	1440.526	358	152	32.276	638.537	NaN
48	0048-0133	71909.928	391.236	1143	128	124.992	224.359	NaN
49	0049-0140	133547.009	525.680	549	134	127.569	384.615	NaN
50	0050-0151	106837.607	480.769	348	157	53.130	320.513	NaN
51	0051-0148	50336.949	317.292	1515	145	135.000	224.359	NaN
52	0052-0218	12793803.419	4837.939	1016	291	57.995	4047.519	NaN
53	0053-0159	152038.133	660.754	302	151	129.094	378.883	NaN
54	0054-0211	6849934.254	4053.822	579	156	123.062	2572.418	NaN
55	0055-0158	50336.949	317.292	628	155	135.000	224.359	NaN
56	0056-0238	11658653.846	5307.754	1633	298	37.147	3391.340	NaN
57	0057-0225	9253780.408	4641.353	352	178	140.042	3313.818	NaN
58	0058-0198	2238453.320	2446.208	752	231	58.392	1690.171	NaN
59	0059-0179	429404.997	1018.101	301	183	28.179	701.756	NaN
60	0060-0193	1193704.799	1571.820	102	217	69.717	1181.439	NaN
61	0061-0179	121219.592	500.657	1881	173	129.806	352.564	NaN
62	0062-0181	122246.877	560.668	617	189	59.036	282.259	NaN
63	0063-0222	2912352.071	2809.016	40	180	106.574	1451.901	NaN
64	0064-0225	3112672.584	3446.072	1975	260	46.507	1674.328	NaN
65	0065-0253	12685938.527	5526.593	1170	304	37.933	3710.584	NaN
66	0066-0194	175665.680	641.026	2366	203	53.130	416.667	NaN
67	0067-0232	3552350.427	3000.692	1132	278	76.409	1752.228	NaN
68	0068-0196	249630.178	641.026	531	204	53.130	544.872	NaN
69	0069-0194	57527.942	340.710	290	190	131.186	224.359	NaN
70	0070-0209	353385.930	934.447	295	211	22.166	576.923	NaN
71	0071-0291	15183267.587	5670.451	1388	378	79.579	4094.445	NaN
72	0072-0210	128410.585	525.680	453	215	37.569	352.564	NaN
73	0073-0298	14481632.150	6076.571	1246	364	46.710	3604.640	NaN
74	0074-0269	11255958.251	4844.835	844	236	157.847	3467.016	NaN
75	0075-0229	633834.648	1112.600	515	243	48.504	796.107	NaN
76	0076-0218	73964.497	385.949	908	214	131.634	256.410	NaN
77	0077-0295	10058144.313	5566.229	1718	374	61.074	2738.804	NaN
78	0078-0284	10242028.271	4967.949	1805	348	36.870	3444.163	NaN
79	0079-0228	213675.214	711.654	1607	220	144.162	473.014	NaN
80	0080-0231	296885.273	974.802	492	221	136.332	478.396	NaN
81	0081-0227	115055.884	636.200	1871	234	40.914	339.056	NaN
82	0082-0258	2348372.781	2440.953	2018	279	29.932	1751.217	NaN
83	0083-0258	2228180.473	2294.523	264	287	48.965	1761.874	NaN
84	0084-0312	12141477.646	5316.457	814	230	95.882	3631.215	NaN
85	0085-0262	2836333.005	2769.238	1498	287	37.003	1671.319	NaN
86	0086-0281	3256492.439	2841.017	543	258	156.038	2178.121	NaN
87	0087-0254	298939.842	907.680	1579	264	47.862	549.085	NaN
88	0088-0261	364686.062	998.232	1597	272	42.397	673.077	NaN
89	0089-0299	3794789.612	3124.959	483	254	111.038	2092.729	NaN
90	0090-0264	100673.899	501.682	1116	257	116.565	224.359	NaN
91	0091-0320	7843318.540	4545.523	1884	371	37.840	2491.299	NaN
92	0092-0284	894764.957	1506.751	309	298	29.291	940.506	NaN
93	0093-0330	9057569.034	4516.388	1540	390	55.408	2855.624	NaN
94	0094-0279	227029.915	660.754	352	286	39.094	448.718	NaN
95	0095-0275	50336.949	317.292	663	272	135.000	224.359	NaN
96	0096-0340	12578073.636	4512.861	1061	409	73.496	3937.704	NaN
97	0097-0326	3158900.394	3223.664	69	278	107.354	1909.740	NaN
98	0098-0288	141765.286	604.742	653	293	32.005	320.513	NaN
99	0099-0325	3673570.020	3355.602	302	316	162.777	2477.407	NaN
100	0100-0295	227029.915	793.552	50	287	136.637	524.944	NaN
101	0101-0291	115055.884	530.543	400	287	154.983	256.410	NaN
102	0102-0321	1555309.007	2199.428	403	298	133.229	1336.902	NaN
103	0103-0302	165392.834	590.996	2484	296	139.399	384.615	NaN
104	0104-0340	4818992.439	2869.798	228	383	69.744	2565.316	NaN
105	0105-0311	355440.500	1058.178	652	298	125.134	523.047	NaN
106	0106-0305	124301.446	545.814	39	299	130.236	352.564	NaN
107	0107-0326	1557363.577	1978.112	2439	340	26.980	1599.506	NaN
108	0108-0304	70882.643	385.949	1884	308	41.634	256.410	NaN
109	0109-0313	173611.111	648.989	436	322	57.095	384.615	NaN
110	0110-0317	709853.715	1511.856	1666	330	32.005	763.291	NaN
111	0111-0388	18213757.396	6430.737	1959	406	4.574	4638.001	NaN
112	0112-0313	159229.126	590.996	679	319	40.601	380.905	NaN
113	0113-0313	65746.220	362.619	2417	309	135.000	256.410	NaN
114	0114-0314	64718.935	365.441	2409	310	127.875	224.359	NaN
115	0115-0372	9352399.737	4745.322	551	335	141.582	3503.670	NaN
116	0116-0326	400641.026	1022.129	1156	314	138.814	732.922	NaN
117	0117-0317	50336.949	317.292	2435	314	135.000	224.359	NaN
118	0118-0350	2512738.330	2901.305	2272	381	45.895	1358.596	NaN
119	0119-0320	50336.949	317.292	735	317	135.000	224.359	NaN
120	0120-0346	1632355.358	2167.435	1591	368	23.532	1468.448	NaN
121	0121-0326	101701.183	462.250	473	322	146.310	288.462	NaN
122	0122-0333	166420.118	615.685	2417	328	141.340	416.667	NaN
123	0123-0356	2255917.160	2167.435	2326	377	38.395	1635.654	NaN
124	0124-0346	625616.371	1366.603	1186	330	129.289	788.015	NaN
125	0125-0340	337976.660	1018.606	1666	332	155.854	576.218	NaN
126	0126-0336	50336.949	317.292	314	333	135.000	224.359	NaN
127	0127-0338	50336.949	317.292	2401	335	135.000	224.359	NaN
128	0128-0338	50336.949	317.292	2491	335	135.000	224.359	NaN
129	0129-0364	1641600.920	2456.893	2396	367	7.496	1203.664	NaN
130	0130-0349	114028.600	525.680	2390	356	52.431	320.513	NaN
131	0131-0355	323594.675	907.680	410	346	137.862	613.370	NaN
132	0132-0370	952292.899	2266.821	1478	345	136.146	841.165	NaN
133	0133-0354	153065.417	604.742	355	346	122.005	320.513	NaN
134	0134-0354	168474.688	657.637	1166	362	46.975	430.013	NaN
135	0135-0376	2195307.364	2501.027	1799	390	30.838	1691.797	NaN
136	0136-0354	50336.949	317.292	397	351	135.000	224.359	NaN
137	0137-0397	3792735.043	3037.271	442	435	44.145	1874.809	NaN
138	0138-0358	89373.767	431.206	1465	363	41.987	288.462	NaN
139	0139-0362	57527.942	340.710	2482	359	138.814	224.359	NaN
140	0140-0371	448923.406	995.139	382	375	14.931	666.292	NaN
141	0141-0363	50336.949	317.292	442	360	135.000	224.359	NaN
142	0142-0398	3261628.863	2509.433	156	363	118.202	2005.583	NaN
143	0143-0399	4284804.405	3564.039	1408	419	11.411	2221.311	NaN
144	0144-0392	2623685.076	2697.073	1570	421	44.519	1544.392	NaN
145	0145-0378	469469.099	1074.555	1674	362	107.354	705.128	NaN
146	0146-0384	644107.495	1557.705	1638	402	53.366	910.738	NaN
147	0147-0368	91428.337	455.534	1796	374	50.711	288.462	NaN
148	0148-0373	160256.410	570.657	308	366	128.157	384.615	NaN
149	0149-0372	97592.045	506.775	414	368	145.305	288.462	NaN
150	0150-0389	630752.794	1573.454	421	410	56.634	724.926	NaN
151	0151-0372	74991.782	407.946	711	377	45.000	288.462	NaN
152	0152-0371	57527.942	340.710	2500	368	138.814	224.359	NaN
153	0153-0388	478714.661	1526.731	321	370	129.036	573.295	NaN
154	0154-0377	90401.052	431.206	2387	382	48.013	288.462	NaN
155	0155-0394	830046.022	1481.657	96	384	141.147	1080.184	NaN
156	0156-0378	71909.928	385.949	691	374	131.634	256.410	NaN
157	0157-0400	1331360.947	2045.515	1233	374	125.433	1261.372	NaN
158	0158-0381	156147.272	545.814	1359	375	139.764	416.667	NaN
159	0159-0403	2649367.193	2912.613	1696	414	24.027	1579.607	NaN
160	0160-0380	107864.892	516.811	250	384	29.745	256.410	NaN
161	0161-0384	270175.871	888.809	366	380	154.359	512.821	NaN
162	0162-0379	57527.942	340.710	2377	376	138.814	224.359	NaN
163	0163-0404	943047.337	1665.742	1373	379	101.094	1016.260	NaN
164	0164-0384	70882.643	385.949	510	380	138.366	256.410	NaN
165	0165-0397	370849.770	1144.011	1347	380	101.310	576.923	NaN
166	0166-0400	728344.839	1538.795	295	420	54.324	1033.787	NaN
167	0167-0401	530078.895	1282.051	381	394	143.130	901.209	NaN
168	0168-0389	80128.205	407.946	1267	385	135.000	288.462	NaN
169	0169-0443	7014299.803	3725.953	1133	501	81.591	3118.494	NaN
170	0170-0448	9125369.822	5058.115	1835	508	47.311	3064.273	NaN
171	0171-0426	2494247.206	2622.923	228	395	122.525	1794.351	NaN
172	0172-0393	64718.935	362.619	2199	389	135.000	256.410	NaN
173	0173-0398	160256.410	577.813	1167	391	123.690	352.564	NaN
174	0174-0407	347222.222	1074.555	1199	391	107.354	384.615	NaN
175	0175-0411	1067348.784	1699.020	758	428	35.789	1164.090	NaN
176	0176-0397	79100.920	410.457	689	393	141.340	256.410	NaN
177	0177-0397	64718.935	362.619	2427	393	135.000	256.410	NaN
178	0178-0472	12665392.834	5000.514	1277	543	69.358	3542.146	NaN
179	0179-0403	50336.949	317.292	356	400	135.000	224.359	NaN
180	0180-0468	12290433.925	5538.476	1689	531	37.003	3389.311	NaN
181	0181-0405	104783.037	431.206	2263	400	138.013	320.513	NaN
182	0182-0404	50336.949	317.292	805	401	135.000	224.359	NaN
183	0183-0415	532133.465	1282.852	305	411	167.005	737.179	NaN
184	0184-0417	750945.102	1396.347	1509	415	170.754	865.385	NaN
185	0185-0408	63691.650	362.619	1846	412	45.000	256.410	NaN
186	0186-0410	98619.329	500.657	364	405	140.194	320.513	NaN
187	0187-0472	12990014.793	5127.003	533	406	132.466	3500.972	NaN
188	0188-0410	80128.205	410.457	817	414	38.660	256.410	NaN
189	0189-0411	63691.650	362.619	700	415	45.000	256.410	NaN
190	0190-0471	12979741.946	4955.630	1598	532	53.945	4007.479	NaN
191	0191-0414	80128.205	410.457	2162	409	128.660	256.410	NaN
192	0192-0415	71909.928	385.949	1170	411	138.366	256.410	NaN
193	0193-0526	19005793.886	7493.285	2109	632	68.153	4085.716	NaN
194	0194-0417	101701.183	473.232	95	414	151.699	256.410	NaN
195	0195-0417	71909.928	385.949	417	421	41.634	256.410	NaN
196	0196-0446	2417200.855	2503.285	2211	479	50.194	1627.902	NaN
197	0197-0421	132519.724	551.431	808	414	125.538	352.564	NaN
198	0198-0425	492069.362	1308.226	1225	416	149.036	556.488	NaN
199	0199-0420	89373.767	431.206	111	416	138.013	288.462	NaN
200	0200-0423	79100.920	410.457	713	419	141.340	256.410	NaN
201	0201-0428	196211.374	615.685	333	436	51.340	480.769	NaN
202	0202-0425	78073.636	407.946	2144	421	135.000	288.462	NaN
203	0203-0450	641025.641	1873.835	293	422	102.848	632.311	NaN
204	0204-0435	465359.961	1134.090	346	446	42.709	784.812	NaN
205	0205-0442	1554281.723	2302.790	1472	447	8.807	1250.000	NaN
206	0206-0430	95537.475	500.657	375	436	50.194	320.513	NaN
207	0207-0433	424268.573	1208.210	1971	425	158.199	565.418	NaN
208	0208-0452	766354.372	1743.778	1953	478	72.897	796.493	NaN
209	0209-0434	50336.949	317.292	802	431	135.000	224.359	NaN
210	0210-0440	349276.792	1018.606	766	435	155.854	480.769	NaN
211	0211-0480	5830867.850	3424.091	1004	523	54.525	2583.659	NaN
212	0212-0457	1730974.688	1910.751	1376	477	22.694	1332.434	NaN
213	0213-0507	15114439.513	5811.544	35	504	163.664	4329.102	NaN
214	0214-0471	2744904.668	2538.534	1190	498	52.696	1587.952	NaN
215	0215-0446	238330.046	942.656	373	438	144.689	425.778	NaN
216	0216-0440	57527.942	340.710	398	437	138.814	224.359	NaN
217	0217-0443	89373.767	435.945	930	438	126.027	256.410	NaN
218	0218-0479	2269271.861	2496.093	657	513	65.739	1452.890	NaN
219	0219-0448	107864.892	455.534	1992	444	140.711	320.513	NaN
220	0220-0599	31828361.275	10170.514	2274	443	105.350	5996.594	NaN
221	0221-0449	79100.920	417.898	216	444	122.471	224.359	NaN
222	0222-0465	818745.891	1498.547	720	448	131.532	1026.420	NaN
223	0223-0452	72937.212	385.949	340	448	138.366	256.410	NaN
224	0224-0451	64718.935	365.441	907	448	142.125	224.359	NaN
225	0225-0476	1843976.003	2064.262	955	502	53.842	1794.872	NaN
226	0226-0494	4313568.376	2939.297	1517	536	64.832	2156.978	NaN
227	0227-0463	282503.287	962.073	786	455	150.018	491.569	NaN
228	0228-0465	312294.543	1096.323	383	467	15.255	425.358	NaN
229	0229-0510	5372698.882	3400.609	453	458	101.416	2392.164	NaN
230	0230-0463	80128.205	410.457	1479	458	128.660	256.410	NaN
231	0231-0464	105810.322	453.274	279	469	45.000	320.513	NaN
232	0232-0472	545488.166	1717.961	327	471	8.584	713.477	NaN
233	0233-0468	142792.571	543.928	930	474	45.000	384.615	NaN
234	0234-0503	3552350.427	3152.289	769	466	137.060	2256.690	NaN
235	0235-0472	142792.571	521.757	313	477	42.510	384.615	NaN
236	0236-0540	12333579.882	5556.347	1934	610	47.104	3284.969	NaN
237	0237-0474	57527.942	340.710	890	471	138.814	224.359	NaN
238	0238-0506	2623685.076	2497.945	224	527	33.486	1868.010	NaN
239	0239-0480	50336.949	317.292	202	477	135.000	224.359	NaN
240	0240-0487	194156.805	770.565	370	479	135.000	481.235	NaN
241	0241-0487	116083.169	462.250	390	493	56.310	320.513	NaN
242	0242-0520	3308883.958	3178.091	1875	557	48.270	1609.121	NaN
243	0243-0488	80128.205	410.457	294	483	128.660	256.410	NaN
244	0244-0490	135601.578	545.814	931	495	40.236	384.615	NaN
245	0245-0487	57527.942	340.710	949	484	138.814	224.359	NaN
246	0246-0496	570142.998	1549.108	322	506	24.444	710.399	NaN
247	0247-0490	50336.949	317.292	752	487	135.000	224.359	NaN
248	0248-0497	184911.243	730.882	737	506	52.125	470.524	NaN
249	0249-0500	283530.572	884.174	819	490	133.531	516.016	NaN
250	0250-0494	81155.490	407.946	915	490	135.000	288.462	NaN
251	0251-0495	50336.949	317.292	2488	492	135.000	224.359	NaN
252	0252-0499	64718.935	365.441	297	495	127.875	224.359	NaN
253	0253-0503	79100.920	385.949	407	507	41.634	288.462	NaN
254	0254-0575	13892998.028	5711.427	1076	507	134.545	3910.882	NaN
255	0255-0505	88346.483	435.945	2063	509	36.027	256.410	NaN
256	0256-0511	303048.981	827.147	1156	518	35.538	512.821	NaN
257	0257-0509	64718.935	362.619	396	505	135.000	256.410	NaN
258	0258-0514	64718.935	362.619	315	518	45.000	256.410	NaN
259	0259-0530	751972.387	1511.856	1168	550	57.995	898.007	NaN
260	0260-0518	114028.600	612.339	414	525	47.121	357.685	NaN
261	0261-0528	403722.880	1256.557	938	545	52.253	633.680	NaN
262	0262-0524	357495.069	974.802	918	535	43.668	647.436	NaN
263	0263-0564	4746055.227	3530.009	383	515	122.391	2684.305	NaN
264	0264-0535	1318006.246	2067.246	698	520	150.255	1108.503	NaN
265	0265-0662	29494370.480	9515.777	1212	517	103.241	5844.371	NaN
266	0266-0526	90401.052	435.945	176	522	143.973	256.410	NaN
267	0267-0581	5340853.057	3841.477	2047	640	77.471	2118.321	NaN
268	0268-0539	961538.462	1822.419	309	530	156.140	993.590	NaN
269	0269-0559	3074663.051	2893.327	977	524	129.155	1616.562	NaN
270	0270-0528	50336.949	317.292	204	525	135.000	224.359	NaN
271	0271-0623	24330210.388	6993.425	1681	555	158.491	5671.382	NaN
272	0272-0550	1488535.503	2143.845	663	529	148.449	1323.975	NaN
273	0273-0532	50336.949	317.292	880	529	135.000	224.359	NaN
274	0274-0542	239357.331	1046.463	500	555	49.970	479.406	NaN
275	0275-0536	138683.432	545.814	892	530	139.764	384.615	NaN
276	0276-0542	157174.556	622.323	842	548	34.509	349.021	NaN
277	0277-0542	50336.949	317.292	1571	539	135.000	224.359	NaN
278	0278-0544	71909.928	385.949	422	540	131.634	256.410	NaN
279	0279-0564	1357043.064	1655.845	837	549	132.647	1365.480	NaN
280	0280-0571	3154791.256	2607.210	280	569	159.114	1794.872	NaN
281	0281-0565	1729947.403	1949.603	1512	576	27.408	1410.256	NaN
282	0282-0550	88346.483	410.457	35	545	128.660	288.462	NaN
283	0283-0551	131492.439	521.757	1852	545	132.510	352.564	NaN
284	0284-0552	97592.045	435.945	894	558	53.973	288.462	NaN
285	0285-0571	464332.676	1511.856	609	549	111.125	547.317	NaN
286	0286-0552	50336.949	317.292	2020	549	135.000	224.359	NaN
287	0287-0562	440705.128	886.495	568	571	40.601	733.719	NaN
288	0288-0556	116083.169	498.601	802	562	45.000	352.564	NaN
289	0289-0560	227029.915	775.879	517	568	38.290	456.098	NaN
290	0290-0558	85264.629	455.534	721	554	140.711	288.462	NaN
291	0291-0620	9168515.779	4608.368	732	664	23.356	3910.696	NaN
292	0292-0630	12800994.412	5283.020	874	695	31.858	3570.621	NaN
293	0293-0563	118137.738	500.657	903	568	39.806	352.564	NaN
294	0294-0564	151010.848	588.383	31	559	150.642	320.513	NaN
295	0295-0567	126356.016	525.680	503	562	142.431	320.513	NaN
296	0296-0567	65746.220	362.619	18	563	135.000	256.410	NaN
297	0297-0576	239357.331	737.876	815	585	55.620	448.718	NaN
298	0298-0572	125328.731	570.657	657	578	38.157	352.564	NaN
299	0299-0577	381122.617	934.447	720	567	157.834	641.026	NaN
300	0300-0590	1385807.035	2529.616	531	570	157.659	1076.091	NaN
301	0301-0572	50336.949	317.292	796	569	135.000	224.359	NaN
302	0302-0589	1038584.813	1423.669	1886	608	58.815	1121.795	NaN
303	0303-0585	734508.547	1484.774	682	576	147.339	947.488	NaN
304	0304-0577	57527.942	340.710	503	573	131.186	224.359	NaN
305	0305-0587	393450.033	1121.795	870	596	36.870	533.166	NaN
306	0306-0587	126356.016	551.431	653	593	35.538	349.309	NaN
307	0307-0588	57527.942	340.710	1654	584	131.186	224.359	NaN
308	0308-0593	57527.942	340.710	859	590	138.814	224.359	NaN
309	0309-0609	343113.083	1061.570	468	595	118.887	502.605	NaN
310	0310-0612	577333.991	1520.326	488	599	161.565	946.332	NaN
311	0311-0606	157174.556	622.323	633	598	124.509	382.409	NaN
312	0312-0606	234220.907	831.482	689	599	152.447	435.143	NaN
313	0313-0608	117110.454	521.757	618	614	47.490	352.564	NaN
314	0314-0619	412968.442	1247.120	528	628	25.907	506.253	NaN
315	0315-0667	12487672.584	5560.505	999	661	175.703	3304.719	NaN
316	0316-0616	64718.935	362.619	275	620	45.000	256.410	NaN
317	0317-0677	7372822.156	4076.943	325	739	73.560	2630.328	NaN
318	0318-0642	1812130.178	2201.295	610	667	47.951	1410.743	NaN
319	0319-0701	13034188.034	5977.800	1918	786	64.259	3659.564	NaN
320	0320-0621	69855.358	385.949	2003	617	138.366	256.410	NaN
321	0321-0621	50336.949	317.292	750	618	135.000	224.359	NaN
322	0322-0626	122246.877	476.477	571	621	132.274	352.564	NaN
323	0323-0628	175665.680	636.200	605	634	40.914	448.718	NaN
324	0324-0625	108892.176	489.242	687	621	148.392	288.462	NaN
325	0325-0636	683144.313	1293.618	1601	651	41.987	781.409	NaN
326	0326-0628	117110.454	577.813	2031	621	123.690	320.513	NaN
327	0327-0628	86291.913	431.206	108	624	138.013	288.462	NaN
328	0328-0664	4823101.578	3298.169	389	637	145.692	2483.612	NaN
329	0329-0651	1238905.325	1881.222	539	635	134.310	1347.374	NaN
330	0330-0631	202375.082	803.842	477	637	23.499	352.564	NaN
331	0331-0632	50336.949	317.292	511	629	135.000	224.359	NaN
332	0332-0646	422214.004	892.845	570	633	111.038	769.231	NaN
333	0333-0748	24786324.786	7804.997	2033	854	56.049	4586.696	NaN
334	0334-0643	89373.767	410.457	487	638	128.660	288.462	NaN
335	0335-0647	129437.870	681.420	518	640	138.814	364.466	NaN
336	0336-0643	50336.949	317.292	730	640	135.000	224.359	NaN
337	0337-0661	994411.571	1644.640	60	673	33.071	1017.698	NaN
338	0338-0646	50336.949	317.292	1200	643	135.000	224.359	NaN
339	0339-0659	259903.024	846.178	505	647	114.624	478.795	NaN
340	0340-0653	57527.942	340.710	697	649	131.186	224.359	NaN
341	0341-0664	469469.099	1044.006	836	649	107.879	833.333	NaN
342	0342-0712	4793310.322	4472.159	1980	775	63.619	1918.811	NaN
343	0343-0671	871137.410	1585.810	80	679	14.036	1073.055	NaN
344	0344-0693	3477358.646	2723.416	1693	731	63.435	2203.526	NaN
345	0345-0672	895792.242	1829.171	655	676	11.113	833.333	NaN
346	0346-0714	5686020.710	3789.378	1199	758	51.870	2347.171	NaN
347	0347-0664	64718.935	365.441	1341	661	142.125	224.359	NaN
348	0348-0675	50336.949	317.292	13	672	135.000	224.359	NaN
349	0349-0676	72937.212	385.949	24	680	41.634	256.410	NaN
350	0350-0675	50336.949	317.292	1843	672	135.000	224.359	NaN
351	0351-0681	134574.293	602.189	476	690	64.799	256.410	NaN
352	0352-0677	102728.468	445.271	2406	674	149.744	288.462	NaN
353	0353-0691	448923.406	1166.684	594	682	159.075	801.282	NaN
354	0354-0684	64718.935	362.619	767	680	135.000	256.410	NaN
355	0355-0703	935856.345	1745.250	143	685	134.256	1060.699	NaN
356	0356-0689	106837.607	612.339	252	682	132.879	337.216	NaN
357	0357-0686	63691.650	362.619	783	690	45.000	256.410	NaN
358	0358-0689	86291.913	431.206	501	694	48.013	288.462	NaN
359	0359-0689	57527.942	340.710	34	685	131.186	224.359	NaN
360	0360-0712	2536365.878	2386.691	923	725	14.783	1581.146	NaN
361	0361-0693	200320.513	666.944	660	701	35.218	480.769	NaN
362	0362-0691	57527.942	340.710	54	687	131.186	224.359	NaN
363	0363-0701	307158.120	1071.204	572	711	38.928	540.601	NaN
364	0364-0724	4235494.740	3571.382	759	737	21.038	2097.830	NaN
365	0365-0736	3920118.343	3227.168	1126	782	55.521	2147.436	NaN
366	0366-0698	50336.949	317.292	28	695	135.000	224.359	NaN
367	0367-0699	50336.949	317.292	1675	696	135.000	224.359	NaN
368	0368-0804	19175295.858	6983.724	2404	697	100.846	4459.540	NaN
369	0369-0705	139710.717	489.242	119	699	121.608	384.615	NaN
370	0370-0731	1823430.309	1992.600	404	757	64.259	1598.241	NaN
371	0371-0707	129437.870	544.872	718	703	151.928	288.462	NaN
372	0372-0709	73964.497	385.949	90	705	138.366	256.410	NaN
373	0373-0812	23236152.202	7094.854	2214	706	108.435	5851.949	NaN
374	0374-0710	50336.949	317.292	654	707	135.000	224.359	NaN
375	0375-0737	1298487.837	2187.955	623	708	121.827	1317.230	NaN
376	0376-0715	190047.666	660.754	2232	722	39.094	413.449	NaN
377	0377-0717	207511.506	636.200	539	710	130.914	448.718	NaN
378	0378-0726	632807.364	1253.693	707	710	122.471	928.212	NaN
379	0379-0723	343113.083	1067.361	139	711	131.348	557.015	NaN
380	0380-0717	64718.935	365.441	642	714	142.125	224.359	NaN
381	0381-0718	79100.920	417.898	465	715	147.529	224.359	NaN
382	0382-0719	64718.935	362.619	1657	723	45.000	256.410	NaN
383	0383-0721	131492.439	570.657	3	716	141.843	347.767	NaN
384	0384-0779	12680802.104	5414.390	957	829	34.631	3741.684	NaN
385	0385-0720	50336.949	317.292	658	717	135.000	224.359	NaN
386	0386-0748	2450073.964	2589.022	237	728	158.199	1826.923	NaN
387	0387-0732	519806.049	1439.813	658	731	163.179	737.179	NaN
388	0388-0724	50336.949	317.292	736	721	135.000	224.359	NaN
389	0389-0771	5292570.677	3677.527	885	721	120.364	2275.641	NaN
390	0390-0728	101701.183	455.534	457	734	50.711	320.513	NaN
391	0391-0727	57527.942	340.710	606	723	131.186	224.359	NaN
392	0392-0729	80128.205	407.946	838	725	135.000	288.462	NaN
393	0393-0736	57527.942	340.710	493	732	131.186	224.359	NaN
394	0394-0764	2124424.721	2397.856	825	793	52.058	1603.888	NaN
395	0395-0832	13461538.462	6466.738	1364	928	72.104	3031.008	NaN
396	0396-0739	50336.949	317.292	2276	736	135.000	224.359	NaN
397	0397-0740	50336.949	317.292	430	737	135.000	224.359	NaN
398	0398-0747	50336.949	317.292	451	744	135.000	224.359	NaN
399	0399-0802	9834196.252	4464.227	135	836	15.832	3553.209	NaN
400	0400-0758	278394.149	918.369	730	771	60.751	476.369	NaN
401	0401-0769	1052966.798	1447.994	358	748	117.699	1236.570	NaN
402	0402-0751	50336.949	317.292	702	748	135.000	224.359	NaN
403	0403-0753	50336.949	317.292	549	750	135.000	224.359	NaN
404	0404-0756	80128.205	407.946	137	752	135.000	288.462	NaN
405	0405-0756	57527.942	340.710	560	752	131.186	224.359	NaN
406	0406-0755	50336.949	317.292	569	752	135.000	224.359	NaN
407	0407-0761	171556.542	596.188	312	769	36.254	480.769	NaN
408	0408-0813	4510807.035	3876.085	577	758	113.385	2323.866	NaN
409	0409-0763	79100.920	410.457	1111	758	128.660	256.410	NaN
410	0410-0768	148956.279	631.337	540	759	113.962	288.462	NaN
411	0411-0769	247575.608	827.147	551	759	125.538	450.868	NaN
412	0412-0779	1086867.193	1768.348	688	800	43.531	1156.582	NaN
413	0413-0764	50336.949	317.292	1384	761	135.000	224.359	NaN
414	0414-0782	536242.604	1290.039	762	764	116.565	897.436	NaN
415	0415-0768	50336.949	317.292	623	765	135.000	224.359	NaN
416	0416-0778	365713.346	911.069	513	787	39.289	672.673	NaN
417	0417-0781	375986.193	898.008	1372	793	55.176	544.872	NaN
418	0418-0773	65746.220	362.619	1114	769	135.000	256.410	NaN
419	0419-0773	50336.949	317.292	640	770	135.000	224.359	NaN
420	0420-0774	86291.913	435.945	673	778	36.027	256.410	NaN
421	0421-0797	1706319.855	2179.723	424	805	17.103	1476.040	NaN
422	0422-0780	183883.958	616.519	452	789	62.103	416.667	NaN
423	0423-0785	415023.011	1058.178	786	799	54.866	705.128	NaN
424	0424-0785	206484.221	827.147	631	775	125.538	401.985	NaN
425	0425-0786	424268.573	978.483	276	792	31.608	641.026	NaN
426	0426-0784	192102.235	726.653	409	792	41.424	434.556	NaN
427	0427-0782	134574.293	533.440	306	788	32.735	352.564	NaN
428	0428-0807	898874.096	2062.519	650	780	122.949	945.975	NaN
429	0429-0824	4586826.101	2962.967	1180	869	74.310	2398.190	NaN
430	0430-0841	10567677.515	5298.553	1446	897	23.153	3392.900	NaN
431	0431-0786	50336.949	317.292	42	783	135.000	224.359	NaN
432	0432-0860	13812869.822	5660.387	1246	926	53.519	3810.027	NaN
433	0433-0831	4193376.068	3054.304	1940	875	61.821	2017.067	NaN
434	0434-0799	166420.118	676.123	68	808	58.570	416.667	NaN
435	0435-0821	1913831.361	2061.772	530	853	78.341	1642.315	NaN
436	0436-0818	2784968.771	2294.523	1080	834	24.775	1758.307	NaN
437	0437-0796	87319.198	417.898	57	791	122.471	256.410	NaN
438	0438-0800	102728.468	476.477	731	806	47.726	320.513	NaN
439	0439-0800	63691.650	362.619	743	796	135.000	256.410	NaN
440	0440-0802	71909.928	385.949	799	807	48.366	256.410	NaN
441	0441-0851	5467209.073	3480.037	358	827	139.857	2529.316	NaN
442	0442-0821	482823.800	1005.920	313	835	59.349	701.485	NaN
443	0443-0835	3348948.060	2594.571	817	810	152.802	1817.560	NaN
444	0444-0832	625616.371	1652.118	1233	857	71.917	616.123	NaN
445	0445-0819	116083.169	516.811	2478	812	119.745	288.462	NaN
446	0446-0827	329758.383	989.964	283	841	60.945	530.873	NaN
447	0447-0837	421186.719	1224.678	480	824	132.879	527.698	NaN
448	0448-0826	57527.942	340.710	2626	823	138.814	224.359	NaN
449	0449-0829	78073.636	385.949	24	834	41.634	288.462	NaN
450	0450-0836	242439.185	750.986	57	827	129.806	567.839	NaN
451	0451-0834	50336.949	317.292	457	831	135.000	224.359	NaN
452	0452-0834	57527.942	340.710	936	831	138.814	224.359	NaN
453	0453-0835	57527.942	340.710	2351	832	138.814	224.359	NaN
454	0454-0852	1266642.012	2093.172	918	834	154.612	1250.000	NaN
455	0455-0841	64718.935	365.441	2392	838	142.125	224.359	NaN
456	0456-0843	64718.935	362.619	1218	847	45.000	256.410	NaN
457	0457-0993	40501725.838	9944.424	2361	1148	84.822	7543.493	NaN
458	0458-0858	1247123.603	2050.531	549	844	155.037	1142.407	NaN
459	0459-0844	71909.928	365.441	904	841	142.125	256.410	NaN
460	0460-0846	97592.045	480.769	121	842	143.130	288.462	NaN
461	0461-0884	3469140.368	2715.294	472	926	82.539	2243.590	NaN
462	0462-0927	12679774.819	5707.379	1596	1012	72.684	3189.920	NaN
463	0463-0927	14633670.283	6756.210	2055	1003	43.462	3011.983	NaN
464	0464-0846	64718.935	365.441	456	843	142.125	224.359	NaN
465	0465-0851	128410.585	498.601	789	856	45.000	352.564	NaN
466	0466-0921	11842537.804	4891.366	2000	847	102.488	3874.368	NaN
467	0467-0869	1464907.955	1815.642	990	856	159.326	1253.033	NaN
468	0468-0911	14337812.295	4817.191	1051	870	152.241	4006.410	NaN
469	0469-0854	57527.942	340.710	779	851	138.814	224.359	NaN
470	0470-0859	126356.016	596.188	42	852	126.254	371.381	NaN
471	0471-0906	5502136.752	3767.492	625	961	68.018	2824.566	NaN
472	0472-0858	50336.949	317.292	1166	855	135.000	224.359	NaN
473	0473-0922	9558883.958	5206.139	196	967	37.999	3499.033	NaN
474	0474-0869	198265.943	771.897	796	878	48.366	445.496	NaN
475	0475-0868	128410.585	570.657	906	861	128.157	352.564	NaN
476	0476-0869	236275.477	711.654	266	877	35.838	480.769	NaN
477	0477-0870	135601.578	521.757	919	876	42.510	384.615	NaN
478	0478-0871	72937.212	385.949	1915	867	131.634	256.410	NaN
479	0479-0886	1017011.834	1449.413	2042	868	125.096	1081.121	NaN
480	0480-0892	599934.254	1556.056	713	872	122.381	777.010	NaN
481	0481-0972	15826347.798	6506.016	846	871	95.654	4206.699	NaN
482	0482-0940	12853385.930	5264.319	888	982	28.750	3842.867	NaN
483	0483-0883	258875.740	838.862	1194	893	46.548	471.140	NaN
484	0484-0890	634861.933	1564.943	27	905	34.992	668.125	NaN
485	0485-0881	50336.949	317.292	1444	878	135.000	224.359	NaN
486	0486-0883	71909.928	365.441	158	879	127.875	256.410	NaN
487	0487-0917	2202498.356	2633.086	1538	949	58.438	1327.751	NaN
488	0488-0932	7836127.548	4931.004	1408	956	27.065	2429.373	NaN
489	0489-0885	57527.942	340.710	330	882	138.814	224.359	NaN
490	0490-0903	827991.453	1557.705	518	922	36.634	1033.303	NaN
491	0491-1041	40386669.954	12141.515	1589	1175	37.384	6507.693	NaN
492	0492-0906	1083785.339	1571.820	172	927	50.793	1151.315	NaN
493	0493-0891	57527.942	340.710	1209	887	131.186	224.359	NaN
494	0494-0933	4842619.987	3677.527	345	898	149.636	2269.185	NaN
495	0495-0897	71909.928	391.236	1037	892	124.992	224.359	NaN
496	0496-0900	80128.205	410.457	770	904	38.660	256.410	NaN
497	0497-0901	64718.935	365.441	15	898	142.125	224.359	NaN
498	0498-0923	1473126.233	1583.217	2199	912	158.629	1410.758	NaN
499	0499-0908	50336.949	317.292	2667	905	135.000	224.359	NaN
500	0500-0912	81155.490	410.457	114	916	38.660	256.410	NaN
501	0501-0913	99646.614	435.945	328	908	126.027	288.462	NaN
502	0502-0918	190047.666	648.989	1192	913	147.095	448.718	NaN
503	0503-0919	65746.220	362.619	746	915	135.000	256.410	NaN
504	0504-0922	129437.870	506.775	273	928	34.695	352.564	NaN
505	0505-0924	71909.928	385.949	144	920	131.634	256.410	NaN
506	0506-0948	1064266.930	2177.601	546	925	132.614	966.091	NaN
507	0507-0933	483851.085	1208.210	686	930	158.199	705.128	NaN
508	0508-0994	10215318.869	4581.652	70	1055	47.268	3110.636	NaN
509	0509-0954	1276914.859	1852.608	525	936	142.734	1425.918	NaN
510	0510-0935	72937.212	385.949	733	931	138.366	256.410	NaN
511	0511-0936	121219.592	500.657	1328	932	140.194	352.564	NaN
512	0512-0934	57527.942	340.710	2666	931	138.814	224.359	NaN
513	0513-0958	1451553.254	1777.907	469	984	56.023	1153.846	NaN
514	0514-1004	15174022.025	6556.191	2103	1035	28.946	4492.301	NaN
515	0515-1020	11050501.315	5528.544	1370	934	94.322	2950.906	NaN
516	0516-0938	50336.949	317.292	112	935	135.000	224.359	NaN
517	0517-0939	80128.205	410.457	1213	943	38.660	256.410	NaN
518	0518-0949	459196.252	1076.942	1219	962	36.529	717.802	NaN
519	0519-0947	181829.389	604.742	674	942	147.995	448.718	NaN
520	0520-0946	107864.892	500.657	734	952	50.194	320.513	NaN
521	0521-0945	89373.767	431.206	795	940	131.987	288.462	NaN
522	0522-0996	6361974.030	3473.537	335	956	138.366	2790.832	NaN
523	0523-0966	1648791.913	1932.934	1280	949	139.708	1376.106	NaN
524	0524-0959	265039.448	904.846	696	972	67.068	416.667	NaN
525	0525-0981	2137779.421	3049.086	683	1001	33.857	1753.590	NaN
526	0526-0954	50336.949	317.292	187	951	135.000	224.359	NaN
527	0527-0955	63691.650	362.619	1264	951	135.000	256.410	NaN
528	0528-0958	127383.300	567.045	1331	964	42.709	362.619	NaN
529	0529-0962	176692.965	622.323	1522	970	55.491	443.380	NaN
530	0530-0960	72937.212	385.949	525	965	48.366	256.410	NaN
531	0531-0964	154092.702	551.431	683	971	54.462	384.615	NaN
532	0532-0972	430432.281	1157.846	1165	981	41.634	961.538	NaN
533	0533-0965	138683.432	648.989	1902	974	57.095	330.194	NaN
534	0534-1012	5037804.076	3530.882	1038	958	105.803	2505.275	NaN
535	0535-0974	822855.030	1296.790	1542	959	129.987	929.487	NaN
536	0536-0967	70882.643	385.949	660	972	48.366	256.410	NaN
537	0537-0970	77046.351	407.946	66	975	45.000	288.462	NaN
538	0538-0971	98619.329	476.477	216	966	132.274	320.513	NaN
539	0539-0972	50336.949	317.292	505	969	135.000	224.359	NaN
540	0540-1001	2493219.921	4000.380	515	1030	25.128	1055.065	NaN
541	0541-1029	11713099.934	4507.395	1441	1059	23.466	3615.404	NaN
542	0542-0987	408859.303	981.104	751	975	128.367	737.179	NaN
543	0543-1000	974893.162	1532.105	433	977	105.781	1057.692	NaN
544	0544-0981	65746.220	362.619	2373	977	135.000	256.410	NaN
545	0545-0984	72937.212	385.949	1229	980	138.366	256.410	NaN
546	0546-0988	207511.506	833.333	490	985	157.380	448.718	NaN
547	0547-0996	516724.195	1035.609	1253	981	111.801	804.960	NaN
548	0548-1009	675953.320	1491.332	652	989	118.217	864.052	NaN
549	0549-0995	113001.315	453.274	295	1000	45.000	352.564	NaN
550	0550-0995	80128.205	391.236	736	990	124.992	256.410	NaN
551	0551-0996	119165.023	521.757	1168	990	132.510	352.564	NaN
552	0552-0993	57527.942	340.710	1208	990	138.814	224.359	NaN
553	0553-0993	50336.949	317.292	1957	990	135.000	224.359	NaN
554	0554-1001	165392.834	590.996	777	995	139.399	381.645	NaN
555	0555-1001	95537.475	455.534	1121	1006	39.289	288.462	NaN
556	0556-1003	126356.016	545.814	1225	1009	40.236	352.564	NaN
557	0557-1005	96564.760	435.945	479	1010	36.027	288.462	NaN
558	0558-1052	5243261.012	5029.601	372	1072	22.479	1973.752	NaN
559	0559-1018	823882.314	1610.557	1287	1035	42.580	1024.252	NaN
560	0560-1008	139710.717	596.188	736	1014	36.254	352.564	NaN
561	0561-1007	57527.942	340.710	2107	1004	138.814	224.359	NaN
562	0562-1009	64718.935	362.619	622	1013	45.000	256.410	NaN
563	0563-1041	3489686.062	2780.899	1575	1061	25.974	1830.365	NaN
564	0564-1034	2502465.483	3827.546	675	1025	4.803	1654.427	NaN
565	0565-1015	64718.935	362.619	1275	1011	135.000	256.410	NaN
566	0566-1016	64718.935	362.619	610	1012	135.000	256.410	NaN
567	0567-1016	57527.942	340.710	1232	1012	131.186	224.359	NaN
568	0568-1102	14464168.310	6289.242	874	1184	60.038	3646.189	NaN
569	0569-1019	113001.315	476.477	172	1014	137.726	320.513	NaN
570	0570-1018	64718.935	362.619	469	1022	45.000	256.410	NaN
571	0571-1019	50336.949	317.292	190	1016	135.000	224.359	NaN
572	0572-1019	50336.949	317.292	637	1016	135.000	224.359	NaN
573	0573-1025	176692.965	588.383	288	1017	119.358	448.718	NaN
574	0574-1021	57527.942	340.710	936	1017	131.186	224.359	NaN
575	0575-1022	50336.949	317.292	1114	1019	135.000	224.359	NaN
576	0576-1026	167447.403	756.437	1199	1033	36.384	405.498	NaN
577	0577-1035	299967.127	1066.879	621	1021	122.735	502.677	NaN
578	0578-1025	88346.483	417.898	924	1022	147.529	256.410	NaN
579	0579-1031	319485.536	775.879	983	1022	128.290	626.559	NaN
580	0580-1027	91428.337	431.206	1168	1023	138.013	288.462	NaN
581	0581-1030	57527.942	340.710	943	1026	131.186	224.359	NaN
582	0582-1034	141765.286	545.814	1093	1041	49.764	416.667	NaN
583	0583-1034	96564.760	435.945	1266	1029	126.027	288.462	NaN
584	0584-1036	57527.942	340.710	1139	1032	131.186	224.359	NaN
585	0585-1041	107864.892	530.543	614	1034	115.017	224.359	NaN
586	0586-1040	57527.942	340.710	1195	1036	131.186	224.359	NaN
587	0587-1063	1239932.610	1924.145	642	1037	119.982	1217.949	NaN
588	0588-1053	581443.130	1156.070	284	1039	133.877	929.487	NaN
589	0589-1046	117110.454	500.657	694	1052	50.194	320.513	NaN
590	0590-1088	5474400.066	3233.369	1294	1136	72.104	2530.504	NaN
591	0591-1049	156147.272	612.339	1133	1056	42.879	416.667	NaN
592	0592-1049	129437.870	533.440	1251	1044	147.265	320.513	NaN
593	0593-1054	184911.243	622.323	338	1048	145.491	416.667	NaN
594	0594-1058	210593.360	676.123	1193	1067	58.570	384.615	NaN
595	0595-1054	79100.920	385.949	1010	1059	41.634	288.462	NaN
596	0596-1054	50336.949	317.292	2068	1051	135.000	224.359	NaN
597	0597-1077	937910.914	1756.983	1773	1067	165.203	1060.699	NaN
598	0598-1093	1303624.260	2164.589	43	1123	62.676	934.791	NaN
599	0599-1074	310239.974	891.118	736	1085	52.306	576.923	NaN
600	0600-1091	1375534.188	1894.011	699	1119	66.038	1228.225	NaN
601	0601-1071	115055.884	500.657	532	1065	129.806	320.513	NaN
602	0602-1079	329758.383	1022.632	1833	1092	57.804	525.102	NaN
603	0603-1069	50336.949	317.292	760	1066	135.000	224.359	NaN
604	0604-1069	50336.949	317.292	2500	1066	135.000	224.359	NaN
605	0605-1070	50336.949	317.292	1107	1067	135.000	224.359	NaN
606	0606-1076	86291.913	410.457	896	1080	38.660	288.462	NaN
607	0607-1126	5210387.903	3947.906	1494	1177	57.600	2081.898	NaN
608	0608-1077	71909.928	385.949	267	1073	138.366	256.410	NaN
609	0609-1171	16949169.954	6350.442	1731	1269	81.584	4057.295	NaN
610	0610-1086	349276.792	835.795	1034	1080	147.529	705.128	NaN
611	0611-1079	50336.949	317.292	319	1076	135.000	224.359	NaN
612	0612-1143	9799268.573	4374.149	1434	1076	98.427	3086.391	NaN
613	0613-1083	121219.592	473.232	1093	1077	118.301	320.513	NaN
614	0614-1085	100673.899	455.534	1855	1080	140.711	320.513	NaN
615	0615-1087	159229.126	590.996	1222	1094	40.601	416.667	NaN
616	0616-1085	57527.942	340.710	2033	1081	131.186	224.359	NaN
617	0617-1094	252712.032	888.809	1258	1107	64.359	421.359	NaN
618	0618-1087	64718.935	365.441	372	1083	127.875	224.359	NaN
619	0619-1091	291748.849	782.472	1188	1097	34.992	512.821	NaN
620	0620-1097	393450.033	1102.862	1064	1109	35.538	666.401	NaN
621	0621-1095	265039.448	916.689	1151	1104	36.469	495.551	NaN
622	0622-1094	133547.009	516.811	1792	1087	119.745	320.513	NaN
623	0623-1098	213675.214	934.447	737	1092	157.834	383.764	NaN
624	0624-1104	274285.010	891.118	650	1113	37.694	557.443	NaN
625	0625-1142	4491288.626	3193.086	2166	1189	70.656	2692.921	NaN
626	0626-1102	105810.322	462.250	1126	1108	56.310	288.462	NaN
627	0627-1103	127383.300	544.872	1828	1096	118.072	288.462	NaN
628	0628-1109	343113.083	1110.752	199	1122	46.169	558.883	NaN
629	0629-1105	119165.023	480.769	1112	1099	126.870	352.564	NaN
630	0630-1104	50336.949	317.292	379	1101	135.000	224.359	NaN
631	0631-1109	107864.892	544.872	1175	1102	118.072	254.430	NaN
632	0632-1119	872164.694	1463.168	2212	1132	28.811	1057.692	NaN
633	0633-1132	2719222.551	3577.848	400	1150	9.800	1572.575	NaN
634	0634-1109	50336.949	317.292	360	1106	135.000	224.359	NaN
635	0635-1122	842373.439	1435.168	1063	1117	150.573	1057.692	NaN
636	0636-1109	57527.942	340.710	1193	1106	138.814	224.359	NaN
637	0637-1122	724235.700	1578.343	618	1136	23.962	865.385	NaN
638	0638-1123	459196.252	1001.314	1033	1136	50.194	799.921	NaN
639	0639-1114	50336.949	317.292	1137	1111	135.000	224.359	NaN
640	0640-1125	594797.830	1378.578	1148	1111	144.462	723.086	NaN
641	0641-1117	50336.949	317.292	666	1114	135.000	224.359	NaN
642	0642-1270	29846729.126	10996.580	2131	1420	56.773	4615.474	NaN
643	0643-1143	1207059.500	1842.600	1356	1171	76.931	1147.171	NaN
644	0644-1119	63691.650	362.619	2543	1123	45.000	256.410	NaN
645	0645-1123	214702.498	693.375	2111	1130	33.690	448.718	NaN
646	0646-1125	98619.329	455.534	1193	1120	129.289	288.462	NaN
647	0647-1124	50336.949	317.292	1826	1121	135.000	224.359	NaN
648	0648-1142	906065.089	1391.557	1245	1160	28.926	1031.618	NaN
649	0649-1145	516724.195	1022.632	1821	1132	122.196	814.052	NaN
650	0650-1135	50336.949	317.292	212	1132	135.000	224.359	NaN
651	0651-1147	835182.446	1774.437	623	1141	159.928	733.054	NaN
652	0652-1138	93482.906	455.534	674	1134	140.711	288.462	NaN
653	0653-1175	3339702.498	3105.668	958	1202	43.746	1755.084	NaN
654	0654-1151	410913.872	1091.627	184	1164	49.764	615.720	NaN
655	0655-1150	216757.068	924.500	1365	1138	123.690	480.029	NaN
656	0656-1142	50336.949	317.292	227	1139	135.000	224.359	NaN
657	0657-1163	1428952.991	1818.186	2368	1179	40.711	1107.030	NaN
658	0658-1149	80128.205	410.457	1191	1154	51.340	256.410	NaN
659	0659-1153	71909.928	385.949	1129	1157	41.634	256.410	NaN
660	0660-1213	9007232.084	4197.739	1282	1277	75.858	3440.315	NaN
661	0661-1161	268121.302	884.174	564	1152	136.469	481.235	NaN
662	0662-1163	446868.836	1264.300	683	1174	30.466	598.751	NaN
663	0663-1155	50336.949	317.292	2219	1152	135.000	224.359	NaN
664	0664-1215	15008629.191	6320.038	384	1227	14.389	3611.083	NaN
665	0665-1163	121219.592	489.242	1099	1167	31.608	320.513	NaN
666	0666-1169	195184.089	622.323	1064	1177	55.491	480.769	NaN
667	0667-1327	50454059.829	12050.813	1508	1193	155.821	9763.614	NaN
668	0668-1165	50336.949	317.292	726	1162	135.000	224.359	NaN
669	0669-1187	1246096.318	1763.986	606	1169	155.298	1313.443	NaN
670	0670-1219	8641518.738	4452.706	705	1232	22.874	3139.743	NaN
671	0671-1177	145874.425	560.668	370	1170	120.964	320.513	NaN
672	0672-1173	64718.935	362.619	1118	1169	135.000	256.410	NaN
673	0673-1179	295857.988	1077.419	1029	1170	149.621	486.997	NaN
674	0674-1187	519806.049	1148.939	1093	1171	112.989	737.179	NaN
675	0675-1176	83210.059	431.206	1209	1171	131.987	288.462	NaN
676	0676-1178	131492.439	573.351	353	1175	153.435	288.462	NaN
677	0677-1179	121219.592	573.351	1186	1175	153.435	256.410	NaN
678	0678-1184	193129.520	590.996	148	1189	40.601	448.718	NaN
679	0679-1240	6486275.477	4428.184	2303	1304	67.891	2356.083	NaN
680	0680-1195	254766.601	929.487	697	1206	46.397	465.518	NaN
681	0681-1203	474605.523	1209.485	1063	1186	122.005	705.128	NaN
682	0682-1191	64718.935	365.441	1361	1188	142.125	224.359	NaN
683	0683-1195	147928.994	570.657	1111	1200	38.157	416.667	NaN
684	0684-1212	1310815.253	1539.129	1645	1232	58.627	1220.844	NaN
685	0685-1198	120192.308	480.769	1394	1192	126.870	352.564	NaN
686	0686-1199	71909.928	385.949	351	1204	48.366	256.410	NaN
687	0687-1201	96564.760	480.769	682	1207	53.130	288.462	NaN
688	0688-1204	160256.410	622.323	745	1210	34.509	384.615	NaN
689	0689-1224	2041214.661	2408.116	865	1224	9.964	1574.764	NaN
690	0690-1209	214702.498	737.876	1036	1200	124.380	544.872	NaN
691	0691-1211	247575.608	819.034	1808	1200	120.579	494.883	NaN
692	0692-1205	50336.949	317.292	316	1202	135.000	224.359	NaN
693	0693-1208	104783.037	476.477	136	1214	47.726	320.513	NaN
694	0694-1207	87319.198	410.457	1020	1203	141.340	288.462	NaN
695	0695-1208	102728.468	480.769	1131	1213	36.870	288.462	NaN
696	0696-1217	532133.465	1001.314	645	1229	50.194	757.866	NaN
697	0697-1218	366740.631	904.846	1468	1228	22.932	641.026	NaN
698	0698-1213	57527.942	340.710	1102	1210	138.814	224.359	NaN
699	0699-1221	241411.900	838.862	574	1231	46.548	488.918	NaN
700	0700-1216	81155.490	410.457	842	1212	141.340	256.410	NaN
701	0701-1223	249630.178	838.862	168	1231	43.452	495.881	NaN
702	0702-1219	82182.774	407.946	131	1215	135.000	288.462	NaN
703	0703-1220	57527.942	340.710	1429	1216	131.186	224.359	NaN
704	0704-1221	64718.935	365.441	695	1217	127.875	224.359	NaN
705	0705-1221	50336.949	317.292	1088	1218	135.000	224.359	NaN
706	0706-1226	117110.454	570.657	1435	1233	51.843	329.677	NaN
707	0707-1223	50336.949	317.292	1200	1220	135.000	224.359	NaN
708	0708-1225	64718.935	362.619	1099	1229	45.000	256.410	NaN
709	0709-1234	345167.653	1005.920	102	1241	30.651	641.026	NaN
710	0710-1266	5417899.408	3652.299	1344	1309	42.510	2508.024	NaN
711	0711-1228	50336.949	317.292	780	1225	135.000	224.359	NaN
712	0712-1230	64718.935	362.619	277	1226	135.000	256.410	NaN
713	0713-1232	99646.614	476.477	319	1238	47.726	320.513	NaN
714	0714-1235	132519.724	596.188	947	1241	36.254	345.718	NaN
715	0715-1238	170529.257	622.323	1228	1246	55.491	384.615	NaN
716	0716-1320	13409146.943	5860.829	1458	1411	81.826	3295.767	NaN
717	0717-1254	1847057.857	2095.870	1930	1265	23.429	1430.557	NaN
718	0718-1245	448923.406	994.107	979	1260	69.228	801.282	NaN
719	0719-1238	131492.439	500.657	788	1232	140.194	384.615	NaN
720	0720-1313	14264875.082	5862.932	436	1297	157.501	4766.859	NaN
721	0721-1241	167447.403	636.200	574	1247	40.914	407.946	NaN
722	0722-1291	4872411.243	3702.582	1021	1347	73.918	2006.226	NaN
723	0723-1247	513642.341	1363.593	904	1258	29.578	624.219	NaN
724	0724-1243	64718.935	365.441	721	1239	127.875	224.359	NaN
725	0725-1244	110946.746	516.811	537	1248	29.745	256.410	NaN
726	0726-1245	64718.935	365.441	306	1241	127.875	224.359	NaN
727	0727-1246	64718.935	365.441	154	1242	127.875	224.359	NaN
728	0728-1254	297912.558	838.862	111	1263	46.548	576.923	NaN
729	0729-1250	98619.329	521.757	1112	1245	137.490	335.373	NaN
730	0730-1257	534188.034	1492.709	146	1263	14.931	563.185	NaN
731	0731-1269	2194280.079	2561.698	330	1250	148.299	1371.926	NaN
732	0732-1256	280448.718	841.308	744	1265	40.365	550.324	NaN
733	0733-1253	90401.052	453.274	96	1258	45.000	317.292	NaN
734	0734-1267	633834.648	1233.037	678	1251	117.897	845.269	NaN
735	0735-1253	50336.949	317.292	1130	1250	135.000	224.359	NaN
736	0736-1258	163338.264	567.045	575	1252	132.709	384.615	NaN
737	0737-1306	6709196.252	3619.525	620	1360	73.009	3009.578	NaN
738	0738-1278	1459771.532	1804.575	1149	1258	123.408	1314.103	NaN
739	0739-1258	115055.884	480.769	598	1253	143.130	320.513	NaN
740	0740-1258	105810.322	476.477	2387	1253	137.726	320.513	NaN
741	0741-1290	1630300.789	2580.078	1057	1326	63.435	1165.765	NaN
742	0742-1264	195184.089	634.583	1097	1257	135.000	448.718	NaN
743	0743-1312	9091469.428	4444.046	1962	1341	27.489	3362.253	NaN
744	0744-1263	86291.913	431.206	967	1259	138.013	288.462	NaN
745	0745-1265	64718.935	362.619	1243	1269	45.000	256.410	NaN
746	0746-1283	935856.345	1366.603	714	1265	129.289	1059.863	NaN
747	0747-1270	101701.183	480.769	760	1276	53.130	288.462	NaN
748	0748-1343	16007149.901	5476.175	2376	1265	115.665	4557.433	NaN
749	0749-1270	71909.928	365.441	1253	1266	127.875	256.410	NaN
750	0750-1277	433514.135	1276.430	254	1286	28.496	673.077	NaN
751	0751-1271	63691.650	362.619	575	1275	45.000	256.410	NaN
752	0752-1273	70882.643	385.949	397	1269	138.366	256.410	NaN
753	0753-1313	1883012.821	3075.754	940	1274	123.524	1348.103	NaN
754	0754-1295	1584072.978	1897.533	2201	1285	164.320	1503.420	NaN
755	0755-1276	57527.942	340.710	1239	1272	131.186	224.359	NaN
756	0756-1287	254766.601	891.118	295	1276	127.694	488.123	NaN
757	0757-1323	3894436.226	3333.487	755	1292	133.052	2188.441	NaN
758	0758-1293	682117.028	1309.404	1293	1287	158.459	820.760	NaN
759	0759-1301	1072485.207	1707.163	1853	1321	50.332	1070.034	NaN
760	0760-1284	50336.949	317.292	2419	1281	135.000	224.359	NaN
761	0761-1286	63691.650	362.619	538	1282	135.000	256.410	NaN
762	0762-1285	50336.949	317.292	1257	1282	135.000	224.359	NaN
763	0763-1289	144847.140	612.339	1902	1296	42.879	430.013	NaN
764	0764-1301	741699.540	1366.603	1923	1318	50.711	903.060	NaN
765	0765-1304	1115631.164	1632.100	230	1315	19.502	1189.276	NaN
766	0766-1287	79100.920	391.236	400	1284	145.008	256.410	NaN
767	0767-1319	2298035.832	2837.398	1070	1350	41.795	1534.756	NaN
768	0768-1296	280448.718	838.862	1530	1286	136.548	590.150	NaN
769	0769-1293	110946.746	500.657	68	1299	50.194	320.513	NaN
770	0770-1291	50336.949	317.292	585	1288	135.000	224.359	NaN
771	0771-1294	50336.949	317.292	283	1291	135.000	224.359	NaN
772	0772-1296	64718.935	365.441	409	1293	142.125	224.359	NaN
773	0773-1297	87319.198	435.945	2090	1301	36.027	256.410	NaN
774	0774-1304	219838.922	775.879	328	1295	128.290	486.504	NaN
775	0775-1304	319485.536	995.655	1226	1297	146.821	523.133	NaN
776	0776-1304	171556.542	648.989	365	1299	147.095	384.615	NaN
777	0777-1303	50336.949	317.292	1109	1300	135.000	224.359	NaN
778	0778-1307	140738.001	589.256	504	1314	45.000	381.648	NaN
779	0779-1331	1465935.240	2101.010	1892	1301	111.477	1410.256	NaN
780	0780-1306	80128.205	385.949	1185	1302	131.634	288.462	NaN
781	0781-1310	283530.572	846.178	2567	1304	155.376	512.821	NaN
782	0782-1310	111974.030	570.657	2538	1317	51.843	336.683	NaN
783	0783-1307	50336.949	317.292	285	1304	135.000	224.359	NaN
784	0784-1331	1940540.763	2809.565	1338	1356	34.778	1252.259	NaN
785	0785-1313	229084.484	731.584	1314	1310	151.189	535.822	NaN
786	0786-1312	178747.535	615.685	1906	1305	141.340	448.718	NaN
787	0787-1335	1843976.003	2001.089	2249	1359	58.092	1440.964	NaN
788	0788-1330	1351906.640	1932.934	280	1353	49.708	1004.459	NaN
789	0789-1314	124301.446	570.657	1545	1307	128.157	352.564	NaN
790	0790-1310	50336.949	317.292	1560	1307	135.000	224.359	NaN
791	0791-1311	50336.949	317.292	218	1308	135.000	224.359	NaN
792	0792-1399	13348537.147	6092.864	1271	1308	109.674	3086.316	NaN
793	0793-1327	986193.294	1439.456	2506	1338	11.560	1114.111	NaN
794	0794-1314	50336.949	317.292	857	1311	135.000	224.359	NaN
795	0795-1323	377013.478	952.953	1186	1333	42.274	641.026	NaN
796	0796-1319	100673.899	473.232	1529	1313	118.301	256.410	NaN
797	0797-1320	166420.118	685.927	2554	1314	142.595	438.529	NaN
798	0798-1333	379068.047	1192.807	1936	1349	59.300	657.020	NaN
799	0799-1322	57527.942	340.710	216	1319	138.814	224.359	NaN
800	0800-1338	898874.096	1301.535	1548	1347	37.999	1089.744	NaN
801	0801-1323	50336.949	317.292	369	1320	135.000	224.359	NaN
802	0802-1395	15978385.930	5375.641	648	1373	159.404	4261.733	NaN
803	0803-1325	64718.935	365.441	1543	1322	142.125	224.359	NaN
804	0804-1387	15707182.774	6043.515	339	1370	159.835	4035.303	NaN
805	0805-1333	213675.214	801.282	1867	1342	36.870	497.808	NaN
806	0806-1341	954347.469	1546.786	219	1354	34.019	988.205	NaN
807	0807-1336	131492.439	577.813	193	1344	56.310	320.513	NaN
808	0808-1340	229084.484	846.785	1231	1329	119.476	416.667	NaN
809	0809-1338	161283.695	590.996	339	1333	139.399	416.667	NaN
810	0810-1336	50336.949	317.292	2554	1333	135.000	224.359	NaN
811	0811-1337	94510.191	480.769	2566	1333	143.130	288.462	NaN
812	0812-1464	29144066.404	8981.510	1154	1334	111.346	4881.762	NaN
813	0813-1337	64718.935	365.441	1186	1334	142.125	224.359	NaN
814	0814-1371	1209114.070	1982.262	1209	1341	104.036	1114.213	NaN
815	0815-1404	13231426.693	4876.958	2460	1362	160.017	3987.308	NaN
816	0816-1350	78073.636	410.457	322	1346	141.340	256.410	NaN
817	0817-1350	57527.942	340.710	1393	1346	131.186	224.359	NaN
818	0818-1358	237302.761	791.608	194	1365	31.759	407.242	NaN
819	0819-1373	1340606.509	1946.967	227	1388	32.905	1207.540	NaN
820	0820-1370	682117.028	1289.243	1061	1358	145.125	961.538	NaN
821	0821-1395	4219058.185	3049.086	1940	1366	140.117	2217.949	NaN
822	0822-1359	57527.942	340.710	1103	1356	138.814	224.359	NaN
823	0823-1385	1040639.382	1835.618	995	1357	102.095	877.998	NaN
824	0824-1370	435568.705	978.483	1007	1383	58.392	705.128	NaN
825	0825-1422	9782832.018	4321.578	1368	1485	69.146	3092.317	NaN
826	0826-1383	716017.423	1655.845	1036	1408	75.426	641.026	NaN
827	0827-1365	127383.300	462.250	156	1370	33.690	384.615	NaN
828	0828-1442	13093770.546	5483.767	1498	1524	72.306	3772.067	NaN
829	0829-1395	2144970.414	2794.901	257	1419	36.607	1459.323	NaN
830	0830-1374	497205.786	1267.951	493	1369	163.856	641.026	NaN
831	0831-1371	163338.264	657.637	1841	1378	43.025	416.667	NaN
832	0832-1372	144847.140	588.383	171	1376	29.358	320.513	NaN
833	0833-1391	1432034.845	1662.037	1875	1376	140.477	1416.216	NaN
834	0834-1375	105810.322	455.534	2074	1381	50.711	320.513	NaN
835	0835-1376	71909.928	385.949	2063	1372	131.634	256.410	NaN
836	0836-1407	4148175.542	3674.173	1742	1429	23.658	1668.417	NaN
837	0837-1384	230111.769	841.308	2246	1374	130.365	454.499	NaN
838	0838-1418	2426446.417	2803.709	2079	1461	79.461	1602.564	NaN
839	0839-1389	239357.331	731.584	578	1393	28.811	480.769	NaN
840	0840-1423	3577005.260	2844.630	2227	1383	123.511	2325.825	NaN
841	0841-1390	72937.212	385.949	883	1386	138.366	256.410	NaN
842	0842-1409	1199868.508	1817.904	523	1399	170.870	1368.012	NaN
843	0843-1391	50336.949	317.292	835	1388	135.000	224.359	NaN
844	0844-1414	933801.775	1864.768	118	1440	61.232	1232.444	NaN
845	0845-1438	5728139.382	3583.442	170	1487	47.175	3029.819	NaN
846	0846-1430	4316650.230	3282.715	2298	1399	152.684	2118.621	NaN
847	0847-1409	937910.914	1475.752	815	1392	145.620	1078.604	NaN
848	0848-1399	120192.308	500.657	616	1404	39.806	320.513	NaN
849	0849-1403	138683.432	544.872	869	1399	151.928	320.513	NaN
850	0850-1406	180802.104	657.637	314	1413	43.025	453.204	NaN
851	0851-1403	63691.650	362.619	2270	1399	135.000	256.410	NaN
852	0852-1458	9167488.494	4927.253	545	1457	171.396	3005.538	NaN
853	0853-1411	235248.192	891.118	1015	1422	52.306	481.290	NaN
854	0854-1405	57527.942	340.710	304	1402	138.814	224.359	NaN
855	0855-1410	141765.286	560.668	1861	1403	120.964	320.513	NaN
856	0856-1412	95537.475	410.457	2024	1408	141.340	320.513	NaN
857	0857-1412	57527.942	340.710	2101	1408	131.186	224.359	NaN
858	0858-1421	626643.655	1292.028	1692	1414	150.255	709.485	NaN
859	0859-1475	12770175.871	4729.384	874	1422	145.771	3814.103	NaN
860	0860-1433	445841.552	1218.370	1042	1448	54.638	632.012	NaN
861	0861-1504	14779544.707	5590.629	1890	1589	80.430	3429.487	NaN
862	0862-1422	50336.949	317.292	2274	1419	135.000	224.359	NaN
863	0863-1500	13301282.051	5272.509	1759	1561	55.151	3525.815	NaN
864	0864-1429	89373.767	435.945	329	1425	143.973	256.410	NaN
865	0865-1506	14670652.531	5605.677	1966	1583	64.607	3967.756	NaN
866	0866-1433	64718.935	362.619	2103	1437	45.000	256.410	NaN
867	0867-1469	7684089.415	4407.838	2372	1476	174.994	2408.831	NaN
868	0868-1445	749917.817	1659.873	281	1452	10.008	802.086	NaN
869	0869-1435	50336.949	317.292	1021	1432	135.000	224.359	NaN
870	0870-1448	221893.491	862.412	137	1440	138.013	473.785	NaN
871	0871-1448	288666.995	771.897	1675	1439	131.634	576.923	NaN
872	0872-1450	193129.520	720.263	834	1461	69.146	352.564	NaN
873	0873-1443	50336.949	317.292	1026	1440	135.000	224.359	NaN
874	0874-1451	192102.235	641.026	2123	1443	126.870	384.615	NaN
875	0875-1460	590688.692	1116.287	1050	1453	140.826	847.322	NaN
876	0876-1450	222920.776	732.286	1696	1455	23.199	416.667	NaN
877	0877-1450	87319.198	435.945	345	1445	126.027	256.410	NaN
878	0878-1450	103755.753	476.477	2150	1455	42.274	320.513	NaN
879	0879-1455	122246.877	506.775	1026	1462	55.305	320.513	NaN
880	0880-1458	214702.498	726.653	801	1451	138.576	498.601	NaN
881	0881-1484	2650394.477	2769.238	2534	1507	37.003	1475.192	NaN
882	0882-1492	3100345.168	2592.788	241	1532	81.469	2051.282	NaN
883	0883-1464	513642.341	1175.893	356	1465	17.447	769.231	NaN
884	0884-1480	1137204.142	1794.013	1730	1507	71.241	1153.846	NaN
885	0885-1459	80128.205	407.946	275	1464	45.000	288.462	NaN
886	0886-1462	70882.643	385.949	823	1458	138.366	256.410	NaN
887	0887-1471	339003.945	821.539	1678	1483	69.444	608.974	NaN
888	0888-1468	280448.718	881.847	2186	1470	19.093	448.718	NaN
889	0889-1480	1309787.968	2044.510	293	1497	13.601	1077.062	NaN
890	0890-1468	64718.935	362.619	2131	1472	45.000	256.410	NaN
891	0891-1492	1056048.652	1763.694	2101	1466	109.093	1138.407	NaN
892	0892-1474	124301.446	500.657	1663	1470	140.194	352.564	NaN
893	0893-1473	50336.949	317.292	843	1470	135.000	224.359	NaN
894	0894-1505	3317102.235	3820.561	2148	1539	30.222	1562.493	NaN
895	0895-1544	9577375.082	4750.731	815	1474	105.255	3682.139	NaN
896	0896-1560	11689472.387	5820.640	1029	1473	106.639	3139.638	NaN
897	0897-1505	2291872.124	2651.747	2271	1493	153.435	1754.695	NaN
898	0898-1479	50336.949	317.292	2167	1476	135.000	224.359	NaN
899	0899-1480	50336.949	317.292	2090	1477	135.000	224.359	NaN
900	0900-1487	563979.290	1259.416	775	1484	165.256	608.974	NaN
901	0901-1510	3291420.118	2666.428	525	1492	154.359	1960.142	NaN
902	0902-1507	1056048.652	1921.206	721	1534	62.152	1021.021	NaN
903	0903-1499	604043.393	1264.300	1410	1483	120.466	801.176	NaN
904	0904-1501	852646.285	1589.046	1612	1519	48.270	820.749	NaN
905	0905-1491	220866.206	838.862	2143	1501	43.452	507.975	NaN
906	0906-1491	138683.432	636.200	708	1499	49.086	385.283	NaN
907	0907-1489	57527.942	340.710	753	1485	131.186	224.359	NaN
908	0908-1566	11882601.907	5227.111	1671	1647	80.826	3662.451	NaN
909	0909-1495	63691.650	362.619	153	1491	135.000	256.410	NaN
910	0910-1496	81155.490	385.949	1390	1492	131.634	288.462	NaN
911	0911-1496	50336.949	317.292	1401	1493	135.000	224.359	NaN
912	0912-1499	114028.600	543.928	2340	1505	45.000	372.678	NaN
913	0913-1503	206484.221	730.882	1097	1494	127.875	430.013	NaN
914	0914-1518	984138.725	1974.994	1360	1499	138.289	1018.139	NaN
915	0915-1532	3523586.456	2666.428	1539	1570	64.359	1819.213	NaN
916	0916-1501	64718.935	362.619	1332	1505	45.000	256.410	NaN
917	0917-1568	15638354.701	5870.987	2127	1611	20.117	3702.386	NaN
918	0918-1571	11491206.443	5689.261	117	1537	146.489	3794.381	NaN
919	0919-1540	1994986.851	2496.299	754	1578	74.358	1582.517	NaN
920	0920-1522	1060157.791	1658.325	1129	1505	138.918	1051.345	NaN
921	0921-1523	540351.742	1246.708	704	1505	107.969	703.051	NaN
922	0922-1595	27898997.370	8632.036	2405	1661	12.437	5729.628	NaN
923	0923-1537	1251232.742	2062.519	1448	1516	134.370	946.375	NaN
924	0924-1522	354413.215	1166.684	2439	1528	20.925	451.678	NaN
925	0925-1558	4701881.986	4019.210	2308	1585	32.296	1874.594	NaN
926	0926-1525	121219.592	551.431	2549	1530	35.538	318.717	NaN
927	0927-1538	749917.817	1276.430	1319	1521	118.496	983.288	NaN
928	0928-1589	9817759.698	4456.857	917	1544	139.667	3346.023	NaN
929	0929-1531	94510.191	431.206	1417	1527	138.013	320.513	NaN
930	0930-1535	71909.928	391.236	2313	1530	124.992	224.359	NaN
931	0931-1544	386259.040	1186.330	628	1556	38.418	602.018	NaN
932	0932-1553	963593.031	1397.451	2106	1573	53.393	1057.692	NaN
933	0933-1537	50336.949	317.292	665	1534	135.000	224.359	NaN
934	0934-1601	12107577.252	5120.688	1116	1543	147.006	3912.615	NaN
935	0935-1554	1127958.580	1924.145	2401	1572	29.982	988.963	NaN
936	0936-1544	50336.949	317.292	523	1541	135.000	224.359	NaN
937	0937-1560	708826.430	1538.795	648	1572	35.676	933.157	NaN
938	0938-1578	2305226.824	2337.108	1357	1614	64.841	1676.837	NaN
939	0939-1622	10833744.247	5014.976	1588	1547	105.191	3304.734	NaN
940	0940-1568	671844.181	1378.578	1307	1548	107.592	688.872	NaN
941	0941-1603	6255136.423	3702.582	1432	1551	131.139	2617.397	NaN
942	0942-1598	10524531.558	5788.518	476	1592	172.363	2855.631	NaN
943	0943-1558	50336.949	317.292	733	1555	135.000	224.359	NaN
944	0944-1561	92455.621	480.769	682	1557	143.130	288.462	NaN
945	0945-1561	50336.949	317.292	1403	1558	135.000	224.359	NaN
946	0946-1567	207511.506	636.200	1505	1575	49.086	512.821	NaN
947	0947-1564	71909.928	385.949	251	1569	48.366	256.410	NaN
948	0948-1587	1395052.597	1634.615	1819	1576	151.928	1318.013	NaN
949	0949-1570	164365.549	660.754	1400	1567	157.166	288.462	NaN
950	0950-1631	15449334.320	5728.130	1945	1631	174.864	3713.335	NaN
951	0951-1632	10328320.184	4176.025	1690	1657	17.879	3542.624	NaN
952	0952-1586	367767.916	1005.920	1523	1572	112.479	576.923	NaN
953	0953-1612	3110618.014	2657.938	680	1644	56.310	1705.012	NaN
954	0954-1583	115055.884	516.811	1413	1576	119.745	256.410	NaN
955	0955-1607	1712483.563	2053.785	1272	1636	67.036	1398.116	NaN
956	0956-1582	70882.643	385.949	1505	1586	41.634	256.410	NaN
957	0957-1604	643080.210	1161.831	877	1588	114.444	833.333	NaN
958	0958-1599	260930.309	951.875	1402	1589	135.000	475.937	NaN
959	0959-1632	6145216.963	3987.906	746	1592	151.169	2581.916	NaN
960	0960-1596	87319.198	431.206	1508	1591	131.987	288.462	NaN
961	0961-1638	3227728.468	3166.433	2366	1684	68.629	1718.684	NaN
962	0962-1618	1189595.661	1571.820	1313	1641	69.717	1184.043	NaN
963	0963-1628	1861439.842	2037.463	1906	1658	70.710	1506.410	NaN
964	0964-1601	50336.949	317.292	2299	1598	135.000	224.359	NaN
965	0965-1607	50336.949	317.292	1842	1604	135.000	224.359	NaN
966	0966-1614	460223.537	1146.702	93	1624	26.565	608.974	NaN
967	0967-1609	73964.497	385.949	2283	1605	138.366	256.410	NaN
968	0968-1629	999547.995	1321.508	1860	1648	67.166	1025.641	NaN
969	0969-1671	5757930.638	3941.786	2297	1732	79.695	2355.617	NaN
970	0970-1615	122246.877	551.431	2320	1610	144.462	316.152	NaN
971	0971-1618	132519.724	516.811	1388	1615	150.255	320.513	NaN
972	0972-1672	10142381.657	4714.045	89	1651	157.620	3183.130	NaN
973	0973-1621	50336.949	317.292	1367	1618	135.000	224.359	NaN
974	0974-1628	105810.322	453.274	2145	1623	135.000	320.513	NaN
975	0975-1658	1288214.990	2030.392	1818	1689	78.158	961.538	NaN
976	0976-1631	64718.935	365.441	2331	1627	127.875	224.359	NaN
977	0977-1681	6766724.195	3368.893	889	1632	111.194	2984.197	NaN
978	0978-1697	15478098.291	5715.203	2118	1664	156.886	4145.617	NaN
979	0979-1643	50336.949	317.292	1371	1640	135.000	224.359	NaN
980	0980-1645	111974.030	544.872	524	1641	151.928	256.410	NaN
981	0981-1719	13174926.036	5302.042	1326	1664	125.900	3960.037	NaN
982	0982-1646	64718.935	365.441	586	1642	127.875	224.359	NaN
983	0983-1649	57527.942	340.710	549	1645	131.186	224.359	NaN
984	0984-1656	306130.835	871.889	601	1647	143.973	641.026	NaN
985	0985-1728	14785708.416	5695.126	1521	1646	114.257	4203.878	NaN
986	0986-1696	7894682.774	3766.537	996	1745	47.759	2950.148	NaN
987	0987-1655	82182.774	410.457	1199	1650	128.660	256.410	NaN
988	0988-1655	50336.949	317.292	1485	1652	135.000	224.359	NaN
989	0989-1671	919419.790	1811.394	658	1669	166.701	1050.881	NaN
990	0990-1665	264012.163	759.825	270	1655	152.354	641.026	NaN
991	0991-1692	3934500.329	2578.684	1832	1709	32.307	2211.538	NaN
992	0992-1674	1509081.197	2181.607	468	1684	10.154	1157.597	NaN
993	0993-1661	57527.942	340.710	662	1658	138.814	224.359	NaN
994	0994-1662	64718.935	365.441	322	1659	142.125	224.359	NaN
995	0995-1691	1397107.166	2402.778	303	1667	133.919	1582.248	NaN
996	0996-1668	292776.134	962.073	741	1661	150.018	485.008	NaN
997	0997-1664	57527.942	340.710	1475	1660	131.186	224.359	NaN
998	0998-1668	100673.899	480.769	459	1674	53.130	288.462	NaN
999	0999-1671	147928.994	577.813	1265	1664	123.690	349.021	NaN
1000	1000-1745	15284968.771	5418.942	1931	1824	46.678	4348.489	NaN
1001	1001-1673	50336.949	317.292	293	1670	135.000	224.359	NaN
1002	1002-1707	5121014.135	3958.041	551	1709	164.501	2268.693	NaN
1003	1003-1678	143819.855	543.928	556	1672	135.000	384.615	NaN
1004	1004-1675	50336.949	317.292	1137	1672	135.000	224.359	NaN
1005	1005-1676	50336.949	317.292	1154	1673	135.000	224.359	NaN
1006	1006-1729	11460387.903	5105.921	1156	1731	9.758	3239.457	NaN
1007	1007-1712	3332511.506	2615.667	2494	1748	53.973	1815.227	NaN
1008	1008-1736	11254930.966	4803.952	745	1699	151.725	3733.451	NaN
1009	1009-1698	1058103.222	1852.608	240	1716	37.266	1103.700	NaN
1010	1010-1747	8104248.849	4581.428	1636	1815	72.072	2429.100	NaN
1011	1011-1807	30088141.026	10122.777	2286	1935	52.332	5389.884	NaN
1012	1012-1708	2275435.569	2519.239	88	1682	143.276	1441.952	NaN
1013	1013-1688	148956.279	632.150	1180	1683	149.534	320.513	NaN
1014	1014-1701	610207.101	1191.084	705	1684	113.806	769.231	NaN
1015	1015-1692	86291.913	435.945	1475	1688	143.973	256.410	NaN
1016	1016-1692	50336.949	317.292	428	1689	135.000	224.359	NaN
1017	1017-1723	4688527.285	4004.871	422	1728	12.479	2115.385	NaN
1018	1018-1736	3910872.781	3268.602	2040	1767	48.180	2150.099	NaN
1019	1019-1696	72937.212	385.949	347	1692	131.634	256.410	NaN
1020	1020-1734	3643778.764	3398.796	2533	1775	51.509	1968.093	NaN
1021	1021-1696	57527.942	340.710	315	1693	138.814	224.359	NaN
1022	1022-1703	71909.928	391.236	686	1698	124.992	224.359	NaN
1023	1023-1733	3326347.798	2453.546	1067	1743	19.855	2052.418	NaN
1024	1024-1704	84237.344	431.206	413	1709	48.013	288.462	NaN
1025	1025-1705	83210.059	407.946	2063	1701	135.000	288.462	NaN
1026	1026-1858	29553952.991	10020.525	1762	2014	86.332	4717.161	NaN
1027	1027-1707	50336.949	317.292	2107	1704	135.000	224.359	NaN
1028	1028-1719	646162.064	1246.708	948	1705	133.958	882.680	NaN
1029	1029-1710	50336.949	317.292	675	1707	135.000	224.359	NaN
1030	1030-1717	50336.949	317.292	2328	1714	135.000	224.359	NaN
1031	1031-1730	407832.018	962.073	29	1717	119.982	822.923	NaN
1032	1032-1724	132519.724	615.685	222	1718	141.340	340.798	NaN
1033	1033-1790	6341428.337	4415.638	1460	1858	80.811	2248.867	NaN
1034	1034-1770	2939061.473	3511.335	556	1725	123.835	1521.971	NaN
1035	1035-1733	135601.578	570.657	2331	1740	51.843	352.564	NaN
1036	1036-1743	277366.864	846.178	416	1731	114.624	506.775	NaN
1037	1037-1735	57527.942	340.710	542	1731	131.186	224.359	NaN
1038	1038-1738	90401.052	435.945	721	1734	143.973	256.410	NaN
1039	1039-1756	908119.658	1596.784	940	1734	128.480	1179.333	NaN
1040	1040-1760	2024778.107	2930.020	133	1740	149.789	1626.032	NaN
1041	1041-1831	16383136.095	5855.832	1871	1740	95.024	4038.116	NaN
1042	1042-1745	57527.942	340.710	57	1741	131.186	224.359	NaN
1043	1043-1828	20727523.011	6282.378	464	1748	126.285	4950.465	NaN
1044	1044-1810	10533777.120	4690.013	1015	1744	111.656	3376.888	NaN
1045	1045-1747	50336.949	317.292	645	1744	135.000	224.359	NaN
1046	1046-1785	3778353.057	2969.547	1303	1749	122.661	1927.847	NaN
1047	1047-1749	87319.198	435.945	103	1753	36.027	256.410	NaN
1048	1048-1749	50336.949	317.292	693	1746	135.000	224.359	NaN
1049	1049-1749	57527.942	340.710	706	1746	138.814	224.359	NaN
1050	1050-1760	366740.631	989.964	2254	1746	119.055	641.026	NaN
1051	1051-1750	50336.949	317.292	2138	1747	135.000	224.359	NaN
1052	1052-1777	1407380.013	1885.313	899	1749	107.819	1113.574	NaN
1053	1053-1779	1057075.937	1928.411	2236	1808	74.578	1055.566	NaN
1054	1054-1791	3524613.741	2736.586	1148	1751	108.435	2025.993	NaN
1055	1055-1781	1405325.444	2240.153	2276	1810	56.083	907.389	NaN
1056	1056-1761	281476.003	918.369	34	1766	29.249	559.467	NaN
1057	1057-1759	130465.155	506.775	2123	1766	55.305	320.513	NaN
1058	1058-1806	6970126.561	3627.322	2125	1855	43.568	3017.888	NaN
1059	1059-1770	861891.847	1763.694	67	1773	19.093	999.438	NaN
1060	1060-1795	2965770.874	2626.250	634	1835	66.251	1564.952	NaN
1061	1061-1775	772518.080	1583.541	700	1755	125.942	968.947	NaN
1062	1062-1783	1231714.333	1768.348	753	1760	136.469	1163.023	NaN
1063	1063-1765	64718.935	365.441	688	1762	142.125	224.359	NaN
1064	1064-1766	71909.928	385.949	742	1770	41.634	256.410	NaN
1065	1065-1781	991329.717	1470.522	125	1773	159.590	1136.783	NaN
1066	1066-1789	1320060.815	2064.262	2587	1807	36.158	1164.813	NaN
1067	1067-1807	1933349.770	2589.022	1362	1773	121.329	1337.593	NaN
1068	1068-1797	976947.732	1573.454	853	1791	146.634	1076.985	NaN
1069	1069-1787	327703.813	862.412	424	1797	48.013	673.077	NaN
1070	1070-1785	73964.497	385.949	35	1781	138.366	256.410	NaN
1071	1071-1786	93482.906	455.534	4	1791	39.289	288.462	NaN
1072	1072-1851	11009409.928	5258.755	2469	1908	45.988	3080.239	NaN
1073	1073-1813	2158325.115	2878.912	123	1800	168.440	1789.782	NaN
1074	1074-1824	1498808.350	2425.120	203	1787	97.595	1355.125	NaN
1075	1075-1878	14120027.942	5808.361	2033	1788	96.654	3364.555	NaN
1076	1076-1808	327703.813	1197.535	30	1826	74.476	448.535	NaN
1077	1077-1847	8661037.147	3886.672	1227	1904	68.725	3283.891	NaN
1078	1078-1798	121219.592	545.814	16	1792	130.236	352.003	NaN
1079	1079-1800	71909.928	391.236	743	1795	124.992	224.359	NaN
1080	1080-1829	3700279.421	2684.092	907	1850	11.712	2100.625	NaN
1081	1081-1809	544460.881	1404.783	52	1822	34.778	722.943	NaN
1082	1082-1802	100673.899	455.534	684	1808	50.711	320.513	NaN
1083	1083-1803	86291.913	417.898	96	1798	122.471	256.410	NaN
1084	1084-1885	12229824.129	6330.027	1116	1800	122.805	3315.563	NaN
1085	1085-1804	50336.949	317.292	6	1801	135.000	224.359	NaN
1086	1086-1845	1990877.712	3069.067	388	1802	114.692	1358.945	NaN
1087	1087-1854	5523709.730	3718.501	683	1810	125.882	2204.197	NaN
1088	1088-1830	1672419.461	1796.016	1515	1808	124.824	1347.374	NaN
1089	1089-1848	3894436.226	2679.495	1685	1890	83.130	2006.830	NaN
1090	1090-1843	2806541.749	2503.285	1946	1868	50.194	1824.391	NaN
1091	1091-1815	82182.774	407.946	254	1820	45.000	288.462	NaN
1092	1092-1841	1775147.929	1982.262	843	1871	67.166	1438.491	NaN
1093	1093-1817	94510.191	435.945	275	1822	36.027	288.462	NaN
1094	1094-1851	2955498.028	2518.831	778	1813	104.744	1666.667	NaN
1095	1095-1821	104783.037	435.945	114	1827	53.973	320.513	NaN
1096	1096-1826	416050.296	1148.939	2255	1831	22.989	576.923	NaN
1097	1097-1877	8617891.190	4216.419	1567	1830	133.768	2823.375	NaN
1098	1098-1835	241411.900	853.431	2206	1844	34.287	476.142	NaN
1099	1099-1832	50336.949	317.292	452	1829	135.000	224.359	NaN
1100	1100-1847	490014.793	1176.767	172	1830	119.358	694.399	NaN
1101	1101-1836	72937.212	385.949	153	1832	131.634	256.410	NaN
1102	1102-1848	345167.653	1003.364	874	1862	63.435	598.321	NaN
1103	1103-1844	308185.404	862.412	286	1835	138.013	547.997	NaN
1104	1104-1847	279421.433	898.008	266	1836	124.824	525.641	NaN
1105	1105-1841	91428.337	453.274	379	1836	135.000	320.513	NaN
1106	1106-1840	81155.490	410.457	392	1844	38.660	256.410	NaN
1107	1107-1901	10021162.064	4654.062	1282	1944	36.317	3510.176	NaN
1108	1108-1842	96564.760	431.206	433	1847	41.987	320.513	NaN
1109	1109-1845	177720.250	615.685	329	1852	38.660	430.893	NaN
1110	1110-1862	740672.255	1737.286	356	1841	127.504	870.812	NaN
1111	1111-1902	7545405.983	4157.411	2190	1960	62.447	2970.831	NaN
1112	1112-1888	4610453.649	3199.033	615	1853	127.674	2579.503	NaN
1113	1113-1875	2433637.410	2656.199	973	1859	160.253	1689.555	NaN
1114	1114-1894	5989069.691	4488.324	47	1851	155.082	2553.988	NaN
1115	1115-1919	6644477.318	5666.645	1485	1853	134.083	1895.438	NaN
1116	1116-1862	160256.410	702.939	391	1870	46.848	362.619	NaN
1117	1117-1859	72937.212	385.949	1284	1863	41.634	256.410	NaN
1118	1118-1863	126356.016	545.814	290	1869	40.236	379.276	NaN
1119	1119-1911	5404544.707	3983.266	2375	1964	55.159	2198.377	NaN
1120	1120-1863	50336.949	317.292	217	1860	135.000	224.359	NaN
1121	1121-1866	170529.257	641.026	267	1872	36.870	384.615	NaN
1122	1122-1867	172583.826	604.742	1419	1871	32.005	384.615	NaN
1123	1123-1865	64718.935	365.441	2193	1862	142.125	224.359	NaN
1124	1124-1867	71909.928	391.236	889	1864	145.008	224.359	NaN
1125	1125-1869	72937.212	385.949	252	1873	41.634	256.410	NaN
1126	1126-1872	89373.767	431.206	875	1868	138.013	288.462	NaN
1127	1127-1957	13834442.801	6043.515	2115	2045	69.835	3348.309	NaN
1128	1128-1878	261957.594	820.913	193	1870	141.340	493.656	NaN
1129	1129-1972	14383012.821	6365.226	1932	1874	99.273	3709.125	NaN
1130	1130-1883	312294.543	931.695	243	1892	26.565	544.872	NaN
1131	1131-1990	21623315.253	7626.656	319	1875	104.854	4451.044	NaN
1132	1132-1914	3905736.358	2702.400	899	1948	56.121	1931.631	NaN
1133	1133-1888	109919.461	521.757	847	1894	47.490	352.564	NaN
1134	1134-1952	9794132.150	4584.118	1390	1887	110.462	3369.721	NaN
1135	1135-1891	132519.724	567.045	755	1898	47.291	384.615	NaN
1136	1136-1898	238330.046	788.357	874	1887	116.565	448.718	NaN
1137	1137-1897	187993.097	645.020	453	1906	63.435	416.667	NaN
1138	1138-1982	14525805.391	6452.425	1450	1889	110.956	3381.746	NaN
1139	1139-1895	107864.892	476.477	216	1890	132.274	320.513	NaN
1140	1140-1894	84237.344	435.945	276	1898	36.027	256.410	NaN
1141	1141-1896	155119.987	545.814	416	1902	40.236	384.615	NaN
1142	1142-2039	39557651.216	9650.630	2495	2181	74.394	7592.981	NaN
1143	1143-1936	6389710.717	3674.173	998	1909	141.730	2555.893	NaN
1144	1144-1903	146901.709	615.685	198	1897	141.340	384.615	NaN
1145	1145-1912	168474.688	688.170	277	1922	62.241	330.890	NaN
1146	1146-1929	1791584.484	1894.011	778	1915	156.038	1517.103	NaN
1147	1147-1934	1445389.546	1884.495	697	1959	48.447	1474.359	NaN
1148	1148-1928	1179322.814	1662.037	1241	1909	129.523	1136.141	NaN
1149	1149-1925	1065294.214	1717.961	210	1919	171.416	1089.744	NaN
1150	1150-1915	179774.819	685.927	848	1921	37.405	425.691	NaN
1151	1151-1919	228057.199	759.825	967	1930	62.354	480.769	NaN
1152	1152-1916	79100.920	410.457	590	1912	141.340	256.410	NaN
1153	1153-1918	99646.614	455.534	417	1924	50.711	288.462	NaN
1154	1154-1923	127383.300	525.680	577	1919	142.431	352.564	NaN
1155	1155-1930	273257.725	782.472	161	1920	124.992	641.026	NaN
1156	1156-1946	1917940.500	1866.695	485	1951	15.945	1684.587	NaN
1157	1157-1927	72937.212	385.949	2	1931	41.634	256.410	NaN
1158	1158-1928	116083.169	521.757	465	1934	42.510	352.564	NaN
1159	1159-1952	1623109.796	1946.967	735	1970	20.225	1563.794	NaN
1160	1160-1946	811554.898	1440.526	955	1925	110.854	972.588	NaN
1161	1161-1930	50336.949	317.292	875	1927	135.000	224.359	NaN
1162	1162-1956	2210716.634	1953.814	1840	1980	48.991	1576.715	NaN
1163	1163-1947	607125.247	1456.836	68	1962	39.644	865.636	NaN
1164	1164-1936	72937.212	385.949	567	1932	138.366	256.410	NaN
1165	1165-2027	15486316.568	6737.253	2255	2121	64.044	3160.583	NaN
1166	1166-2016	14412804.076	5973.933	1630	1944	123.179	4587.561	NaN
1167	1167-1938	71909.928	385.949	50	1942	41.634	256.410	NaN
1168	1168-1940	95537.475	435.945	421	1935	126.027	288.462	NaN
1169	1169-1942	178747.535	693.375	591	1935	146.310	448.287	NaN
1170	1170-1940	64718.935	365.441	466	1936	127.875	224.359	NaN
1171	1171-1968	2230235.043	2648.064	621	1936	141.882	1531.508	NaN
1172	1172-1942	126356.016	525.680	11	1947	37.569	320.513	NaN
1173	1173-1940	50336.949	317.292	63	1937	135.000	224.359	NaN
1174	1174-1943	122246.877	506.775	247	1937	124.695	320.513	NaN
1175	1175-1944	65746.220	362.619	105	1940	135.000	256.410	NaN
1176	1176-1964	1210141.354	1742.894	180	1941	122.229	1359.157	NaN
1177	1177-1946	94510.191	455.534	551	1951	39.289	288.462	NaN
1178	1178-1949	50336.949	317.292	1440	1946	135.000	224.359	NaN
1179	1179-1952	64718.935	362.619	162	1956	45.000	256.410	NaN
1180	1180-1954	85264.629	431.206	839	1949	131.987	288.462	NaN
1181	1181-1965	695471.729	1671.590	858	1951	147.529	773.921	NaN
1182	1182-1988	2101824.458	2397.856	1105	1971	142.058	1675.732	NaN
1183	1183-1960	50336.949	317.292	148	1957	135.000	224.359	NaN
1184	1184-2036	16163297.173	6153.930	503	2111	48.589	4133.184	NaN
1185	1185-1968	207511.506	846.178	266	1958	127.304	406.474	NaN
1186	1186-1966	133547.009	615.685	479	1959	128.660	365.743	NaN
1187	1187-2037	13394764.957	5967.825	973	1971	132.170	3672.303	NaN
1188	1188-2012	5220660.750	3435.921	1252	1969	126.656	2293.472	NaN
1189	1189-1991	1664201.183	2153.169	1161	1967	134.397	1316.645	NaN
1190	1190-1974	123274.162	498.601	237	1979	45.000	352.564	NaN
1191	1191-1973	72937.212	385.949	443	1978	48.366	256.410	NaN
1192	1192-1975	145874.425	660.754	803	1969	140.906	377.545	NaN
1193	1193-1973	72937.212	385.949	913	1977	41.634	256.410	NaN
1194	1194-2056	15562335.634	6063.201	2171	2140	63.299	3730.997	NaN
1195	1195-1978	119165.023	500.657	87	1984	50.194	352.564	NaN
1196	1196-1981	214702.498	731.584	485	1988	28.811	416.667	NaN
1197	1197-1984	129437.870	570.657	715	1991	51.843	352.564	NaN
1198	1198-1982	87319.198	407.946	780	1986	45.000	288.462	NaN
1199	1199-1989	511587.771	1161.389	256	1978	140.599	721.855	NaN
1200	1200-1982	57527.942	340.710	134	1979	138.814	224.359	NaN
1201	1201-1993	432486.851	946.463	1215	1981	151.699	758.871	NaN
1202	1202-1986	79100.920	365.441	701	1982	127.875	288.462	NaN
1203	1203-1987	104783.037	462.250	241	1983	146.310	288.462	NaN
1204	1204-1989	90401.052	453.274	766	1994	45.000	317.292	NaN
1205	1205-1990	129437.870	543.928	1057	1984	135.000	384.615	NaN
1206	1206-1987	57527.942	340.710	1097	1984	138.814	224.359	NaN
1207	1207-2039	4369041.749	3669.697	1786	2091	64.106	1928.463	NaN
1208	1208-1988	57527.942	340.710	286	1985	138.814	224.359	NaN
1209	1209-2062	13117398.093	5581.802	1872	1985	119.214	3867.717	NaN
1210	1210-1993	164365.549	660.754	182	2000	39.094	386.865	NaN
1211	1211-2021	2287762.985	3000.178	1992	2055	40.668	1146.578	NaN
1212	1212-1992	115055.884	489.242	430	1989	148.392	288.462	NaN
1213	1213-2069	3984837.278	5280.783	434	2150	77.735	1931.889	NaN
1214	1214-1993	57527.942	340.710	151	1990	138.814	224.359	NaN
1215	1215-1996	50336.949	317.292	732	1993	135.000	224.359	NaN
1216	1216-2059	13737878.041	4641.353	731	2049	166.827	4081.128	NaN
1217	1217-2021	1245069.034	2097.340	206	2004	141.203	1280.492	NaN
1218	1218-2004	219838.922	831.482	921	1998	152.447	380.134	NaN
1219	1219-2009	269148.586	815.892	899	2000	135.000	576.923	NaN
1220	1220-2007	103755.753	435.945	725	2002	126.027	320.513	NaN
1221	1221-2006	57527.942	340.710	273	2003	138.814	224.359	NaN
1222	1222-2007	50336.949	317.292	1234	2004	135.000	224.359	NaN
1223	1223-2013	109919.461	480.769	862	2019	53.130	320.513	NaN
1224	1224-2013	89373.767	435.945	168	2019	53.973	256.410	NaN
1225	1225-2073	8277859.961	5422.353	1339	2013	132.365	2603.651	NaN
1226	1226-2017	132519.724	516.811	701	2024	60.255	320.513	NaN
1227	1227-2073	11581607.495	5054.763	1967	2079	167.550	3899.511	NaN
1228	1228-2016	96564.760	431.206	277	2011	131.987	320.513	NaN
1229	1229-2016	88346.483	410.457	923	2011	128.660	288.462	NaN
1230	1230-2078	3149654.832	4372.387	1730	2017	115.626	1444.997	NaN
1231	1231-2024	50336.949	317.292	197	2021	135.000	224.359	NaN
1232	1232-2049	823882.314	2067.246	480	2077	60.255	648.672	NaN
1233	1233-2028	210593.360	666.944	922	2023	144.782	416.667	NaN
1234	1234-2041	1413543.721	1992.858	1209	2029	152.199	1215.849	NaN
1235	1235-2025	50336.949	317.292	2480	2022	135.000	224.359	NaN
1236	1236-2029	72937.212	385.949	1156	2025	138.366	256.410	NaN
1237	1237-2033	126356.016	544.872	465	2041	61.928	288.462	NaN
1238	1238-2035	159229.126	660.754	945	2027	129.094	395.603	NaN
1239	1239-2112	15047666.009	5991.533	1124	2031	123.435	3847.111	NaN
1240	1240-2040	239357.331	761.850	261	2051	67.751	430.610	NaN
1241	1241-2095	15457552.597	6814.573	532	2143	24.154	3806.207	NaN
1242	1242-2035	72937.212	385.949	887	2031	138.366	256.410	NaN
1243	1243-2036	57527.942	340.710	287	2032	131.186	224.359	NaN
1244	1244-2045	380095.332	841.308	159	2055	49.635	641.026	NaN
1245	1245-2036	50336.949	317.292	277	2033	135.000	224.359	NaN
1246	1246-2043	57527.942	340.710	226	2040	138.814	224.359	NaN
1247	1247-2047	147928.994	567.045	288	2041	137.291	384.615	NaN
1248	1248-2047	50336.949	317.292	1122	2044	135.000	224.359	NaN
1249	1249-2054	123274.162	506.775	453	2048	124.695	352.564	NaN
1250	1250-2055	155119.987	634.583	878	2062	45.000	407.946	NaN
1251	1251-2061	335922.091	888.809	1317	2049	115.641	705.128	NaN
1252	1252-2056	63691.650	362.619	2101	2052	135.000	256.410	NaN
1253	1253-2057	97592.045	455.534	960	2062	39.289	288.462	NaN
1254	1254-2125	15629109.139	7959.567	1541	2072	149.511	3253.612	NaN
1255	1255-2073	760190.664	1416.797	302	2092	52.352	1038.496	NaN
1256	1256-2105	10513231.427	4562.779	183	2066	148.208	3014.656	NaN
1257	1257-2065	57527.942	340.710	117	2061	131.186	224.359	NaN
1258	1258-2064	50336.949	317.292	155	2061	135.000	224.359	NaN
1259	1259-2078	488987.508	1432.301	142	2095	49.538	588.043	NaN
1260	1260-2068	140738.001	636.200	333	2061	130.914	365.233	NaN
1261	1261-2129	18082264.957	6882.075	824	2126	161.818	4391.026	NaN
1262	1262-2066	57527.942	340.710	1242	2063	138.814	224.359	NaN
1263	1263-2069	80128.205	431.206	466	2065	138.013	288.462	NaN
1264	1264-2132	8362097.304	4510.585	1275	2065	107.791	2719.578	NaN
1265	1265-2081	634861.933	1519.650	9	2069	152.354	844.280	NaN
1266	1266-2071	64718.935	362.619	63	2075	45.000	256.410	NaN
1267	1267-2078	254766.601	907.114	100	2071	147.995	480.769	NaN
1268	1268-2087	868055.556	1289.243	1469	2104	55.125	993.590	NaN
1269	1269-2078	88346.483	476.477	50	2083	42.274	314.103	NaN
1270	1270-2091	597879.684	1407.340	325	2105	30.069	729.756	NaN
1271	1271-2089	186965.812	716.688	986	2079	116.565	416.667	NaN
1272	1272-2088	87319.198	431.206	63	2093	48.013	288.462	NaN
1273	1273-2141	9091469.428	4333.447	1321	2093	150.781	3506.488	NaN
1274	1274-2141	13076306.706	5137.512	2316	2197	9.697	3621.795	NaN
1275	1275-2100	243466.469	681.420	125	2108	48.814	512.821	NaN
1276	1276-2102	213675.214	716.688	431	2092	116.565	416.667	NaN
1277	1277-2109	343113.083	983.196	484	2124	70.974	608.974	NaN
1278	1278-2100	141765.286	602.189	101	2104	25.201	288.462	NaN
1279	1279-2102	81155.490	407.946	70	2107	45.000	288.462	NaN
1280	1280-2102	57527.942	340.710	315	2099	138.814	224.359	NaN
1281	1281-2104	71909.928	391.236	1537	2099	124.992	224.359	NaN
1282	1282-2144	5626438.199	4352.607	1006	2107	143.383	2229.480	NaN
1283	1283-2109	149983.563	567.045	1105	2115	42.709	384.615	NaN
1284	1284-2151	7493014.464	3640.044	327	2196	50.001	3044.872	NaN
1285	1285-2151	8330251.479	4703.573	1462	2150	162.553	2980.769	NaN
1286	1286-2119	215729.783	761.850	156	2130	67.751	373.139	NaN
1287	1287-2114	64718.935	362.619	493	2118	45.000	256.410	NaN
1288	1288-2116	97592.045	462.250	104	2112	146.310	256.410	NaN
1289	1289-2116	71909.928	385.949	126	2120	41.634	256.410	NaN
1290	1290-2140	1159804.405	1949.603	507	2113	117.408	969.748	NaN
1291	1291-2150	3137327.416	2347.633	2280	2179	57.829	1909.953	NaN
1292	1292-2158	8434007.232	4522.071	694	2156	163.106	2532.051	NaN
1293	1293-2123	57527.942	340.710	1111	2119	131.186	224.359	NaN
1294	1294-2137	340031.229	1084.546	1807	2153	71.030	471.405	NaN
1295	1295-2126	80128.205	407.946	464	2122	135.000	288.462	NaN
1296	1296-2126	71909.928	391.236	1842	2123	145.008	224.359	NaN
1297	1297-2127	50336.949	317.292	456	2124	135.000	224.359	NaN
1298	1298-2129	121219.592	476.477	1754	2125	137.726	352.564	NaN
1299	1299-2161	5474400.066	3654.408	2082	2156	158.385	2371.795	NaN
1300	1300-2138	270175.871	931.695	486	2128	139.185	624.140	NaN
1301	1301-2162	3383875.740	2482.889	2203	2193	50.763	1860.928	NaN
1302	1302-2136	50336.949	317.292	1713	2133	135.000	224.359	NaN
1303	1303-2168	4853920.118	3894.593	1833	2168	166.192	1923.077	NaN
1304	1304-2169	1675501.315	2667.198	413	2198	32.735	1902.439	NaN
1305	1305-2149	79100.920	410.457	1309	2144	128.660	256.410	NaN
1306	1306-2150	90401.052	435.945	228	2146	143.973	256.410	NaN
1307	1307-2172	1136176.857	1912.900	1955	2147	121.293	1007.743	NaN
1308	1308-2158	254766.601	705.856	486	2150	129.472	544.872	NaN
1309	1309-2175	5414817.554	5022.652	161	2169	169.335	1502.293	NaN
1310	1310-2179	5255588.429	5518.780	519	2198	2.663	1250.000	NaN
1311	1311-2182	855728.139	1351.105	1786	2196	22.306	1025.641	NaN
1312	1312-2182	597879.684	1346.535	2036	2196	38.234	843.685	NaN
1313	1313-2175	94510.191	431.206	481	2171	131.987	288.462	NaN
1314	1314-2175	116083.169	489.242	509	2172	148.392	320.513	NaN
1315	1315-2176	95537.475	453.274	2008	2171	135.000	320.513	NaN
1316	1316-2178	139710.717	525.680	494	2172	127.569	416.667	NaN
1317	1317-2180	64718.935	362.619	1997	2184	45.000	256.410	NaN
1318	1318-2188	525969.757	1233.037	1053	2180	152.103	608.974	NaN
1319	1319-2188	291748.849	803.842	1424	2187	156.501	544.872	NaN
1320	1320-2189	319485.536	865.978	1449	2180	141.009	576.923	NaN
1321	1321-2188	94510.191	445.271	2545	2182	120.256	256.410	NaN
1322	1322-2191	137656.147	516.811	1041	2184	119.745	352.564	NaN
1323	1323-2191	343113.083	1026.142	2254	2190	165.530	448.718	NaN
1324	1324-2190	57527.942	340.710	144	2187	138.814	224.359	NaN
1325	1325-2191	72937.212	385.949	507	2195	41.634	256.410	NaN
1326	1326-2192	123274.162	506.775	1992	2197	34.695	320.513	NaN
1327	1327-2192	199293.228	716.688	2474	2197	26.565	320.513	NaN
1328	1328-2193	84237.344	431.206	496	2198	48.013	288.462	NaN
1329	1329-2192	89373.767	410.457	2522	2188	141.340	288.462	NaN
