 	Label	Area	Feret	FeretX	FeretY	FeretAngle	MinFeret	Perinuclei
1	0001-0061	5041913.215	3958.041	1356	117	68.629	2294.365	NaN
2	0002-0070	8399079.553	4469.402	1445	139	79.254	2811.125	NaN
3	0003-0014	226002.630	764.542	2158	8	146.976	416.667	NaN
4	0004-0038	931747.206	1897.533	1260	10	105.680	801.282	NaN
5	0005-0056	4946375.740	3342.720	1186	98	55.548	2690.312	NaN
6	0006-0069	5604865.220	3292.558	2210	36	131.448	2861.692	NaN
7	0007-0066	3048980.934	3830.765	1713	23	136.017	1999.550	NaN
8	0008-0032	84237.344	431.206	852	28	138.013	288.462	NaN
9	0009-0032	64718.935	362.619	2317	36	45.000	256.410	NaN
10	0010-0036	50336.949	317.292	839	33	135.000	224.359	NaN
11	0011-0038	64718.935	362.619	700	42	45.000	256.410	NaN
12	0012-0047	166420.118	716.688	863	37	116.565	350.742	NaN
13	0013-0042	64718.935	365.441	2330	38	127.875	224.359	NaN
14	0014-0082	3855399.408	2819.420	91	48	139.611	2140.193	NaN
15	0015-0187	40345578.567	11005.544	2174	44	124.199	7143.403	NaN
16	0016-0087	3701306.706	3425.891	1597	54	137.654	2014.458	NaN
17	0017-0048	57527.942	340.710	1675	45	138.814	224.359	NaN
18	0018-0052	133547.009	525.680	1993	58	37.569	352.564	NaN
19	0019-0057	136628.863	533.440	2013	50	122.735	320.513	NaN
20	0020-0055	71909.928	385.949	1403	60	48.366	256.410	NaN
21	0021-0062	304076.266	931.695	148	53	139.185	516.911	NaN
22	0022-0074	513642.341	1334.273	1678	55	114.102	627.639	NaN
23	0023-0191	22657790.927	8581.667	920	58	94.284	4218.938	NaN
24	0024-0076	1094058.185	1686.884	1968	77	165.700	1065.976	NaN
25	0025-0065	86291.913	410.457	1717	70	51.340	288.462	NaN
26	0026-0159	9294871.795	6125.821	1481	252	75.455	2270.859	NaN
27	0027-0074	57527.942	340.710	695	70	131.186	224.359	NaN
28	0028-0127	4944321.170	3638.068	1727	72	104.281	2682.706	NaN
29	0029-0170	10846071.663	6291.855	1550	267	81.209	2533.040	NaN
30	0030-0082	64718.935	365.441	981	78	127.875	224.359	NaN
31	0031-0093	81155.490	410.457	1828	97	38.660	256.410	NaN
32	0032-0098	269148.586	827.147	1891	105	35.538	512.821	NaN
33	0033-0142	4619699.211	3464.060	2095	190	67.706	2275.641	NaN
34	0034-0095	50336.949	317.292	89	92	135.000	224.359	NaN
35	0035-0118	735535.832	1642.452	1811	143	72.979	865.538	NaN
36	0036-0160	5003903.682	4030.950	1943	98	99.612	1955.128	NaN
37	0037-0105	120192.308	543.928	1833	111	45.000	346.154	NaN
38	0038-0249	20572403.024	9912.711	745	395	71.917	3868.388	NaN
39	0039-0156	2052514.793	3604.166	1853	212	80.789	861.220	NaN
40	0040-0136	3587278.107	2817.962	1997	164	33.871	2126.156	NaN
41	0041-0121	478714.661	1173.707	130	136	55.008	660.006	NaN
42	0042-0109	50336.949	317.292	1783	106	135.000	224.359	NaN
43	0043-0202	20516929.652	7228.683	1177	297	55.112	5491.492	NaN
44	0044-0139	2087442.472	2436.741	995	109	144.638	1435.202	NaN
45	0045-0134	2002177.844	2020.248	1200	159	48.215	1602.564	NaN
46	0046-0120	272230.440	976.907	1880	132	48.991	566.592	NaN
47	0047-0126	321540.105	902.572	1915	113	106.504	480.769	NaN
48	0048-0117	50336.949	317.292	613	114	135.000	224.359	NaN
49	0049-0177	6582840.237	3955.315	1335	116	94.648	2378.135	NaN
50	0050-0126	340031.229	911.069	1611	117	140.711	593.404	NaN
51	0051-0128	214702.498	803.842	1826	117	113.499	336.607	NaN
52	0052-0152	2083333.333	2279.250	2638	184	64.156	1633.451	NaN
53	0053-0129	57527.942	340.710	1048	126	138.814	224.359	NaN
54	0054-0130	101701.183	462.250	1896	127	146.310	288.462	NaN
55	0055-0197	7855645.957	4564.580	1092	267	77.428	2897.975	NaN
56	0056-0141	190047.666	759.825	1934	131	117.646	352.564	NaN
57	0057-0201	9031886.917	4494.728	1376	264	66.909	2781.710	NaN
58	0058-0164	1862467.127	2024.058	2600	195	79.046	1553.716	NaN
59	0059-0179	3575977.975	3033.379	1679	134	105.945	1988.178	NaN
60	0060-0175	2072033.202	2558.688	1624	214	77.705	1240.161	NaN
61	0061-0175	3944773.176	2744.645	418	204	47.366	2243.819	NaN
62	0062-0143	213675.214	745.494	1876	149	25.463	352.564	NaN
63	0063-0231	10423857.659	5934.423	28	140	102.160	3061.076	NaN
64	0064-0143	50336.949	317.292	2673	140	135.000	224.359	NaN
65	0065-0145	80128.205	391.236	1618	142	145.008	256.410	NaN
66	0066-0145	64718.935	362.619	1915	149	45.000	256.410	NaN
67	0067-0146	50336.949	317.292	1827	143	135.000	224.359	NaN
68	0068-0147	83210.059	407.946	1905	143	135.000	288.462	NaN
69	0069-0155	105810.322	500.657	670	150	140.194	320.513	NaN
70	0070-0187	1826512.163	2474.392	1877	224	73.443	1282.051	NaN
71	0071-0165	386259.040	1026.142	1903	178	51.340	619.408	NaN
72	0072-0164	141765.286	616.519	1615	173	62.103	288.462	NaN
73	0073-0173	248602.893	703.670	2557	164	120.069	512.821	NaN
74	0074-0256	8997986.522	5714.124	848	345	86.785	2489.104	NaN
75	0075-0175	91428.337	453.274	685	180	45.000	320.513	NaN
76	0076-0189	1064266.930	1416.797	1995	172	127.648	1153.846	NaN
77	0077-0218	1992932.281	3182.613	2027	265	71.200	1137.286	NaN
78	0078-0184	116083.169	544.872	1915	192	61.928	256.410	NaN
79	0079-0194	447896.121	1134.090	2127	207	47.291	675.596	NaN
80	0080-0203	961538.462	1644.640	676	224	56.929	1089.744	NaN
81	0081-0186	77046.351	407.946	1790	191	45.000	288.462	NaN
82	0082-0186	57527.942	340.710	7	183	138.814	224.359	NaN
83	0083-0216	1754602.235	1946.967	2544	188	110.225	1366.130	NaN
84	0084-0205	274285.010	888.809	1907	218	64.359	502.862	NaN
85	0085-0268	5866822.814	4816.338	2418	193	93.434	2009.525	NaN
86	0086-0229	2152161.407	2566.105	2637	194	117.525	1420.659	NaN
87	0087-0205	64718.935	365.441	189	201	127.875	224.359	NaN
88	0088-0251	2552802.433	3166.433	983	297	68.629	1374.095	NaN
89	0089-0212	50336.949	317.292	1283	209	135.000	224.359	NaN
90	0090-0313	14916173.570	6874.309	2147	213	111.901	3958.886	NaN
91	0091-0218	50336.949	317.292	2404	215	135.000	224.359	NaN
92	0092-0220	88346.483	410.457	1982	225	38.660	288.462	NaN
93	0093-0286	6010642.669	4475.488	2071	218	101.149	2358.211	NaN
94	0094-0253	2453155.819	2424.484	2587	288	65.807	1625.036	NaN
95	0095-0228	221893.491	745.494	1629	234	25.463	472.666	NaN
96	0096-0285	7629643.327	3944.392	1936	231	114.482	2688.729	NaN
97	0097-0237	257848.455	761.850	1704	241	22.249	448.718	NaN
98	0098-0272	1866576.266	2757.156	1046	231	107.592	1155.282	NaN
99	0099-0238	101701.183	500.657	2612	232	129.806	320.513	NaN
100	0100-0241	179774.819	634.583	1650	248	45.000	448.718	NaN
101	0101-0261	2416173.570	2291.835	1860	236	132.166	1681.249	NaN
102	0102-0240	50336.949	317.292	1608	237	135.000	224.359	NaN
103	0103-0242	57527.942	340.710	1671	238	131.186	224.359	NaN
104	0104-0241	50336.949	317.292	2528	238	135.000	224.359	NaN
105	0105-0245	132519.724	525.680	1626	239	127.569	352.564	NaN
106	0106-0302	8229577.581	3960.117	1290	363	78.326	3256.623	NaN
107	0107-0246	108892.176	516.811	2538	242	150.255	256.410	NaN
108	0108-0262	277366.864	865.978	2205	273	51.009	622.260	NaN
109	0109-0257	50336.949	317.292	2523	254	135.000	224.359	NaN
110	0110-0327	12059294.872	4977.864	1672	397	61.125	4133.889	NaN
111	0111-0266	115055.884	590.996	2123	273	49.399	353.517	NaN
112	0112-0294	2574375.411	2613.506	1428	328	56.505	1670.336	NaN
113	0113-0311	3506122.617	3187.774	1492	358	74.846	1794.872	NaN
114	0114-0320	4560116.700	3601.885	2536	375	78.190	1698.718	NaN
115	0115-0344	10366329.717	5169.903	1097	423	76.739	3002.921	NaN
116	0116-0273	123274.162	500.657	628	268	140.194	320.513	NaN
117	0117-0322	3948882.314	3329.170	1352	370	66.150	1862.305	NaN
118	0118-0291	651298.488	1264.300	1583	309	59.534	865.385	NaN
119	0119-0316	1905613.083	2534.484	1559	278	103.158	1076.977	NaN
120	0120-0319	1763847.798	2705.250	1820	360	76.293	1152.862	NaN
121	0121-0322	3707470.414	2772.204	2494	280	100.660	2073.929	NaN
122	0122-0286	95537.475	498.601	1486	292	45.000	339.744	NaN
123	0123-0284	50336.949	317.292	1528	281	135.000	224.359	NaN
124	0124-0308	1201923.077	1666.975	1862	285	127.972	1341.908	NaN
125	0125-0332	3555432.281	3085.092	1758	288	113.902	1698.718	NaN
126	0126-0365	10019107.495	4931.837	1170	433	64.601	3304.175	NaN
127	0127-0338	2132642.998	2634.647	2023	379	80.194	1754.372	NaN
128	0128-0367	11309377.055	4495.071	967	317	141.659	3732.040	NaN
129	0129-0317	205456.936	616.519	1585	319	27.897	448.718	NaN
130	0130-0338	1085839.908	1815.642	1897	365	69.326	988.615	NaN
131	0131-0318	97592.045	453.274	319	323	45.000	320.513	NaN
132	0132-0391	11001191.650	4579.746	1354	401	32.133	3950.940	NaN
133	0133-0333	104783.037	453.274	806	339	45.000	320.513	NaN
134	0134-0371	5874013.807	3199.033	862	387	24.254	2692.308	NaN
135	0135-0333	57527.942	340.710	1880	330	138.814	224.359	NaN
136	0136-0334	72937.212	385.949	1951	339	48.366	256.410	NaN
137	0137-0400	14323430.309	5531.609	2239	420	11.701	4362.327	NaN
138	0138-0338	121219.592	521.757	1584	332	132.510	352.564	NaN
139	0139-0345	178747.535	570.657	295	339	128.157	416.667	NaN
140	0140-0346	160256.410	545.814	2044	339	130.236	416.667	NaN
141	0141-0343	50336.949	317.292	147	340	135.000	224.359	NaN
142	0142-0366	2158325.115	2110.766	794	390	48.077	1634.966	NaN
143	0143-0348	57527.942	340.710	2056	344	131.186	224.359	NaN
144	0144-0351	70882.643	385.949	2440	347	138.366	256.410	NaN
145	0145-0351	50336.949	317.292	2377	348	135.000	224.359	NaN
146	0146-0373	917365.220	1583.541	1942	354	125.942	1185.897	NaN
147	0147-0426	10890244.905	4726.342	1594	355	104.130	3316.791	NaN
148	0148-0358	77046.351	407.946	2035	354	135.000	288.462	NaN
149	0149-0409	5265861.275	3601.315	1493	450	57.724	2128.456	NaN
150	0150-0437	7683062.130	5350.261	1834	518	77.546	2286.824	NaN
151	0151-0358	50336.949	317.292	1918	355	135.000	224.359	NaN
152	0152-0390	2528147.600	2539.950	1279	416	42.955	1808.228	NaN
153	0153-0388	1197813.938	1912.900	1981	418	81.327	1180.739	NaN
154	0154-0364	109919.461	498.601	2449	359	135.000	352.564	NaN
155	0155-0414	7016354.372	4415.638	2417	360	129.699	2788.955	NaN
156	0156-0475	32384122.288	11695.556	2098	369	144.481	4636.498	NaN
157	0157-0367	69855.358	385.949	1911	371	41.634	256.410	NaN
158	0158-0373	123274.162	498.601	2396	368	135.000	352.564	NaN
159	0159-0374	147928.994	560.668	2379	378	30.964	352.564	NaN
160	0160-0443	13084524.984	4988.172	1706	378	116.730	3726.652	NaN
161	0161-0379	79100.920	410.457	1753	384	51.340	256.410	NaN
162	0162-0379	91428.337	435.945	2502	375	143.973	288.462	NaN
163	0163-0430	6151380.671	4641.132	441	378	147.407	2633.536	NaN
164	0164-0385	72937.212	385.949	1951	390	48.366	256.410	NaN
165	0165-0386	50336.949	317.292	2054	383	135.000	224.359	NaN
166	0166-0469	11007355.358	5208.999	1918	391	104.977	3621.552	NaN
167	0167-0469	11954511.834	5180.919	2014	542	66.289	3237.179	NaN
168	0168-0396	70882.643	385.949	1807	400	41.634	256.410	NaN
169	0169-0400	169501.972	622.323	61	395	145.491	352.564	NaN
170	0170-0435	2658612.755	2604.253	2529	475	76.477	1377.833	NaN
171	0171-0401	50336.949	317.292	568	398	135.000	224.359	NaN
172	0172-0437	1595373.110	2637.764	1791	473	62.501	967.686	NaN
173	0173-0481	11389505.260	5088.185	53	406	107.978	3883.340	NaN
174	0174-0411	124301.446	551.431	1952	407	144.462	352.564	NaN
175	0175-0482	8812047.995	4978.277	693	554	70.048	2968.718	NaN
176	0176-0419	64718.935	365.441	312	415	127.875	224.359	NaN
177	0177-0423	198265.943	632.150	878	429	30.466	448.718	NaN
178	0178-0421	80128.205	407.946	568	417	135.000	288.462	NaN
179	0179-0423	85264.629	431.206	1354	428	48.013	288.462	NaN
180	0180-0427	89373.767	410.457	897	423	141.340	288.462	NaN
181	0181-0466	4754273.504	2842.463	325	424	119.745	2381.844	NaN
182	0182-0491	9998561.801	4750.731	1031	553	52.125	3626.791	NaN
183	0183-0468	2848660.421	2637.180	1146	430	110.638	1762.821	NaN
184	0184-0433	57527.942	340.710	1791	430	138.814	224.359	NaN
185	0185-0442	274285.010	891.118	2405	454	52.306	507.893	NaN
186	0186-0441	238330.046	750.986	431	448	39.806	512.821	NaN
187	0187-0436	57527.942	340.710	562	433	138.814	224.359	NaN
188	0188-0449	160256.410	657.637	917	457	46.975	375.457	NaN
189	0189-0454	93482.906	473.232	583	448	118.301	224.359	NaN
190	0190-0460	720126.561	1435.168	2415	453	156.297	760.268	NaN
191	0191-0510	3563650.559	3493.737	402	461	112.094	1701.770	NaN
192	0192-0461	50336.949	317.292	749	458	135.000	224.359	NaN
193	0193-0484	1265614.727	1596.784	1403	506	38.480	1189.357	NaN
194	0194-0480	644107.495	1387.121	509	467	139.686	974.295	NaN
195	0195-0538	12166132.479	4865.254	2572	469	113.694	3633.053	NaN
196	0196-0477	210593.360	942.656	2449	487	35.311	416.017	NaN
197	0197-0476	113001.315	533.440	2411	472	147.265	288.462	NaN
198	0198-0488	239357.331	846.785	1792	500	60.524	416.667	NaN
199	0199-0481	50336.949	317.292	2100	478	135.000	224.359	NaN
200	0200-0494	534188.034	1076.942	2425	487	143.471	843.353	NaN
201	0201-0486	57527.942	340.710	838	482	131.186	224.359	NaN
202	0202-0485	50336.949	317.292	2414	482	135.000	224.359	NaN
203	0203-0488	139710.717	567.045	2491	494	42.709	384.615	NaN
204	0204-0491	291748.849	793.552	2521	482	136.637	576.923	NaN
205	0205-0489	85264.629	435.945	2460	495	53.973	256.410	NaN
206	0206-0502	485905.654	1211.606	641	486	127.476	703.870	NaN
207	0207-0492	73964.497	385.949	450	488	131.634	256.410	NaN
208	0208-0510	1306706.114	1543.794	467	525	41.634	1260.021	NaN
209	0209-0506	595825.115	1317.616	551	491	131.055	733.297	NaN
210	0210-0530	2703813.281	2694.787	2503	493	116.870	2011.052	NaN
211	0211-0542	3490713.346	3490.648	758	494	120.332	1814.405	NaN
212	0212-0566	9448964.497	4595.868	1109	635	77.515	3678.503	NaN
213	0213-0507	105810.322	476.477	2453	512	42.274	352.564	NaN
214	0214-0512	71909.928	391.236	9	507	124.992	224.359	NaN
215	0215-0527	874219.264	1609.281	2078	508	134.193	1157.497	NaN
216	0216-0584	8695964.826	5071.805	325	658	69.274	3073.195	NaN
217	0217-0525	582470.414	1051.360	1174	541	52.431	833.333	NaN
218	0218-0598	9880424.063	5893.341	480	684	69.298	3127.959	NaN
219	0219-0517	88346.483	410.457	1414	512	128.660	288.462	NaN
220	0220-0554	2809623.603	2871.409	252	518	123.158	1719.220	NaN
221	0221-0525	50336.949	317.292	562	522	135.000	224.359	NaN
222	0222-0628	18133629.191	7793.802	1665	529	128.991	4021.986	NaN
223	0223-0529	194156.805	693.375	887	535	33.690	384.615	NaN
224	0224-0598	11736727.482	4939.746	1792	524	106.201	3804.799	NaN
225	0225-0529	64718.935	365.441	1773	525	127.875	224.359	NaN
226	0226-0530	72937.212	385.949	2444	535	48.366	256.410	NaN
227	0227-0536	157174.556	631.337	1741	545	66.038	320.513	NaN
228	0228-0581	5967496.713	3809.926	2148	635	47.045	2858.213	NaN
229	0229-0571	5292570.677	3190.351	2412	599	22.443	2676.874	NaN
230	0230-0540	84237.344	431.206	2424	536	138.013	288.462	NaN
231	0231-0553	371877.055	1058.178	749	539	125.134	632.714	NaN
232	0232-0545	78073.636	410.457	566	550	51.340	256.410	NaN
233	0233-0550	119165.023	498.601	888	545	135.000	352.564	NaN
234	0234-0613	10145463.511	4642.570	1938	680	67.684	3694.438	NaN
235	0235-0581	1467989.809	2151.260	1755	611	65.344	1181.520	NaN
236	0236-0556	120192.308	544.872	2065	553	151.928	288.462	NaN
237	0237-0559	77046.351	407.946	770	564	45.000	288.462	NaN
238	0238-0604	2656558.185	3264.986	1063	555	103.627	1448.803	NaN
239	0239-0560	64718.935	362.619	249	564	45.000	256.410	NaN
240	0240-0583	968729.454	1815.642	2019	610	69.326	749.520	NaN
241	0241-0593	1380670.611	2425.967	2049	557	105.322	1346.154	NaN
242	0242-0562	57527.942	340.710	125	559	138.814	224.359	NaN
243	0243-0618	7785790.598	4610.151	2216	628	13.263	3527.908	NaN
244	0244-0650	8997986.522	5812.162	95	740	83.032	2468.735	NaN
245	0245-0591	1841921.433	2154.838	661	622	67.249	1372.419	NaN
246	0246-0564	50336.949	317.292	698	561	135.000	224.359	NaN
247	0247-0573	322567.390	880.098	2068	562	123.111	544.872	NaN
248	0248-0569	115055.884	530.543	2114	562	115.017	256.410	NaN
249	0249-0649	7265984.550	5670.541	730	564	106.079	2007.565	NaN
250	0250-0596	1116658.448	1920.939	2098	569	115.710	970.139	NaN
251	0251-0574	79100.920	407.946	640	570	135.000	288.462	NaN
252	0252-0591	1001602.564	1707.163	1194	611	50.332	1065.193	NaN
253	0253-0656	11277531.229	5412.398	220	736	71.350	3423.293	NaN
254	0254-0580	91428.337	431.206	433	585	41.987	288.462	NaN
255	0255-0579	71909.928	391.236	1245	576	145.008	224.359	NaN
256	0256-0584	85264.629	410.457	453	579	128.660	288.462	NaN
257	0257-0595	278394.149	994.107	642	581	110.772	395.088	NaN
258	0258-0667	9388354.701	5214.518	430	748	84.710	2908.490	NaN
259	0259-0594	71909.928	385.949	621	590	131.634	256.410	NaN
260	0260-0596	83210.059	435.945	543	602	53.973	256.410	NaN
261	0261-0599	128410.585	596.188	1229	607	53.746	352.564	NaN
262	0262-0600	88346.483	410.457	769	605	51.340	288.462	NaN
263	0263-0603	64718.935	365.441	2079	599	127.875	224.359	NaN
264	0264-0605	76019.066	410.457	2357	610	51.340	256.410	NaN
265	0265-0605	77046.351	410.457	781	601	141.340	256.410	NaN
266	0266-0610	234220.907	761.850	2327	614	22.249	432.074	NaN
267	0267-0607	50336.949	317.292	1532	604	135.000	224.359	NaN
268	0268-0608	50336.949	317.292	792	605	135.000	224.359	NaN
269	0269-0613	125328.731	525.680	710	607	127.569	352.564	NaN
270	0270-0615	240384.615	725.238	2547	608	135.000	512.821	NaN
271	0271-0617	496178.501	1119.503	804	614	166.759	595.419	NaN
272	0272-0611	57527.942	340.710	855	608	138.814	224.359	NaN
273	0273-0644	2128533.859	2451.452	1892	608	115.560	1413.250	NaN
274	0274-0615	97592.045	455.534	2028	621	50.711	288.462	NaN
275	0275-0624	273257.725	838.862	2354	633	46.548	544.150	NaN
276	0276-0619	57527.942	340.710	1616	615	131.186	224.359	NaN
277	0277-0618	50336.949	317.292	2346	615	135.000	224.359	NaN
278	0278-0621	57527.942	340.710	723	617	131.186	224.359	NaN
279	0279-0666	4795364.892	3615.549	1154	703	40.326	2281.255	NaN
280	0280-0623	78073.636	407.946	2301	628	45.000	288.462	NaN
281	0281-0635	481796.515	1161.831	2315	619	114.444	673.077	NaN
282	0282-0629	325649.244	791.608	2456	621	148.241	608.974	NaN
283	0283-0700	13674186.391	5636.744	809	630	122.696	3902.314	NaN
284	0284-0626	97592.045	431.206	1532	631	48.013	320.513	NaN
285	0285-0625	50336.949	317.292	2594	622	135.000	224.359	NaN
286	0286-0628	57527.942	340.710	2443	624	131.186	224.359	NaN
287	0287-0630	72937.212	385.949	1545	626	138.366	256.410	NaN
288	0288-0635	260930.309	846.178	2106	643	24.624	544.872	NaN
289	0289-0633	71909.928	385.949	786	629	131.634	256.410	NaN
290	0290-0639	178747.535	622.323	665	648	55.491	384.615	NaN
291	0291-0635	80128.205	385.949	707	631	131.634	288.462	NaN
292	0292-0642	222920.776	632.150	2025	651	59.534	480.769	NaN
293	0293-0642	238330.046	907.114	2331	651	32.005	435.009	NaN
294	0294-0639	64718.935	362.619	556	643	45.000	256.410	NaN
295	0295-0638	50336.949	317.292	2356	635	135.000	224.359	NaN
296	0296-0734	10573841.223	6064.557	547	640	92.726	3094.863	NaN
297	0297-0644	90401.052	431.206	1158	649	41.987	288.462	NaN
298	0298-0644	50336.949	317.292	726	641	135.000	224.359	NaN
299	0299-0649	70882.643	385.949	1109	645	131.634	256.410	NaN
300	0300-0664	629725.510	1185.897	1137	647	108.925	929.487	NaN
301	0301-0651	65746.220	362.619	2125	647	135.000	256.410	NaN
302	0302-0657	165392.834	688.170	2081	667	62.241	348.685	NaN
303	0303-0737	18099728.797	7322.087	2196	655	136.242	4129.595	NaN
304	0304-0656	63691.650	362.619	641	660	45.000	256.410	NaN
305	0305-0657	71909.928	385.949	2330	661	41.634	256.410	NaN
306	0306-0657	57527.942	340.710	2377	653	131.186	224.359	NaN
307	0307-0684	1307733.399	2471.276	2582	656	133.423	1131.259	NaN
308	0308-0665	95537.475	453.274	444	660	135.000	320.513	NaN
309	0309-0668	221893.491	705.856	707	677	50.528	512.821	NaN
310	0310-0665	126356.016	533.440	2048	669	32.735	320.513	NaN
311	0311-0664	50336.949	317.292	2390	661	135.000	224.359	NaN
312	0312-0726	7215647.600	4216.419	320	788	71.841	3145.385	NaN
313	0313-0666	57527.942	340.710	636	663	138.814	224.359	NaN
314	0314-0675	260930.309	911.069	1968	686	50.711	606.660	NaN
315	0315-0672	208538.790	748.245	2374	664	136.736	508.554	NaN
316	0316-0731	13219099.277	5627.260	1399	685	160.017	4164.337	NaN
317	0317-0703	2995562.130	2566.105	2131	742	62.475	1671.319	NaN
318	0318-0670	50336.949	317.292	1118	667	135.000	224.359	NaN
319	0319-0676	157174.556	622.323	138	684	55.491	352.564	NaN
320	0320-0672	71909.928	385.949	2550	676	41.634	256.410	NaN
321	0321-0678	178747.535	659.976	1849	669	119.055	352.564	NaN
322	0322-0691	986193.294	1511.856	2642	683	158.875	1256.249	NaN
323	0323-0678	88346.483	410.457	2046	674	141.340	288.462	NaN
324	0324-0678	50336.949	317.292	2343	675	135.000	224.359	NaN
325	0325-0687	435568.705	1102.862	2560	699	35.538	657.247	NaN
326	0326-0683	134574.293	500.657	324	677	129.806	384.615	NaN
327	0327-0688	178747.535	732.286	2368	678	113.199	383.036	NaN
328	0328-0683	50336.949	317.292	1212	680	135.000	224.359	NaN
329	0329-0716	3089045.036	2873.197	1090	681	128.660	1929.353	NaN
330	0330-0686	88346.483	435.945	2034	681	126.027	256.410	NaN
331	0331-0687	110946.746	500.657	1043	692	39.806	320.513	NaN
332	0332-0685	50336.949	317.292	1102	682	135.000	224.359	NaN
333	0333-0685	50336.949	317.292	1959	682	135.000	224.359	NaN
334	0334-0687	143819.855	616.519	2091	684	152.103	352.003	NaN
335	0335-0685	50336.949	317.292	2481	682	135.000	224.359	NaN
336	0336-0712	1014957.265	2249.306	2356	742	57.216	976.182	NaN
337	0337-0686	50336.949	317.292	2451	683	135.000	224.359	NaN
338	0338-0692	147928.994	602.189	2399	684	115.201	320.513	NaN
339	0339-0698	479741.946	1006.431	2053	691	142.765	769.231	NaN
340	0340-0713	1420734.714	1849.001	1918	687	123.690	1299.722	NaN
341	0341-0692	65746.220	362.619	2511	688	135.000	256.410	NaN
342	0342-0694	92455.621	455.534	1851	689	129.289	288.462	NaN
343	0343-0708	618425.378	1244.647	1897	693	124.509	811.355	NaN
344	0344-0696	50336.949	317.292	2455	693	135.000	224.359	NaN
345	0345-0698	94510.191	445.271	1272	694	149.744	256.410	NaN
346	0346-0705	506451.348	1114.906	2418	697	161.565	705.128	NaN
347	0347-0699	71909.928	391.236	2480	694	124.992	224.359	NaN
348	0348-0701	125328.731	500.657	1821	695	129.806	320.513	NaN
349	0349-0707	232166.338	774.554	2348	718	65.556	384.615	NaN
350	0350-0761	10388929.980	4284.814	2390	801	51.072	3711.627	NaN
351	0351-0701	57527.942	340.710	1977	698	138.814	224.359	NaN
352	0352-0703	79100.920	410.457	716	699	141.340	256.410	NaN
353	0353-0724	840318.869	1649.941	2593	701	114.075	921.685	NaN
354	0354-0708	118137.738	489.242	2095	702	121.608	320.513	NaN
355	0355-0709	140738.001	506.775	2010	714	34.695	384.615	NaN
356	0356-0709	97592.045	462.250	2339	703	123.690	256.410	NaN
357	0357-0716	104783.037	480.769	645	710	126.870	288.462	NaN
358	0358-0721	221893.491	716.688	2671	711	116.565	448.718	NaN
359	0359-0716	57527.942	340.710	668	712	131.186	224.359	NaN
360	0360-0717	142792.571	551.431	2520	713	144.462	352.564	NaN
361	0361-0772	11828155.819	4530.922	1759	786	25.115	3689.009	NaN
362	0362-0720	164365.549	577.813	2035	713	146.310	448.718	NaN
363	0363-0727	307158.120	820.913	2011	734	38.660	576.923	NaN
364	0364-0725	96564.760	431.206	622	730	41.987	320.513	NaN
365	0365-0750	1716592.702	2723.416	2038	735	153.435	1187.991	NaN
366	0366-0733	195184.089	648.989	1147	724	110.225	384.615	NaN
367	0367-0802	12658201.841	6061.846	1163	730	128.991	4201.875	NaN
368	0368-0729	97592.045	489.242	137	733	31.608	256.410	NaN
369	0369-0728	50336.949	317.292	976	725	135.000	224.359	NaN
370	0370-0777	3189718.935	3412.822	471	829	75.311	1510.646	NaN
371	0371-0732	113001.315	500.657	2544	727	140.194	320.513	NaN
372	0372-0763	1927186.062	2392.065	2504	799	72.051	1358.800	NaN
373	0373-0738	169501.972	648.989	1304	730	122.905	384.615	NaN
374	0374-0739	185938.527	681.420	170	732	138.814	448.461	NaN
375	0375-0808	12384944.116	5601.735	1380	739	129.428	3264.345	NaN
376	0376-0772	3149654.832	2699.357	51	736	132.594	1962.343	NaN
377	0377-0754	805391.190	1658.325	127	771	41.082	837.164	NaN
378	0378-0831	12371589.415	6088.225	945	926	84.259	3136.248	NaN
379	0379-0743	50336.949	317.292	1894	740	135.000	224.359	NaN
380	0380-0756	478714.661	1105.188	625	771	60.461	641.026	NaN
381	0381-0759	761217.949	1715.867	2144	746	147.200	888.517	NaN
382	0382-0772	1251232.742	1923.344	768	745	113.575	1089.204	NaN
383	0383-0750	80128.205	385.949	1997	755	41.634	288.462	NaN
384	0384-0753	57527.942	340.710	1930	750	138.814	224.359	NaN
385	0385-0754	50336.949	317.292	875	751	135.000	224.359	NaN
386	0386-0756	127383.300	473.232	1910	753	151.699	352.564	NaN
387	0387-0773	1122822.156	1532.105	399	791	52.651	1185.897	NaN
388	0388-0784	1888149.244	1946.967	2034	799	32.905	1699.369	NaN
389	0389-0761	69855.358	385.949	451	757	138.366	256.410	NaN
390	0390-0771	273257.725	835.795	856	782	57.529	512.821	NaN
391	0391-0764	88346.483	407.946	2143	760	135.000	288.462	NaN
392	0392-0766	50336.949	317.292	1264	763	135.000	224.359	NaN
393	0393-0770	81155.490	410.457	1357	775	51.340	256.410	NaN
394	0394-0863	11962730.112	6177.921	738	767	95.060	3035.058	NaN
395	0395-0780	330785.667	846.178	1906	771	142.696	641.026	NaN
396	0396-0776	71909.928	391.236	2353	771	124.992	224.359	NaN
397	0397-0779	134574.293	615.685	2002	785	38.660	362.785	NaN
398	0398-0788	247575.608	819.034	874	799	59.421	479.774	NaN
399	0399-0782	64718.935	362.619	2183	778	135.000	256.410	NaN
400	0400-0782	50336.949	317.292	1933	779	135.000	224.359	NaN
401	0401-0803	1753574.951	2250.447	627	788	153.800	1432.448	NaN
402	0402-0817	3394148.586	2578.684	794	837	32.307	1848.582	NaN
403	0403-0796	114028.600	506.775	432	803	55.305	288.462	NaN
404	0404-0806	949211.045	1780.217	2154	794	156.666	951.786	NaN
405	0405-0857	8618918.475	4944.319	2123	792	125.235	3509.946	NaN
406	0406-0797	50336.949	317.292	33	794	135.000	224.359	NaN
407	0407-0877	12997205.786	5472.797	1959	960	76.452	3448.431	NaN
408	0408-0813	801282.051	1233.454	2082	796	114.567	1075.621	NaN
409	0409-0799	50336.949	317.292	2098	796	135.000	224.359	NaN
410	0410-0805	70882.643	385.949	167	809	41.634	256.410	NaN
411	0411-0824	875246.548	1663.273	1898	848	64.916	923.961	NaN
412	0412-0804	50336.949	317.292	2500	801	135.000	224.359	NaN
413	0413-0805	50336.949	317.292	424	802	135.000	224.359	NaN
414	0414-0820	779709.073	1382.670	1756	802	135.939	993.590	NaN
415	0415-0821	494123.932	1148.939	2221	811	149.859	620.982	NaN
416	0416-0815	50336.949	317.292	420	812	135.000	224.359	NaN
417	0417-0821	123274.162	551.431	616	814	125.538	314.289	NaN
418	0418-0911	12393162.393	5987.759	573	1004	82.000	3342.853	NaN
419	0419-0823	50336.949	317.292	1743	820	135.000	224.359	NaN
420	0420-0887	12406517.094	4765.305	2302	839	128.720	3998.716	NaN
421	0421-0826	111974.030	476.477	456	832	47.726	320.513	NaN
422	0422-0825	50336.949	317.292	299	822	135.000	224.359	NaN
423	0423-0916	10935445.431	6195.854	508	822	103.461	2706.030	NaN
424	0424-0829	63691.650	362.619	72	833	45.000	256.410	NaN
425	0425-0896	12734220.907	5033.174	1703	952	46.548	4251.906	NaN
426	0426-0843	483851.085	1127.276	889	826	104.826	544.872	NaN
427	0427-0834	99646.614	489.242	653	841	58.392	256.410	NaN
428	0428-0852	988247.863	1595.175	654	863	22.443	1144.960	NaN
429	0429-0835	50336.949	317.292	614	832	135.000	224.359	NaN
430	0430-0851	588634.122	1342.333	1845	834	123.311	678.791	NaN
431	0431-0923	14510396.121	5780.349	2030	1012	80.747	3639.787	NaN
432	0432-0887	8348742.604	3858.021	1505	854	146.178	3293.745	NaN
433	0433-0843	113001.315	489.242	1289	837	121.608	288.462	NaN
434	0434-0849	744781.394	1506.751	2231	837	150.709	769.231	NaN
435	0435-0845	50336.949	317.292	903	842	135.000	224.359	NaN
436	0436-0847	79100.920	391.236	1375	844	145.008	256.410	NaN
437	0437-0875	1612836.949	2065.506	1370	858	138.145	1152.597	NaN
438	0438-0853	50336.949	317.292	1832	850	135.000	224.359	NaN
439	0439-0889	3459894.806	2711.508	808	924	57.061	1703.485	NaN
440	0440-0860	202375.082	660.754	1870	868	39.094	496.640	NaN
441	0441-0891	2093606.180	2607.210	2448	853	110.886	1602.564	NaN
442	0442-0857	57527.942	340.710	530	854	138.814	224.359	NaN
443	0443-0863	50336.949	317.292	905	860	135.000	224.359	NaN
444	0444-0877	800254.767	1338.885	869	861	137.911	1018.462	NaN
445	0445-0932	11231303.419	4705.757	1315	882	142.193	3833.333	NaN
446	0446-0943	9547583.826	4675.644	1877	873	106.323	3260.882	NaN
447	0447-0954	10668351.414	5112.958	2255	1033	82.073	3386.821	NaN
448	0448-0884	182856.673	648.989	1693	893	57.095	416.667	NaN
449	0449-0881	69855.358	385.949	314	885	41.634	256.410	NaN
450	0450-0891	285585.141	838.862	295	882	136.548	532.051	NaN
451	0451-0885	57527.942	340.710	1838	882	138.814	224.359	NaN
452	0452-0918	1784393.491	2088.012	1670	949	72.121	1483.034	NaN
453	0453-0916	1265614.727	1964.563	1441	941	56.310	1157.953	NaN
454	0454-0946	7683062.130	3876.085	1223	998	60.255	2643.080	NaN
455	0455-0897	78073.636	407.946	1478	893	135.000	288.462	NaN
456	0456-0986	12877013.478	6035.181	426	1078	77.735	3421.253	NaN
457	0457-0925	1250205.457	1906.445	685	897	106.607	993.590	NaN
458	0458-0904	111974.030	500.657	1089	899	140.194	320.513	NaN
459	0459-0933	2049432.939	2209.680	870	902	113.962	1603.247	NaN
460	0460-0915	535215.319	1049.894	309	921	31.264	769.231	NaN
461	0461-0925	1014957.265	1404.783	1089	932	34.778	1136.692	NaN
462	0462-0913	71909.928	391.236	2444	910	145.008	224.359	NaN
463	0463-0931	695471.729	1562.972	2639	910	118.142	1025.641	NaN
464	0464-0939	2849687.705	2466.075	1470	940	171.027	1795.877	NaN
465	0465-0924	273257.725	931.695	2478	935	49.185	579.965	NaN
466	0466-0918	107864.892	533.440	199	923	32.735	285.562	NaN
467	0467-0919	108892.176	476.477	660	924	42.274	320.513	NaN
468	0468-0920	57527.942	340.710	1303	916	131.186	224.359	NaN
469	0469-0927	96564.760	453.274	1631	922	135.000	320.513	NaN
470	0470-0947	1230687.048	1662.346	2414	968	56.004	1418.971	NaN
471	0471-1066	23586456.279	9690.306	843	1203	64.113	4188.197	NaN
472	0472-1008	12896531.887	4896.718	2170	1083	79.058	3650.728	NaN
473	0473-0940	107864.892	612.339	2605	947	47.121	339.056	NaN
474	0474-0939	100673.899	453.274	1633	934	135.000	320.513	NaN
475	0475-1092	29187212.360	10252.654	145	936	101.907	4777.188	NaN
476	0476-0942	180802.104	589.256	2205	949	45.000	416.667	NaN
477	0477-1012	12300706.772	5449.943	762	1081	57.245	4123.274	NaN
478	0478-0942	57527.942	340.710	1653	939	138.814	224.359	NaN
479	0479-0945	86291.913	417.898	719	940	122.471	256.410	NaN
480	0480-0951	375986.193	951.335	1814	941	147.381	621.886	NaN
481	0481-1110	62150723.208	13359.080	1489	983	153.496	8355.389	NaN
482	0482-0953	57527.942	340.710	2211	950	138.814	224.359	NaN
483	0483-0956	64718.935	362.619	683	952	135.000	256.410	NaN
484	0484-0961	92455.621	435.945	2630	967	53.973	288.462	NaN
485	0485-1043	15710264.629	6065.234	2296	1129	61.945	3953.372	NaN
486	0486-0967	177720.250	775.879	1453	958	128.290	373.356	NaN
487	0487-0972	699580.868	1430.866	1792	968	164.407	865.385	NaN
488	0488-0980	665680.473	1477.491	1991	959	114.341	806.066	NaN
489	0489-0963	57527.942	340.710	2608	959	131.186	224.359	NaN
490	0490-1028	5980851.414	4423.193	2422	1091	66.965	2204.144	NaN
491	0491-0971	70882.643	385.949	104	967	131.634	256.410	NaN
492	0492-1049	13795405.983	5332.470	707	967	99.689	3531.481	NaN
493	0493-0978	241411.900	775.217	1969	968	119.745	463.382	NaN
494	0494-0978	180802.104	720.263	2574	988	57.724	405.420	NaN
495	0495-0974	57527.942	340.710	1305	971	138.814	224.359	NaN
496	0496-0984	88346.483	435.945	370	990	53.973	256.410	NaN
497	0497-1024	3409557.857	2904.136	101	1069	79.186	1890.914	NaN
498	0498-1057	5444608.810	4732.858	1434	1131	84.560	2013.357	NaN
499	0499-0988	50336.949	317.292	76	985	135.000	224.359	NaN
500	0500-1087	12642792.571	6494.637	325	1188	85.471	3052.055	NaN
501	0501-0989	50336.949	317.292	2602	986	135.000	224.359	NaN
502	0502-0994	168474.688	596.188	1982	987	126.254	416.667	NaN
503	0503-1036	2300090.401	3371.484	356	988	114.128	1193.926	NaN
504	0504-1019	1683719.592	2130.868	2501	1019	164.291	1767.767	NaN
505	0505-1195	54570389.546	13393.985	1309	1399	75.731	8375.550	NaN
506	0506-1002	71909.928	385.949	2518	998	131.634	256.410	NaN
507	0507-1008	88346.483	431.206	1958	1003	131.987	288.462	NaN
508	0508-1101	16145833.333	6325.156	2087	1003	96.693	3783.141	NaN
509	0509-1008	50336.949	317.292	2509	1005	135.000	224.359	NaN
510	0510-1012	126356.016	525.680	1940	1007	142.431	320.513	NaN
511	0511-1012	82182.774	407.946	2497	1017	45.000	288.462	NaN
512	0512-1045	1453607.824	2371.145	50	1009	103.285	1055.619	NaN
513	0513-1090	8607618.343	5263.148	455	1167	69.689	2467.657	NaN
514	0514-1072	6260272.847	4013.711	1818	1013	108.146	2815.525	NaN
515	0515-1105	11262121.959	5468.854	591	1188	78.163	3251.366	NaN
516	0516-1032	259903.024	750.986	531	1041	39.806	531.235	NaN
517	0517-1029	118137.738	476.477	1893	1035	47.726	320.513	NaN
518	0518-1109	12823594.675	5799.245	1963	1196	72.967	3226.009	NaN
519	0519-1041	436595.989	1136.804	2490	1028	139.574	634.583	NaN
520	0520-1039	50336.949	317.292	375	1036	135.000	224.359	NaN
521	0521-1083	2160379.684	2671.624	1881	1118	59.744	1408.476	NaN
522	0522-1055	100673.899	476.477	2528	1060	42.274	320.513	NaN
523	0523-1053	64718.935	365.441	2551	1050	142.125	224.359	NaN
524	0524-1148	7700525.970	6238.731	1102	1244	80.538	2349.225	NaN
525	0525-1058	81155.490	410.457	2476	1063	51.340	256.410	NaN
526	0526-1060	108892.176	489.242	2567	1054	121.608	288.462	NaN
527	0527-1061	81155.490	410.457	2581	1065	38.660	256.410	NaN
528	0528-1063	50336.949	317.292	1142	1060	135.000	224.359	NaN
529	0529-1064	50336.949	317.292	2523	1061	135.000	224.359	NaN
530	0530-1064	50336.949	317.292	2532	1061	135.000	224.359	NaN
531	0531-1066	64718.935	365.441	2488	1062	127.875	224.359	NaN
532	0532-1135	14501150.559	5311.624	943	1119	17.560	4596.300	NaN
533	0533-1069	109919.461	500.657	2475	1064	140.194	320.513	NaN
534	0534-1073	86291.913	431.206	2559	1078	41.987	288.462	NaN
535	0535-1083	139710.717	632.150	2492	1092	59.534	320.513	NaN
536	0536-1103	420159.435	1414.983	2562	1082	103.092	512.821	NaN
537	0537-1095	79100.920	417.898	2199	1092	147.529	224.359	NaN
538	0538-1096	79100.920	407.946	2242	1092	135.000	288.462	NaN
539	0539-1147	3773216.634	3952.197	385	1096	120.725	1718.734	NaN
540	0540-1097	50336.949	317.292	2437	1094	135.000	224.359	NaN
541	0541-1127	1806993.754	2153.407	766	1095	104.657	1596.952	NaN
542	0542-1102	97592.045	545.814	2467	1096	130.236	311.130	NaN
543	0543-1196	19151668.310	7135.353	2288	1282	53.954	3988.807	NaN
544	0544-1105	114028.600	636.200	2586	1113	49.086	337.216	NaN
545	0545-1104	70882.643	385.949	926	1100	131.634	256.410	NaN
546	0546-1104	64718.935	365.441	2606	1100	127.875	224.359	NaN
547	0547-1106	50336.949	317.292	2505	1103	135.000	224.359	NaN
548	0548-1107	50336.949	317.292	2197	1104	135.000	224.359	NaN
549	0549-1123	1034475.674	1831.416	2180	1138	32.856	1248.884	NaN
550	0550-1142	2641148.915	2622.923	1470	1119	147.475	1885.074	NaN
551	0551-1116	65746.220	362.619	2447	1112	135.000	256.410	NaN
552	0552-1118	95537.475	431.206	2457	1113	131.987	320.513	NaN
553	0553-1116	50336.949	317.292	2611	1113	135.000	224.359	NaN
554	0554-1128	279421.433	912.195	928	1142	71.565	440.113	NaN
555	0555-1125	282503.287	862.412	2490	1135	48.013	560.034	NaN
556	0556-1122	140738.001	573.351	2252	1127	26.565	288.462	NaN
557	0557-1228	16906023.997	7084.783	529	1119	97.800	4084.692	NaN
558	0558-1192	9685239.974	4696.798	631	1263	67.109	2828.689	NaN
559	0559-1127	71909.928	391.236	1908	1122	124.992	224.359	NaN
560	0560-1125	50336.949	317.292	2224	1122	135.000	224.359	NaN
561	0561-1129	226002.630	774.554	2437	1126	155.556	480.769	NaN
562	0562-1130	190047.666	808.938	1683	1123	146.310	415.679	NaN
563	0563-1216	21299720.579	7549.489	848	1229	176.105	5803.435	NaN
564	0564-1143	412968.442	1074.555	802	1127	107.354	544.872	NaN
565	0565-1130	50336.949	317.292	1669	1127	135.000	224.359	NaN
566	0566-1137	293803.419	771.897	2532	1128	131.634	576.923	NaN
567	0567-1135	79100.920	385.949	1889	1139	41.634	288.462	NaN
568	0568-1136	96564.760	435.945	1874	1140	36.027	288.462	NaN
569	0569-1138	57527.942	340.710	1399	1134	131.186	224.359	NaN
570	0570-1155	541379.027	1476.448	2438	1135	117.121	781.944	NaN
571	0571-1139	50336.949	317.292	30	1136	135.000	224.359	NaN
572	0572-1140	50336.949	317.292	2473	1137	135.000	224.359	NaN
573	0573-1162	1116658.448	2102.720	1380	1181	37.569	993.372	NaN
574	0574-1152	417077.581	1121.795	1457	1139	143.130	725.808	NaN
575	0575-1173	2002177.844	2551.652	2550	1206	57.308	1538.462	NaN
576	0576-1159	701635.437	1813.661	1646	1179	43.568	766.864	NaN
577	0577-1143	50336.949	317.292	2595	1140	135.000	224.359	NaN
578	0578-1145	71909.928	385.949	2459	1141	138.366	256.410	NaN
579	0579-1237	11263149.244	6091.515	723	1332	83.959	2995.435	NaN
580	0580-1148	162310.980	673.840	2186	1144	154.654	352.564	NaN
581	0581-1275	20680267.916	9389.713	2498	1404	62.560	4390.179	NaN
582	0582-1151	105810.322	489.242	1692	1158	58.392	256.410	NaN
583	0583-1149	50336.949	317.292	1087	1146	135.000	224.359	NaN
584	0584-1235	14589497.041	5797.385	2017	1325	81.736	3782.763	NaN
585	0585-1152	57527.942	340.710	913	1148	131.186	224.359	NaN
586	0586-1333	32765244.905	11892.883	1178	1518	85.672	4967.469	NaN
587	0587-1161	659516.765	1371.855	2241	1174	37.405	792.631	NaN
588	0588-1158	71909.928	391.236	1437	1155	145.008	224.359	NaN
589	0589-1166	264012.163	911.069	2510	1160	140.711	603.081	NaN
590	0590-1168	235248.192	890.541	2466	1156	120.256	371.465	NaN
591	0591-1169	218811.637	750.986	1098	1160	129.806	445.496	NaN
592	0592-1164	80128.205	385.949	1686	1160	131.634	288.462	NaN
593	0593-1171	457141.683	989.964	803	1167	150.945	673.077	NaN
594	0594-1171	108892.176	506.775	2168	1178	55.305	288.462	NaN
595	0595-1179	542406.312	976.381	1880	1170	156.801	833.333	NaN
596	0596-1170	50336.949	317.292	2225	1167	135.000	224.359	NaN
597	0597-1200	2555884.287	2121.446	349	1227	63.048	1916.471	NaN
598	0598-1178	331812.952	861.220	2432	1168	135.000	641.026	NaN
599	0599-1173	111974.030	533.440	2491	1169	147.265	316.986	NaN
600	0600-1173	57527.942	340.710	2255	1170	138.814	224.359	NaN
601	0601-1176	88346.483	417.898	1614	1171	122.471	256.410	NaN
602	0602-1177	96564.760	435.945	2266	1183	53.973	288.462	NaN
603	0603-1211	3783489.481	2715.483	256	1243	30.500	2213.943	NaN
604	0604-1181	100673.899	498.601	2230	1187	45.000	339.955	NaN
605	0605-1181	82182.774	407.946	2189	1186	45.000	288.462	NaN
606	0606-1203	1092003.616	1970.046	1428	1206	21.975	1451.615	NaN
607	0607-1257	7968647.272	5099.680	1825	1334	75.440	2562.991	NaN
608	0608-1193	391395.464	1065.434	1518	1204	43.781	604.272	NaN
609	0609-1188	109919.461	525.680	1405	1195	52.431	344.010	NaN
610	0610-1211	2102851.742	2220.809	1566	1217	20.266	1836.668	NaN
611	0611-1188	199293.228	693.375	2152	1183	146.310	416.667	NaN
612	0612-1213	2172707.101	2090.225	777	1236	35.640	1762.821	NaN
613	0613-1192	211620.644	631.337	1926	1183	113.962	448.718	NaN
614	0614-1190	156147.272	636.200	1543	1197	40.914	400.446	NaN
615	0615-1214	1077621.631	2161.027	1655	1241	54.660	1283.195	NaN
616	0616-1198	284557.857	756.437	2431	1193	143.616	577.724	NaN
617	0617-1199	264012.163	907.680	1071	1210	47.862	504.037	NaN
618	0618-1194	149983.563	645.020	2654	1199	26.565	320.513	NaN
619	0619-1196	175665.680	679.154	2459	1192	160.710	318.922	NaN
620	0620-1232	3430103.550	2770.907	1891	1194	131.248	2078.397	NaN
621	0621-1198	90401.052	455.534	2233	1193	129.289	288.462	NaN
622	0622-1204	217784.352	820.913	2153	1196	141.340	425.712	NaN
623	0623-1200	79100.920	391.236	2643	1197	145.008	256.410	NaN
624	0624-1205	254766.601	726.653	1937	1214	41.424	544.872	NaN
625	0625-1233	2011423.406	2451.452	1368	1199	115.560	1656.290	NaN
626	0626-1204	109919.461	455.534	1643	1200	140.711	320.513	NaN
627	0627-1207	79100.920	417.898	1394	1204	147.529	224.359	NaN
628	0628-1268	6050706.772	4454.321	2595	1321	57.339	2623.183	NaN
629	0629-1209	64718.935	365.441	425	1206	142.125	224.359	NaN
630	0630-1214	134574.293	559.752	1624	1206	113.629	288.462	NaN
631	0631-1309	17156681.460	6601.708	2115	1412	84.428	3465.552	NaN
632	0632-1271	7738535.503	4112.693	1517	1333	75.097	3020.290	NaN
633	0633-1213	57527.942	340.710	1234	1210	138.814	224.359	NaN
634	0634-1219	170529.257	615.685	2452	1227	51.340	384.615	NaN
635	0635-1215	50336.949	317.292	2644	1212	135.000	224.359	NaN
636	0636-1228	408859.303	1066.879	1248	1215	122.735	576.923	NaN
637	0637-1216	50336.949	317.292	1506	1213	135.000	224.359	NaN
638	0638-1217	71909.928	385.949	1682	1222	48.366	256.410	NaN
639	0639-1235	1015984.550	1752.300	2231	1256	50.194	1057.842	NaN
640	0640-1218	57527.942	340.710	2581	1215	138.814	224.359	NaN
641	0641-1255	1423816.568	2215.483	1692	1289	75.763	1200.583	NaN
642	0642-1243	537269.888	1352.625	1622	1223	103.707	608.974	NaN
643	0643-1317	12521572.978	5921.946	411	1230	106.670	3356.631	NaN
644	0644-1239	95537.475	445.271	817	1236	149.744	256.410	NaN
645	0645-1271	1181377.383	2434.632	1239	1235	110.821	823.547	NaN
646	0646-1250	627670.940	1165.363	2378	1258	31.504	860.913	NaN
647	0647-1247	233193.623	791.608	2188	1258	58.241	478.384	NaN
648	0648-1317	11697690.664	5234.672	338	1396	74.006	3603.296	NaN
649	0649-1244	50336.949	317.292	1708	1241	135.000	224.359	NaN
650	0650-1247	64718.935	365.441	2216	1244	142.125	224.359	NaN
651	0651-1248	80128.205	407.946	2431	1244	135.000	288.462	NaN
652	0652-1249	71909.928	391.236	992	1246	145.008	224.359	NaN
653	0653-1250	57527.942	340.710	1659	1247	138.814	224.359	NaN
654	0654-1253	69855.358	385.949	1722	1249	131.634	256.410	NaN
655	0655-1255	80128.205	410.457	1452	1260	51.340	256.410	NaN
656	0656-1280	1732001.972	2252.957	1584	1250	129.806	1644.888	NaN
657	0657-1254	71909.928	391.236	1672	1251	145.008	224.359	NaN
658	0658-1257	64718.935	362.619	1263	1253	135.000	256.410	NaN
659	0659-1257	50336.949	317.292	2217	1254	135.000	224.359	NaN
660	0660-1283	809500.329	1811.394	2425	1311	76.701	784.095	NaN
661	0661-1263	70882.643	385.949	1426	1259	131.634	256.410	NaN
662	0662-1263	73964.497	385.949	1958	1259	131.634	256.410	NaN
663	0663-1264	87319.198	431.206	2361	1269	48.013	288.462	NaN
664	0664-1267	203402.367	748.245	2436	1276	46.736	468.915	NaN
665	0665-1366	14773380.999	6770.411	1087	1261	92.713	2895.153	NaN
666	0666-1266	64718.935	365.441	1048	1262	127.875	224.359	NaN
667	0667-1285	1154667.982	1782.236	2221	1270	142.306	1220.589	NaN
668	0668-1268	81155.490	410.457	2255	1264	141.340	256.410	NaN
669	0669-1271	107864.892	435.945	1720	1266	126.027	320.513	NaN
670	0670-1291	1939513.478	2202.229	612	1281	158.663	1538.462	NaN
671	0671-1270	64718.935	365.441	1458	1267	142.125	224.359	NaN
672	0672-1272	71909.928	391.236	1640	1267	124.992	224.359	NaN
673	0673-1272	114028.600	521.757	1657	1267	137.490	352.564	NaN
674	0674-1271	50336.949	317.292	2213	1268	135.000	224.359	NaN
675	0675-1277	293803.419	861.220	2374	1268	135.000	608.974	NaN
676	0676-1288	493096.647	1264.300	1432	1271	120.466	673.077	NaN
677	0677-1288	472550.953	1132.731	2453	1272	115.115	705.128	NaN
678	0678-1277	50336.949	317.292	588	1274	135.000	224.359	NaN
679	0679-1325	3175336.949	3389.717	596	1274	103.116	1574.462	NaN
680	0680-1281	247575.608	821.539	1023	1288	20.556	480.769	NaN
681	0681-1280	50336.949	317.292	2436	1277	135.000	224.359	NaN
682	0682-1283	64718.935	362.619	567	1279	135.000	256.410	NaN
683	0683-1283	50336.949	317.292	1005	1280	135.000	224.359	NaN
684	0684-1288	153065.417	632.150	1454	1297	59.534	347.767	NaN
685	0685-1285	50336.949	317.292	1963	1282	135.000	224.359	NaN
686	0686-1288	89373.767	410.457	2364	1283	128.660	288.462	NaN
687	0687-1291	50336.949	317.292	1744	1288	135.000	224.359	NaN
688	0688-1292	71909.928	385.949	2376	1297	48.366	256.410	NaN
689	0689-1294	100673.899	462.250	2676	1288	123.690	288.462	NaN
690	0690-1293	65746.220	362.619	1234	1289	135.000	256.410	NaN
691	0691-1297	173611.111	702.939	1402	1289	133.152	434.871	NaN
692	0692-1296	100673.899	501.682	2219	1289	116.565	224.359	NaN
693	0693-1373	19198923.406	6337.082	2297	1396	172.444	4457.994	NaN
694	0694-1302	172583.826	730.882	1632	1311	52.125	414.486	NaN
695	0695-1298	50336.949	317.292	1487	1295	135.000	224.359	NaN
696	0696-1301	71909.928	385.949	1716	1297	138.366	256.410	NaN
697	0697-1304	140738.001	570.657	1578	1299	141.843	352.564	NaN
698	0698-1307	198265.943	622.323	2281	1300	145.491	448.718	NaN
699	0699-1314	509533.202	1148.939	1686	1312	157.011	801.282	NaN
700	0700-1307	64718.935	365.441	615	1303	127.875	224.359	NaN
701	0701-1314	345167.653	974.802	1727	1312	152.592	725.656	NaN
702	0702-1326	1169049.967	1994.919	881	1333	23.682	1299.719	NaN
703	0703-1309	57527.942	340.710	1878	1305	131.186	224.359	NaN
704	0704-1316	256821.170	952.953	1947	1305	132.274	484.642	NaN
705	0705-1310	63691.650	362.619	1409	1314	45.000	256.410	NaN
706	0706-1313	227029.915	764.542	1610	1319	33.024	480.769	NaN
707	0707-1311	71909.928	365.441	2306	1307	127.875	256.410	NaN
708	0708-1317	232166.338	693.375	678	1326	56.310	576.923	NaN
709	0709-1451	40781147.272	9303.488	1412	1593	78.071	7111.450	NaN
710	0710-1314	97592.045	455.534	893	1319	39.289	288.462	NaN
711	0711-1313	50336.949	317.292	1962	1310	135.000	224.359	NaN
712	0712-1316	64718.935	362.619	939	1320	45.000	256.410	NaN
713	0713-1315	57527.942	340.710	1662	1312	138.814	224.359	NaN
714	0714-1381	9000041.091	4426.327	994	1449	79.992	2770.861	NaN
715	0715-1321	136628.863	636.200	1386	1328	40.914	365.027	NaN
716	0716-1329	487960.224	1006.431	1776	1339	37.235	761.811	NaN
717	0717-1321	64718.935	362.619	1845	1317	135.000	256.410	NaN
718	0718-1340	551651.874	1620.730	2294	1363	65.462	855.961	NaN
719	0719-1324	122246.877	500.657	760	1330	50.194	352.564	NaN
720	0720-1323	71909.928	391.236	1599	1318	124.992	224.359	NaN
721	0721-1372	4608399.080	3469.246	2214	1320	106.091	2458.808	NaN
722	0722-1329	192102.235	685.927	2267	1337	52.595	437.302	NaN
723	0723-1386	7562869.822	4629.830	2009	1450	63.258	2717.615	NaN
724	0724-1329	124301.446	506.775	634	1336	55.305	320.513	NaN
725	0725-1404	15446252.465	5261.196	2516	1419	11.241	4334.800	NaN
726	0726-1330	70882.643	385.949	1727	1334	41.634	256.410	NaN
727	0727-1335	232166.338	775.879	1569	1344	38.290	512.067	NaN
728	0728-1332	137656.147	659.976	1619	1328	150.945	323.275	NaN
729	0729-1425	18860946.746	7280.087	510	1329	129.999	4241.067	NaN
730	0730-1338	191074.951	720.263	1714	1348	57.724	384.615	NaN
731	0731-1335	89373.767	435.945	1609	1341	53.973	256.410	NaN
732	0732-1334	71909.928	385.949	1660	1330	138.366	256.410	NaN
733	0733-1340	144847.140	703.670	933	1331	120.069	395.285	NaN
734	0734-1336	107864.892	455.534	1938	1331	140.711	320.513	NaN
735	0735-1354	832100.592	1686.884	628	1374	51.170	1043.718	NaN
736	0736-1420	15905448.718	5839.318	1703	1507	72.759	4128.685	NaN
737	0737-1345	210593.360	673.840	1545	1355	64.654	416.667	NaN
738	0738-1396	3534886.588	3785.852	393	1341	118.301	1582.581	NaN
739	0739-1344	64718.935	365.441	2284	1341	142.125	224.359	NaN
740	0740-1345	50336.949	317.292	2274	1342	135.000	224.359	NaN
741	0741-1353	94510.191	521.757	214	1359	47.490	315.351	NaN
742	0742-1355	86291.913	435.945	1686	1350	126.027	256.410	NaN
743	0743-1364	361604.208	1049.894	2277	1351	121.264	506.775	NaN
744	0744-1397	8740138.067	4258.119	827	1375	162.929	2925.206	NaN
745	0745-1354	57527.942	340.710	1574	1351	138.814	224.359	NaN
746	0746-1355	64718.935	362.619	1957	1351	135.000	256.410	NaN
747	0747-1356	99646.614	453.274	1991	1351	135.000	320.513	NaN
748	0748-1356	94510.191	435.945	1584	1352	143.973	288.462	NaN
749	0749-1360	160256.410	622.323	1663	1354	145.491	384.615	NaN
750	0750-1397	2450073.964	2677.769	296	1356	101.041	1476.378	NaN
751	0751-1361	109919.461	506.775	1559	1357	145.305	288.462	NaN
752	0752-1362	134574.293	560.668	1599	1367	30.964	320.513	NaN
753	0753-1363	181829.389	685.927	1865	1357	142.595	416.667	NaN
754	0754-1370	271203.156	820.913	1962	1360	128.660	576.923	NaN
755	0755-1403	3899572.650	2806.272	227	1361	103.878	2157.332	NaN
756	0756-1374	183883.958	703.670	1906	1365	120.069	384.615	NaN
757	0757-1370	64718.935	362.619	1981	1366	135.000	256.410	NaN
758	0758-1371	89373.767	455.534	1827	1376	39.289	288.462	NaN
759	0759-1376	89373.767	453.274	1925	1381	45.000	320.513	NaN
760	0760-1384	250657.462	880.098	133	1373	123.111	468.445	NaN
761	0761-1408	2001150.559	2382.383	1335	1444	72.784	1506.704	NaN
762	0762-1378	63691.650	362.619	1616	1374	135.000	256.410	NaN
763	0763-1395	270175.871	819.034	1619	1384	120.579	512.821	NaN
764	0764-1410	1256369.165	1990.279	1935	1407	14.931	1574.074	NaN
765	0765-1390	100673.899	455.534	1636	1395	39.289	288.462	NaN
766	0766-1395	164365.549	693.375	1837	1400	33.690	421.761	NaN
767	0767-1460	19070512.821	6902.941	1776	1494	13.972	4343.221	NaN
768	0768-1398	107864.892	533.440	370	1391	122.735	282.860	NaN
769	0769-1395	57527.942	340.710	1812	1391	131.186	224.359	NaN
770	0770-1407	358522.354	1134.090	2248	1419	42.709	545.607	NaN
771	0771-1566	58469962.196	11632.849	241	1736	69.518	9367.499	NaN
772	0772-1411	408859.303	1269.975	1632	1426	42.955	563.780	NaN
773	0773-1407	171556.542	645.020	2207	1416	63.435	352.564	NaN
774	0774-1415	633834.648	1065.434	127	1399	105.709	801.282	NaN
775	0775-1407	64718.935	362.619	1829	1411	45.000	256.410	NaN
776	0776-1413	100673.899	533.440	388	1420	57.265	277.363	NaN
777	0777-1411	50336.949	317.292	330	1408	135.000	224.359	NaN
778	0778-1415	88346.483	417.898	1288	1410	122.471	256.410	NaN
779	0779-1422	145874.425	567.045	2199	1416	137.291	384.615	NaN
780	0780-1466	5744575.937	3297.546	2128	1516	74.208	2831.667	NaN
781	0781-1491	17015943.458	6090.756	2260	1559	30.343	4682.972	NaN
782	0782-1421	64718.935	365.441	1262	1418	142.125	224.359	NaN
783	0783-1457	2569238.988	2684.666	1617	1493	56.689	1934.925	NaN
784	0784-1434	271203.156	803.842	2105	1423	113.499	541.816	NaN
785	0785-1434	279421.433	880.098	1294	1427	146.889	451.262	NaN
786	0786-1446	652325.773	1244.647	1379	1465	78.111	929.487	NaN
787	0787-1434	156147.272	567.045	392	1428	137.291	416.667	NaN
788	0788-1433	72937.212	385.949	1621	1437	41.634	256.410	NaN
789	0789-1452	597879.684	1446.220	1274	1430	102.804	576.923	NaN
790	0790-1517	17293310.322	5690.795	2477	1605	80.272	4081.575	NaN
791	0791-1507	11194321.170	5210.281	46	1582	66.431	2845.027	NaN
792	0792-1435	79100.920	410.457	712	1439	38.660	256.410	NaN
793	0793-1437	78073.636	410.457	1322	1432	128.660	256.410	NaN
794	0794-1449	307158.120	775.879	950	1439	141.710	641.026	NaN
795	0795-1444	88346.483	431.206	1613	1449	48.013	288.462	NaN
796	0796-1443	79100.920	410.457	2070	1447	38.660	256.410	NaN
797	0797-1457	596852.400	1495.116	1324	1446	149.036	645.020	NaN
798	0798-1486	2277490.138	2621.356	2224	1526	78.003	1440.737	NaN
799	0799-1453	118137.738	500.657	2660	1449	140.194	352.564	NaN
800	0800-1455	128410.585	500.657	2022	1461	50.194	352.564	NaN
801	0801-1528	15253122.945	5520.362	866	1607	64.923	3833.965	NaN
802	0802-1454	50336.949	317.292	473	1451	135.000	224.359	NaN
803	0803-1474	742726.824	1364.722	522	1453	99.462	801.282	NaN
804	0804-1463	264012.163	747.558	1020	1473	59.036	480.769	NaN
805	0805-1471	882437.541	1686.884	1051	1453	141.170	993.393	NaN
806	0806-1487	1435116.700	2039.731	20	1456	98.130	961.538	NaN
807	0807-1462	126356.016	543.928	1245	1456	135.000	384.615	NaN
808	0808-1567	17834689.349	7492.120	979	1457	109.753	4844.797	NaN
809	0809-1468	242439.185	693.375	1289	1477	56.310	480.769	NaN
810	0810-1473	353385.930	981.104	469	1463	141.633	689.823	NaN
811	0811-1507	6597222.222	4233.925	1958	1541	29.476	2554.437	NaN
812	0812-1468	71909.928	391.236	2670	1463	124.992	224.359	NaN
813	0813-1473	215729.783	750.986	958	1465	129.806	456.230	NaN
814	0814-1467	57527.942	340.710	2653	1464	138.814	224.359	NaN
815	0815-1475	157174.556	702.939	1113	1468	136.848	397.436	NaN
816	0816-1475	127383.300	589.256	1253	1469	135.000	357.026	NaN
817	0817-1495	1793639.053	2112.955	1291	1491	157.714	1619.490	NaN
818	0818-1493	1466962.525	2053.534	2625	1511	34.186	1505.544	NaN
819	0819-1477	198265.943	636.200	2084	1485	40.914	480.769	NaN
820	0820-1510	835182.446	2329.844	1372	1474	97.907	673.077	NaN
821	0821-1482	78073.636	410.457	1274	1487	51.340	256.410	NaN
822	0822-1521	2681213.018	3227.168	1201	1556	34.479	1930.764	NaN
823	0823-1492	153065.417	545.814	1114	1499	49.764	384.615	NaN
824	0824-1498	214702.498	803.203	2090	1509	61.390	384.615	NaN
825	0825-1544	4611480.934	4203.120	384	1592	49.020	2458.609	NaN
826	0826-1495	88346.483	431.206	1662	1491	138.013	288.462	NaN
827	0827-1504	405777.449	1013.551	1061	1505	18.435	595.419	NaN
828	0828-1503	164365.549	612.339	1634	1509	42.879	448.718	NaN
829	0829-1501	85264.629	431.206	2572	1506	48.013	288.462	NaN
830	0830-1505	229084.484	660.754	1130	1513	50.906	505.283	NaN
831	0831-1505	136628.863	616.519	1605	1497	117.897	319.833	NaN
832	0832-1501	50336.949	317.292	1361	1498	135.000	224.359	NaN
833	0833-1502	50336.949	317.292	2108	1499	135.000	224.359	NaN
834	0834-1508	57527.942	340.710	505	1504	131.186	224.359	NaN
835	0835-1523	710880.999	1423.669	517	1505	121.185	898.068	NaN
836	0836-1507	50336.949	317.292	825	1504	135.000	224.359	NaN
837	0837-1507	50336.949	317.292	1369	1504	135.000	224.359	NaN
838	0838-1580	14349112.426	6401.356	1628	1619	23.613	4347.034	NaN
839	0839-1511	57527.942	340.710	2569	1507	131.186	224.359	NaN
840	0840-1517	388313.609	1057.207	2092	1510	165.964	448.718	NaN
841	0841-1516	50336.949	317.292	768	1513	135.000	224.359	NaN
842	0842-1519	114028.600	476.477	1097	1524	42.274	352.564	NaN
843	0843-1530	702662.722	1363.593	1294	1518	150.422	889.089	NaN
844	0844-1526	418104.865	1161.389	2155	1538	39.401	684.066	NaN
845	0845-1520	96564.760	431.206	2561	1525	41.987	288.462	NaN
846	0846-1562	2230235.043	3114.422	1247	1606	66.337	1649.483	NaN
847	0847-1525	106837.607	455.534	1367	1520	140.711	320.513	NaN
848	0848-1538	467414.530	1209.485	1115	1522	122.005	634.583	NaN
849	0849-1538	927638.067	2201.295	1632	1548	16.060	839.200	NaN
850	0850-1545	685198.882	1370.356	1348	1524	100.784	894.716	NaN
851	0851-1551	1351906.640	1644.640	489	1531	123.071	1338.741	NaN
852	0852-1562	2197361.933	2679.495	767	1528	126.733	1588.150	NaN
853	0853-1672	36818910.256	9303.157	1419	1611	137.793	6996.793	NaN
854	0854-1587	10039653.189	4924.333	1823	1634	42.098	3115.434	NaN
855	0855-1535	72937.212	385.949	2060	1540	48.366	256.410	NaN
856	0856-1597	7335839.908	4115.814	956	1537	109.564	2526.542	NaN
857	0857-1547	373931.624	931.695	2110	1541	153.435	696.606	NaN
858	0858-1550	505424.063	1346.535	1376	1563	38.234	703.666	NaN
859	0859-1542	57527.942	340.710	1171	1539	138.814	224.359	NaN
860	0860-1547	143819.855	648.989	2137	1556	57.095	384.615	NaN
861	0861-1545	81155.490	410.457	1278	1550	51.340	256.410	NaN
862	0862-1562	634861.933	1348.060	1150	1544	118.393	929.487	NaN
863	0863-1549	102728.468	476.477	2187	1544	137.726	320.513	NaN
864	0864-1550	104783.037	462.250	2206	1544	123.690	288.462	NaN
865	0865-1550	78073.636	410.457	2050	1555	51.340	256.410	NaN
866	0866-1557	303048.981	916.689	814	1546	126.469	544.872	NaN
867	0867-1683	26457716.963	8694.881	1957	1550	100.192	5210.656	NaN
868	0868-1556	146901.709	589.256	2153	1563	45.000	416.667	NaN
869	0869-1553	57527.942	340.710	2225	1550	138.814	224.359	NaN
870	0870-1563	523915.187	1116.287	2551	1550	129.174	832.489	NaN
871	0871-1556	104783.037	462.250	235	1553	146.310	288.462	NaN
872	0872-1572	877301.118	1609.600	2037	1552	125.272	951.897	NaN
873	0873-1556	100673.899	480.769	2627	1552	143.130	288.462	NaN
874	0874-1564	223948.060	853.431	2231	1575	55.713	426.692	NaN
875	0875-1589	3488658.777	2858.859	1267	1612	19.654	2150.564	NaN
876	0876-1564	329758.383	931.695	1630	1556	153.435	511.685	NaN
877	0877-1565	89373.767	431.206	2654	1570	48.013	288.462	NaN
878	0878-1565	50336.949	317.292	2671	1562	135.000	224.359	NaN
879	0879-1644	18918474.688	5761.034	2372	1567	124.574	5058.017	NaN
880	0880-1571	177720.250	615.685	2527	1578	51.340	446.290	NaN
881	0881-1605	2385355.030	2652.716	2128	1644	61.887	2105.442	NaN
882	0882-1601	2458292.242	2788.462	1181	1566	136.397	2246.248	NaN
883	0883-1575	64718.935	365.441	1997	1571	127.875	224.359	NaN
884	0884-1580	220866.206	657.637	2114	1572	133.025	448.718	NaN
885	0885-1644	6576676.529	4506.483	120	1574	95.305	2120.963	NaN
886	0886-1579	50336.949	317.292	2659	1576	135.000	224.359	NaN
887	0887-1580	50336.949	317.292	1676	1577	135.000	224.359	NaN
888	0888-1582	90401.052	431.206	2668	1587	48.013	288.462	NaN
889	0889-1581	57527.942	340.710	1640	1578	138.814	224.359	NaN
890	0890-1596	808473.044	1814.227	2021	1578	147.995	851.165	NaN
891	0891-1589	554733.728	1191.084	2287	1595	23.806	737.179	NaN
892	0892-1583	64718.935	362.619	1654	1579	135.000	256.410	NaN
893	0893-1591	162310.980	688.170	2099	1601	62.241	320.513	NaN
894	0894-1596	361604.208	1071.204	1365	1584	141.072	634.615	NaN
895	0895-1595	342085.799	918.369	2644	1588	150.751	625.481	NaN
896	0896-1590	92455.621	431.206	761	1585	131.987	288.462	NaN
897	0897-1606	682117.028	1338.885	468	1586	101.041	833.333	NaN
898	0898-1599	290721.565	936.095	1141	1611	51.953	517.682	NaN
899	0899-1593	95537.475	455.534	2130	1588	129.289	288.462	NaN
900	0900-1622	1161858.974	2149.588	355	1654	69.944	1099.155	NaN
901	0901-1596	69855.358	385.949	1019	1592	131.634	256.410	NaN
902	0902-1603	134574.293	577.813	2119	1611	56.310	352.564	NaN
903	0903-1600	71909.928	385.949	2273	1604	41.634	256.410	NaN
904	0904-1606	253739.316	750.986	832	1597	129.806	512.821	NaN
905	0905-1603	119165.023	545.814	2509	1610	49.764	355.577	NaN
906	0906-1612	574252.137	1595.175	2596	1599	157.557	769.584	NaN
907	0907-1607	123274.162	545.814	2281	1614	49.764	382.245	NaN
908	0908-1604	71909.928	391.236	2307	1601	145.008	224.359	NaN
909	0909-1744	24899326.101	9352.441	376	1886	76.726	4583.133	NaN
910	0910-1608	73964.497	385.949	2252	1604	138.366	256.410	NaN
911	0911-1616	370849.770	1484.774	2522	1604	147.339	616.879	NaN
912	0912-1639	2352481.920	2195.688	875	1618	146.310	1800.656	NaN
913	0913-1614	86291.913	431.206	488	1619	41.987	288.462	NaN
914	0914-1614	70882.643	385.949	2562	1610	138.366	256.410	NaN
915	0915-1615	64718.935	365.441	815	1611	127.875	224.359	NaN
916	0916-1621	227029.915	782.472	2209	1611	124.992	461.727	NaN
917	0917-1623	339003.945	862.412	2578	1632	48.013	661.549	NaN
918	0918-1618	136628.863	577.813	2245	1623	33.690	320.513	NaN
919	0919-1630	471523.669	1071.204	2658	1644	51.072	736.312	NaN
920	0920-1625	149983.563	702.939	2186	1633	46.848	382.922	NaN
921	0921-1625	81155.490	410.457	2294	1621	141.340	256.410	NaN
922	0922-1631	226002.630	750.986	1137	1640	50.194	475.937	NaN
923	0923-1627	111974.030	521.757	2497	1622	137.490	339.744	NaN
924	0924-1628	64718.935	362.619	811	1624	135.000	256.410	NaN
925	0925-1629	118137.738	544.872	1187	1634	28.072	288.462	NaN
926	0926-1628	57527.942	340.710	1682	1625	138.814	224.359	NaN
927	0927-1636	248602.893	898.008	1787	1648	55.176	494.721	NaN
928	0928-1631	57527.942	340.710	2630	1627	131.186	224.359	NaN
929	0929-1654	1197813.938	1744.367	475	1629	110.433	911.683	NaN
930	0930-1634	71909.928	391.236	138	1629	124.992	224.359	NaN
931	0931-1694	9511628.863	4374.618	1341	1758	68.510	3048.020	NaN
932	0932-1661	1326224.523	1943.534	832	1691	76.651	1216.061	NaN
933	0933-1637	105810.322	455.534	2597	1643	50.711	320.513	NaN
934	0934-1637	71909.928	385.949	372	1633	131.634	256.410	NaN
935	0935-1637	65746.220	362.619	1629	1633	135.000	256.410	NaN
936	0936-1638	167447.403	709.485	2220	1635	161.565	288.462	NaN
937	0937-1638	64718.935	362.619	2282	1634	135.000	256.410	NaN
938	0938-1639	88346.483	431.206	2579	1644	41.987	288.462	NaN
939	0939-1641	122246.877	506.775	1803	1647	34.695	352.564	NaN
940	0940-1640	123274.162	516.811	2553	1636	150.255	288.462	NaN
941	0941-1644	152038.133	525.680	2117	1638	127.569	416.667	NaN
942	0942-1725	13287927.350	5571.579	1257	1639	95.612	3726.793	NaN
943	0943-1657	472550.953	1304.688	1682	1675	62.176	641.026	NaN
944	0944-1646	50336.949	317.292	1284	1643	135.000	224.359	NaN
945	0945-1648	100673.899	489.242	1158	1652	31.608	256.410	NaN
946	0946-1649	91428.337	431.206	1888	1645	138.013	288.462	NaN
947	0947-1649	57527.942	340.710	2147	1645	131.186	224.359	NaN
948	0948-1649	64718.935	362.619	2276	1653	45.000	256.410	NaN
949	0949-1653	159229.126	641.026	2285	1645	126.870	384.615	NaN
950	0950-1651	57527.942	340.710	134	1647	131.186	224.359	NaN
951	0951-1654	233193.623	703.670	2644	1659	30.069	448.718	NaN
952	0952-1653	115055.884	525.680	2598	1648	142.431	320.513	NaN
953	0953-1660	270175.871	952.953	142	1649	132.274	504.282	NaN
954	0954-1658	173611.111	645.020	1817	1649	116.565	320.513	NaN
955	0955-1656	128410.585	545.814	2204	1663	49.764	352.564	NaN
956	0956-1658	129437.870	657.637	1651	1651	136.975	382.409	NaN
957	0957-1671	1277942.143	2108.818	1842	1688	24.228	1217.949	NaN
958	0958-1655	50336.949	317.292	2173	1652	135.000	224.359	NaN
959	0959-1659	149983.563	590.996	1915	1665	40.601	401.346	NaN
960	0960-1663	299967.127	1129.097	2543	1653	145.408	503.991	NaN
961	0961-1663	195184.089	657.637	1070	1672	43.025	480.769	NaN
962	0962-1658	50336.949	317.292	1178	1655	135.000	224.359	NaN
963	0963-1659	80128.205	407.946	1634	1664	45.000	288.462	NaN
964	0964-1659	57527.942	340.710	132	1656	138.814	224.359	NaN
965	0965-1663	123274.162	501.682	2227	1656	116.565	288.462	NaN
966	0966-1661	87319.198	455.534	2625	1667	50.711	288.462	NaN
967	0967-1661	50336.949	317.292	958	1658	135.000	224.359	NaN
968	0968-1665	177720.250	703.670	928	1671	30.069	352.564	NaN
969	0969-1704	4163584.813	3719.330	2512	1660	137.095	2756.564	NaN
970	0970-1668	95537.475	453.274	1792	1663	135.000	320.513	NaN
971	0971-1667	65746.220	362.619	2173	1663	135.000	256.410	NaN
972	0972-1666	64718.935	365.441	2187	1663	142.125	224.359	NaN
973	0973-1716	3783489.481	3513.967	2289	1769	75.203	1989.481	NaN
974	0974-1705	2343236.358	2967.644	307	1746	62.328	1494.417	NaN
975	0975-1667	50336.949	317.292	1750	1664	135.000	224.359	NaN
976	0976-1675	216757.068	748.245	2200	1664	133.264	512.821	NaN
977	0977-1672	128410.585	500.657	2266	1666	129.806	384.615	NaN
978	0978-1672	90401.052	435.945	1705	1667	126.027	256.410	NaN
979	0979-1673	109919.461	500.657	2141	1679	50.194	320.513	NaN
980	0980-1671	64718.935	365.441	1819	1668	142.125	224.359	NaN
981	0981-1722	6094880.013	3829.290	2104	1668	118.496	2670.035	NaN
982	0982-1672	50336.949	317.292	856	1669	135.000	224.359	NaN
983	0983-1672	50336.949	317.292	1760	1669	135.000	224.359	NaN
984	0984-1673	50336.949	317.292	659	1670	135.000	224.359	NaN
985	0985-1677	145874.425	634.583	1400	1684	45.000	421.025	NaN
986	0986-1742	3962237.015	4456.511	456	1673	97.023	1309.605	NaN
987	0987-1677	63691.650	362.619	1748	1681	45.000	256.410	NaN
988	0988-1682	149983.563	577.813	1654	1675	123.690	384.615	NaN
989	0989-1758	22195512.821	7072.375	957	1681	133.898	5052.886	NaN
990	0990-1739	4125575.279	3920.882	505	1678	94.219	1673.862	NaN
991	0991-1682	82182.774	410.457	1735	1678	141.340	256.410	NaN
992	0992-1682	64718.935	362.619	2082	1686	45.000	256.410	NaN
993	0993-1684	79100.920	410.457	146	1689	51.340	256.410	NaN
994	0994-1778	16501273.833	6405.206	1686	1681	101.254	3789.079	NaN
995	0995-1699	863946.417	1501.971	1756	1715	50.194	1214.162	NaN
996	0996-1714	1600509.533	2251.132	1156	1683	118.025	1096.394	NaN
997	0997-1697	582470.414	1182.427	1891	1684	147.171	961.538	NaN
998	0998-1691	185938.527	891.118	1814	1683	142.306	417.803	NaN
999	0999-1687	64718.935	365.441	1414	1684	142.125	224.359	NaN
1000	1000-1687	50336.949	317.292	1946	1684	135.000	224.359	NaN
1001	1001-1744	8542899.408	4029.039	880	1801	62.008	2938.628	NaN
1002	1002-1691	79100.920	410.457	2250	1686	128.660	256.410	NaN
1003	1003-1693	57527.942	340.710	2235	1689	131.186	224.359	NaN
1004	1004-1723	2147024.984	2232.574	1398	1690	129.174	1675.791	NaN
1005	1005-1789	17235782.380	6355.212	166	1691	98.702	3825.106	NaN
1006	1006-1730	2367891.190	2571.504	1869	1691	100.049	1655.935	NaN
1007	1007-1695	65746.220	362.619	2079	1691	135.000	256.410	NaN
1008	1008-1699	193129.520	681.420	2496	1707	48.814	448.718	NaN
1009	1009-1697	105810.322	476.477	799	1692	137.726	320.513	NaN
1010	1010-1695	50336.949	317.292	2608	1692	135.000	224.359	NaN
1011	1011-1701	285585.141	874.830	1802	1707	28.443	480.769	NaN
1012	1012-1708	199293.228	685.927	1074	1717	52.595	512.821	NaN
1013	1013-1715	382149.901	1237.196	2598	1731	53.427	613.280	NaN
1014	1014-1707	137656.147	506.775	1740	1710	34.695	416.667	NaN
1015	1015-1708	123274.162	516.811	2596	1715	60.255	288.462	NaN
1016	1016-1715	194156.805	827.147	834	1726	54.462	427.050	NaN
1017	1017-1713	176692.965	750.986	1794	1705	140.194	493.688	NaN
1018	1018-1711	73964.497	385.949	1054	1707	138.366	256.410	NaN
1019	1019-1711	50336.949	317.292	2110	1708	135.000	224.359	NaN
1020	1020-1717	122246.877	573.351	1818	1721	26.565	256.410	NaN
1021	1021-1718	79100.920	407.946	806	1714	135.000	288.462	NaN
1022	1022-1726	157174.556	612.339	2527	1733	47.121	416.667	NaN
1023	1023-1726	144847.140	588.383	2438	1730	29.358	352.564	NaN
1024	1024-1727	64718.935	362.619	2332	1723	135.000	256.410	NaN
1025	1025-1728	64718.935	362.619	1516	1724	135.000	256.410	NaN
1026	1026-1736	356467.784	1065.434	2380	1746	21.161	610.879	NaN
1027	1027-1736	252712.032	730.882	1797	1742	37.875	503.852	NaN
1028	1028-1735	57527.942	340.710	1535	1731	131.186	224.359	NaN
1029	1029-1749	531106.180	1326.939	2644	1764	52.853	677.471	NaN
1030	1030-1741	228057.199	817.151	2325	1732	131.820	516.016	NaN
1031	1031-1737	57527.942	340.710	288	1733	131.186	224.359	NaN
1032	1032-1737	71909.928	365.441	1786	1733	142.125	256.410	NaN
1033	1033-1738	119165.023	498.601	2183	1744	45.000	352.564	NaN
1034	1034-1738	64718.935	365.441	660	1734	127.875	224.359	NaN
1035	1035-1737	50336.949	317.292	762	1734	135.000	224.359	NaN
1036	1036-1739	115055.884	544.872	1518	1735	151.928	256.410	NaN
1037	1037-1750	533160.750	1236.781	1467	1760	31.218	833.333	NaN
1038	1038-1740	50336.949	317.292	2359	1737	135.000	224.359	NaN
1039	1039-1783	2333990.796	2861.733	261	1826	74.407	1482.112	NaN
1040	1040-1751	222920.776	862.412	2220	1742	138.013	475.937	NaN
1041	1041-1766	1022148.258	1624.845	2413	1791	75.141	1134.756	NaN
1042	1042-1747	50336.949	317.292	2614	1744	135.000	224.359	NaN
1043	1043-1756	316403.682	974.802	2523	1745	133.668	531.674	NaN
1044	1044-1754	134574.293	544.872	654	1747	118.072	320.513	NaN
1045	1045-1753	135601.578	521.757	2674	1747	132.510	352.564	NaN
1046	1046-1752	50336.949	317.292	2185	1749	135.000	224.359	NaN
1047	1047-1757	144847.140	615.685	238	1765	51.340	384.615	NaN
1048	1048-1764	387286.325	1022.632	1544	1751	122.196	576.923	NaN
1049	1049-1756	154092.702	676.123	1767	1751	148.570	338.999	NaN
1050	1050-1755	71909.928	385.949	1898	1759	41.634	256.410	NaN
1051	1051-1836	14956237.673	5448.718	1406	1759	126.870	3924.873	NaN
1052	1052-1842	12484590.730	5806.946	1162	1753	98.890	3452.913	NaN
1053	1053-1757	64718.935	362.619	1378	1761	45.000	256.410	NaN
1054	1054-1768	761217.949	1276.028	1477	1773	25.278	961.538	NaN
1055	1055-1768	383177.186	1200.105	1520	1753	124.114	540.477	NaN
1056	1056-1765	232166.338	874.830	2501	1753	118.443	441.981	NaN
1057	1057-1767	416050.296	1119.503	291	1761	156.371	702.265	NaN
1058	1058-1784	1324169.954	1835.618	1307	1758	114.775	1314.103	NaN
1059	1059-1772	316403.682	922.832	2447	1786	69.677	477.834	NaN
1060	1060-1763	72937.212	385.949	2556	1768	48.366	256.410	NaN
1061	1061-1771	399613.741	1206.508	2569	1780	16.991	617.064	NaN
1062	1062-1778	539324.458	1308.226	2209	1796	59.036	790.380	NaN
1063	1063-1771	190047.666	641.026	1764	1763	126.870	448.718	NaN
1064	1064-1766	93482.906	473.232	2301	1763	151.699	224.359	NaN
1065	1065-1778	304076.266	1033.623	1371	1764	119.745	478.913	NaN
1066	1066-1768	85264.629	455.534	2192	1764	140.711	288.462	NaN
1067	1067-1777	221893.491	862.412	2383	1767	131.987	509.233	NaN
1068	1068-1772	57527.942	340.710	249	1768	131.186	224.359	NaN
1069	1069-1777	265039.448	748.245	1827	1787	46.736	608.974	NaN
1070	1070-1847	15261341.223	5189.537	2008	1826	162.013	4419.483	NaN
1071	1071-1774	102728.468	445.271	2533	1771	149.744	288.462	NaN
1072	1072-1775	64718.935	362.619	1870	1771	135.000	256.410	NaN
1073	1073-1777	145874.425	604.742	2336	1773	147.995	364.878	NaN
1074	1074-1778	164365.549	634.583	2484	1771	135.000	430.013	NaN
1075	1075-1777	64718.935	362.619	2234	1773	135.000	256.410	NaN
1076	1076-1778	93482.906	435.945	2175	1782	36.027	288.462	NaN
1077	1077-1779	80128.205	391.236	2606	1774	124.992	256.410	NaN
1078	1078-1780	104783.037	455.534	1810	1784	39.289	320.513	NaN
1079	1079-1780	50336.949	317.292	2432	1777	135.000	224.359	NaN
1080	1080-1781	50336.949	317.292	2117	1778	135.000	224.359	NaN
1081	1081-1783	50336.949	317.292	935	1780	135.000	224.359	NaN
1082	1082-1784	71909.928	385.949	2257	1780	138.366	256.410	NaN
1083	1083-1814	1735083.826	2507.386	1879	1847	57.529	1397.745	NaN
1084	1084-1787	81155.490	410.457	1550	1792	51.340	256.410	NaN
1085	1085-1791	145874.425	525.680	2232	1796	37.569	416.667	NaN
1086	1086-1790	86291.913	431.206	2345	1785	131.987	288.462	NaN
1087	1087-1794	179774.819	666.944	2143	1803	54.782	384.615	NaN
1088	1088-1795	115055.884	500.657	946	1789	129.806	352.564	NaN
1089	1089-1849	5688075.279	4017.804	997	1907	68.962	2951.405	NaN
1090	1090-1800	220866.206	782.472	2295	1795	145.008	564.117	NaN
1091	1091-1797	116083.169	506.775	2612	1792	145.305	320.513	NaN
1092	1092-1835	2178870.809	2740.150	1515	1794	114.167	1677.531	NaN
1093	1093-1798	72937.212	385.949	2169	1802	41.634	256.410	NaN
1094	1094-1830	2663749.178	2657.938	22	1796	123.690	1635.467	NaN
1095	1095-1800	57527.942	340.710	1822	1796	131.186	224.359	NaN
1096	1096-1801	50336.949	317.292	1373	1798	135.000	224.359	NaN
1097	1097-1812	245521.039	934.447	1788	1800	120.964	473.014	NaN
1098	1098-1806	109919.461	500.657	1939	1811	39.806	320.513	NaN
1099	1099-1894	16851577.909	6050.905	1229	1806	115.072	4922.934	NaN
1100	1100-1906	13184171.598	6531.938	315	1805	97.613	2894.191	NaN
1101	1101-1818	352358.646	989.964	2179	1832	60.945	544.872	NaN
1102	1102-1820	507478.632	1043.514	917	1833	47.490	776.280	NaN
1103	1103-1812	102728.468	431.206	2232	1807	131.987	320.513	NaN
1104	1104-1818	210593.360	759.825	2277	1808	117.646	398.789	NaN
1105	1105-1813	88346.483	410.457	2332	1808	128.660	288.462	NaN
1106	1106-1814	126356.016	525.680	2164	1819	37.569	320.513	NaN
1107	1107-1832	765327.087	1506.751	897	1811	119.291	1021.136	NaN
1108	1108-1875	6470866.206	4213.860	1588	1936	68.118	2674.314	NaN
1109	1109-1818	50336.949	317.292	1764	1815	135.000	224.359	NaN
1110	1110-1825	320512.821	833.333	1581	1822	157.380	576.923	NaN
1111	1111-1823	180802.104	632.150	1775	1829	30.466	448.718	NaN
1112	1112-1849	687253.452	2081.360	1565	1817	99.752	857.380	NaN
1113	1113-1827	93482.906	455.534	2318	1822	129.289	288.462	NaN
1114	1114-1827	50336.949	317.292	2167	1824	135.000	224.359	NaN
1115	1115-1833	195184.089	705.856	1370	1841	39.472	480.769	NaN
1116	1116-1835	216757.068	782.472	1509	1827	145.008	439.740	NaN
1117	1117-1830	50336.949	317.292	2265	1827	135.000	224.359	NaN
1118	1118-1834	50336.949	317.292	2192	1831	135.000	224.359	NaN
1119	1119-1854	913256.082	1451.184	984	1874	59.470	1146.789	NaN
1120	1120-1841	148956.279	570.657	7	1836	141.843	352.564	NaN
1121	1121-1861	901955.950	1693.570	112	1838	119.476	946.027	NaN
1122	1122-1844	106837.607	521.757	928	1850	47.490	352.564	NaN
1123	1123-1847	351331.361	964.206	2220	1840	158.552	540.577	NaN
1124	1124-1845	85264.629	431.206	1778	1840	131.987	288.462	NaN
1125	1125-1844	102728.468	489.242	2286	1848	31.608	256.410	NaN
1126	1126-1848	134574.293	506.775	2175	1855	55.305	352.564	NaN
1127	1127-1876	1577909.270	2130.868	89	1843	96.911	1153.846	NaN
1128	1128-1850	123274.162	480.769	2208	1845	126.870	320.513	NaN
1129	1129-1851	50336.949	317.292	2367	1848	135.000	224.359	NaN
1130	1130-2026	55251479.290	11874.124	116	2198	68.629	8756.167	NaN
1131	1131-1881	2700731.427	2881.052	805	1902	32.276	1545.435	NaN
1132	1132-1902	5234015.450	3315.565	923	1952	73.142	2393.739	NaN
1133	1133-1857	71909.928	391.236	2307	1854	145.008	224.359	NaN
1134	1134-1859	72937.212	385.949	2196	1855	138.366	256.410	NaN
1135	1135-1861	97592.045	431.206	1773	1856	131.987	320.513	NaN
1136	1136-1867	57527.942	340.710	1091	1864	138.814	224.359	NaN
1137	1137-1873	64718.935	362.619	1551	1877	45.000	256.410	NaN
1138	1138-1873	71909.928	365.441	2175	1870	142.125	256.410	NaN
1139	1139-1872	50336.949	317.292	2190	1869	135.000	224.359	NaN
1140	1140-1874	80128.205	410.457	757	1878	38.660	256.410	NaN
1141	1141-1880	216757.068	703.670	1844	1887	30.069	458.287	NaN
1142	1142-1926	8500780.736	4067.483	1735	1879	139.154	3216.974	NaN
1143	1143-1895	905037.804	1366.603	142	1913	39.289	1057.486	NaN
1144	1144-1879	57527.942	340.710	2237	1876	138.814	224.359	NaN
1145	1145-1933	5768203.485	3876.085	395	1988	66.615	2288.742	NaN
1146	1146-1881	57527.942	340.710	773	1877	131.186	224.359	NaN
1147	1147-1900	868055.556	1662.964	1109	1877	117.553	1051.377	NaN
1148	1148-1881	57527.942	340.710	1234	1878	138.814	224.359	NaN
1149	1149-1884	109919.461	462.250	2226	1878	123.690	320.513	NaN
1150	1150-1883	57527.942	340.710	786	1879	131.186	224.359	NaN
1151	1151-1884	63691.650	362.619	2180	1888	45.000	256.410	NaN
1152	1152-1887	138683.432	521.757	111	1881	132.510	384.615	NaN
1153	1153-1885	50336.949	317.292	1142	1882	135.000	224.359	NaN
1154	1154-1897	744781.394	1261.453	1538	1887	152.784	993.590	NaN
1155	1155-1890	147928.994	615.685	751	1896	38.660	407.946	NaN
1156	1156-1896	185938.527	791.608	2202	1907	58.241	391.748	NaN
1157	1157-1895	168474.688	796.137	2159	1888	139.899	371.795	NaN
1158	1158-1892	50336.949	317.292	974	1889	135.000	224.359	NaN
1159	1159-1893	95537.475	455.534	2418	1898	39.289	288.462	NaN
1160	1160-1894	57527.942	340.710	362	1890	131.186	224.359	NaN
1161	1161-1898	174638.396	756.437	774	1905	36.384	408.914	NaN
1162	1162-1899	416050.296	1033.623	1646	1908	29.745	585.577	NaN
1163	1163-1894	64718.935	365.441	1917	1890	127.875	224.359	NaN
1164	1164-1915	1168022.682	1602.885	1385	1940	78.465	1250.170	NaN
1165	1165-1911	532133.465	1351.105	1693	1930	67.694	605.920	NaN
1166	1166-1896	81155.490	410.457	1522	1892	141.340	256.410	NaN
1167	1167-1900	63691.650	362.619	34	1904	45.000	256.410	NaN
1168	1168-1907	297912.558	815.892	118	1918	45.000	576.923	NaN
1169	1169-1902	93482.906	453.274	2401	1907	45.000	320.513	NaN
1170	1170-1904	102728.468	476.477	2120	1910	47.726	320.513	NaN
1171	1171-1902	50336.949	317.292	2152	1899	135.000	224.359	NaN
1172	1172-1907	215729.783	810.840	1487	1905	161.565	352.564	NaN
1173	1173-1910	186965.812	705.856	756	1903	140.528	401.263	NaN
1174	1174-1983	17420693.623	6269.365	2071	1958	172.657	4726.127	NaN
1175	1175-1911	101701.183	500.657	2417	1916	39.806	320.513	NaN
1176	1176-1982	16397518.080	5700.895	794	1907	121.903	4755.362	NaN
1177	1177-1916	219838.922	775.879	1850	1908	141.710	465.800	NaN
1178	1178-1983	18122329.060	6545.371	2374	1943	171.552	4456.934	NaN
1179	1179-1918	193129.520	690.406	1530	1916	158.199	384.615	NaN
1180	1180-1927	228057.199	835.795	2245	1916	122.471	444.347	NaN
1181	1181-2020	27192225.510	7239.972	1054	1933	154.569	6514.942	NaN
1182	1182-1923	87319.198	410.457	1825	1918	128.660	288.462	NaN
1183	1183-1924	135601.578	551.431	2278	1930	35.538	352.564	NaN
1184	1184-1939	600961.538	1321.508	1196	1949	39.094	906.547	NaN
1185	1185-1930	221893.491	716.688	1673	1920	116.565	448.718	NaN
1186	1186-1946	1931295.201	1982.521	1433	1934	145.539	1630.995	NaN
1187	1187-1926	81155.490	410.457	1170	1930	38.660	256.410	NaN
1188	1188-1927	50336.949	317.292	2097	1924	135.000	224.359	NaN
1189	1189-1929	102728.468	476.477	2111	1934	42.274	320.513	NaN
1190	1190-1943	878328.402	1689.014	994	1957	33.389	1089.744	NaN
1191	1191-1937	292776.134	775.879	1623	1929	128.290	576.923	NaN
1192	1192-1933	73964.497	385.949	1869	1929	131.634	256.410	NaN
1193	1193-1937	158201.841	612.339	1551	1930	132.879	416.667	NaN
1194	1194-1947	484878.369	1125.452	698	1964	70.017	641.026	NaN
1195	1195-1940	267094.017	693.375	1400	1946	33.690	608.974	NaN
1196	1196-1942	246548.323	782.472	1880	1932	124.992	480.769	NaN
1197	1197-1939	187993.097	590.996	2303	1932	139.399	448.718	NaN
1198	1198-1936	57527.942	340.710	738	1933	138.814	224.359	NaN
1199	1199-1949	316403.682	803.203	1171	1960	61.390	641.026	NaN
1200	1200-1944	64718.935	362.619	1832	1940	135.000	256.410	NaN
1201	1201-1986	3027407.955	2895.989	1518	1941	95.080	1891.026	NaN
1202	1202-1950	117110.454	551.431	1541	1946	144.462	336.683	NaN
1203	1203-1949	64718.935	362.619	2265	1953	45.000	256.410	NaN
1204	1204-1951	87319.198	431.206	1853	1956	41.987	288.462	NaN
1205	1205-2002	7362549.310	4508.420	2277	1970	147.779	2996.631	NaN
1206	1206-1957	212647.929	693.375	730	1964	33.690	448.718	NaN
1207	1207-1974	931747.206	1596.784	1346	1999	79.592	1153.846	NaN
1208	1208-2076	20845660.750	8634.178	868	2198	65.433	4296.789	NaN
1209	1209-1957	97592.045	435.945	1198	1953	143.973	288.462	NaN
1210	1210-1983	2330908.941	2295.194	1370	2013	35.910	1807.199	NaN
1211	1211-1956	50336.949	317.292	1834	1953	135.000	224.359	NaN
1212	1212-1975	799227.482	1376.714	1034	1996	77.905	897.436	NaN
1213	1213-1961	57527.942	340.710	1586	1957	131.186	224.359	NaN
1214	1214-1962	111974.030	455.534	1900	1967	39.289	352.564	NaN
1215	1215-1962	63691.650	362.619	1691	1966	45.000	256.410	NaN
1216	1216-1962	57527.942	340.710	1848	1958	131.186	224.359	NaN
1217	1217-1963	64718.935	362.619	1594	1959	135.000	256.410	NaN
1218	1218-1973	207511.506	942.656	1693	1985	54.689	394.905	NaN
1219	1219-1971	222920.776	693.375	1860	1980	56.310	471.433	NaN
1220	1220-1969	100673.899	462.250	730	1966	146.310	288.462	NaN
1221	1221-2013	3611932.939	3831.838	1546	2054	43.305	2054.415	NaN
1222	1222-1970	50336.949	317.292	1732	1967	135.000	224.359	NaN
1223	1223-1980	342085.799	1006.431	2608	1993	52.765	587.552	NaN
1224	1224-1972	81155.490	385.949	2584	1968	131.634	288.462	NaN
1225	1225-1985	339003.945	860.026	1438	1973	116.565	731.022	NaN
1226	1226-1982	50336.949	317.292	1537	1979	135.000	224.359	NaN
1227	1227-1984	78073.636	407.946	1634	1989	45.000	288.462	NaN
1228	1228-1989	220866.206	726.653	1233	1982	138.576	470.089	NaN
1229	1229-1999	384204.471	1049.894	703	2012	58.736	599.710	NaN
1230	1230-1996	442759.698	1006.431	730	2009	52.765	673.077	NaN
1231	1231-1989	64718.935	362.619	1275	1985	135.000	256.410	NaN
1232	1232-1990	71909.928	365.441	1707	1986	127.875	256.410	NaN
1233	1233-2003	368795.201	1141.314	1998	1989	128.157	587.685	NaN
1234	1234-2014	1297460.552	2294.523	2527	2040	41.035	1090.107	NaN
1235	1235-1997	172583.826	570.657	1461	1990	128.157	448.718	NaN
1236	1236-1997	143819.855	612.339	1623	2004	47.121	362.619	NaN
1237	1237-1999	257848.455	775.879	2065	2009	51.710	502.862	NaN
1238	1238-1994	57527.942	340.710	1263	1991	138.814	224.359	NaN
1239	1239-2028	2307281.394	2329.844	1281	2028	172.093	1998.156	NaN
1240	1240-1999	115055.884	476.477	2609	2004	42.274	320.513	NaN
1241	1241-2006	306130.835	951.335	1262	2012	32.619	544.683	NaN
1242	1242-2003	95537.475	476.477	1029	2008	42.274	320.513	NaN
1243	1243-2004	121219.592	476.477	2022	2009	47.726	320.513	NaN
1244	1244-2004	107864.892	476.477	407	1999	132.274	320.513	NaN
1245	1245-2017	589661.407	1276.028	672	2035	64.722	641.026	NaN
1246	1246-2008	283530.572	747.558	1645	2001	149.036	552.755	NaN
1247	1247-2003	50336.949	317.292	1233	2000	135.000	224.359	NaN
1248	1248-2034	1350879.356	2171.223	657	2068	81.511	1217.949	NaN
1249	1249-2036	2180925.378	2207.819	130	2002	99.189	1748.720	NaN
1250	1250-2009	50336.949	317.292	1634	2006	135.000	224.359	NaN
1251	1251-2009	50336.949	317.292	2615	2006	135.000	224.359	NaN
1252	1252-2093	17908653.846	6108.692	1391	2163	41.384	5252.282	NaN
1253	1253-2012	65746.220	362.619	1620	2008	135.000	256.410	NaN
1254	1254-2033	1358070.348	1852.608	2582	2020	142.734	1401.826	NaN
1255	1255-2016	65746.220	362.619	1340	2012	135.000	256.410	NaN
1256	1256-2030	644107.495	1498.547	1985	2012	131.532	787.613	NaN
1257	1257-2064	2430555.556	3105.007	367	2016	97.712	1500.603	NaN
1258	1258-2020	50336.949	317.292	351	2017	135.000	224.359	NaN
1259	1259-2023	57527.942	340.710	760	2019	131.186	224.359	NaN
1260	1260-2036	1197813.938	1607.684	754	2051	23.499	1089.744	NaN
1261	1261-2023	72937.212	385.949	2073	2019	138.366	256.410	NaN
1262	1262-2107	8774038.462	5643.666	708	2194	81.180	2717.610	NaN
1263	1263-2024	63691.650	362.619	1664	2020	135.000	256.410	NaN
1264	1264-2027	108892.176	570.657	2025	2020	128.157	337.915	NaN
1265	1265-2109	22300295.858	8459.656	2057	2058	151.979	4527.341	NaN
1266	1266-2032	279421.433	934.447	2398	2020	120.964	461.279	NaN
1267	1267-2063	3385930.309	2803.342	2253	2022	112.166	2072.392	NaN
1268	1268-2026	57527.942	340.710	2574	2022	131.186	224.359	NaN
1269	1269-2036	430432.281	1253.693	2536	2046	32.471	578.291	NaN
1270	1270-2029	50336.949	317.292	343	2026	135.000	224.359	NaN
1271	1271-2056	1002629.849	1703.549	1232	2069	41.186	1424.116	NaN
1272	1272-2039	57527.942	340.710	2416	2035	131.186	224.359	NaN
1273	1273-2045	296885.273	737.876	336	2037	145.620	608.974	NaN
1274	1274-2040	50336.949	317.292	2035	2037	135.000	224.359	NaN
1275	1275-2042	106837.607	476.477	2367	2047	42.274	352.564	NaN
1276	1276-2042	64718.935	365.441	1242	2038	127.875	224.359	NaN
1277	1277-2048	102728.468	489.242	190	2042	121.608	256.410	NaN
1278	1278-2120	10296474.359	5162.645	426	2042	102.915	3012.958	NaN
1279	1279-2048	79100.920	417.898	2234	2043	122.471	224.359	NaN
1280	1280-2124	21656188.363	7482.859	2301	2101	157.059	4743.590	NaN
1281	1281-2055	50336.949	317.292	1	2052	135.000	224.359	NaN
1282	1282-2055	50336.949	317.292	865	2052	135.000	224.359	NaN
1283	1283-2059	205456.936	732.286	2008	2066	23.199	448.718	NaN
1284	1284-2058	57527.942	340.710	758	2055	138.814	224.359	NaN
1285	1285-2059	115055.884	506.775	2521	2064	34.695	288.462	NaN
1286	1286-2075	874219.264	1654.604	589	2093	45.785	826.405	NaN
1287	1287-2128	14370685.404	5666.645	746	2197	45.917	3790.626	NaN
1288	1288-2128	15656845.825	5916.306	1251	2197	43.903	4129.057	NaN
1289	1289-2063	71909.928	365.441	270	2059	142.125	256.410	NaN
1290	1290-2075	701635.437	1562.644	2526	2080	25.514	909.476	NaN
1291	1291-2063	50336.949	317.292	2310	2060	135.000	224.359	NaN
1292	1292-2073	441732.413	1247.120	2483	2065	154.093	650.888	NaN
1293	1293-2072	288666.995	1022.129	2606	2061	138.814	538.523	NaN
1294	1294-2070	279421.433	892.845	757	2075	21.038	448.718	NaN
1295	1295-2070	71909.928	385.949	645	2066	138.366	256.410	NaN
1296	1296-2080	403722.880	942.656	1984	2067	125.311	608.974	NaN
1297	1297-2072	81155.490	410.457	1206	2076	38.660	256.410	NaN
1298	1298-2073	50336.949	317.292	2024	2070	135.000	224.359	NaN
1299	1299-2094	1045775.805	2052.283	2580	2073	141.340	1032.947	NaN
1300	1300-2079	64718.935	365.441	22	2075	127.875	224.359	NaN
1301	1301-2080	86291.913	431.206	2034	2076	138.013	288.462	NaN
1302	1302-2083	83210.059	407.946	12	2079	135.000	288.462	NaN
1303	1303-2084	105810.322	453.274	2484	2090	45.000	320.513	NaN
1304	1304-2085	94510.191	435.945	1535	2091	53.973	288.462	NaN
1305	1305-2087	79100.920	407.946	2529	2083	135.000	288.462	NaN
1306	1306-2101	616370.809	1435.168	2477	2111	29.427	902.912	NaN
1307	1307-2143	12235987.837	5220.818	1103	2189	28.610	3557.692	NaN
1308	1308-2133	3670488.166	3039.976	984	2168	47.564	1802.592	NaN
1309	1309-2100	196211.374	748.245	11	2092	133.264	447.882	NaN
1310	1310-2109	532133.465	1263.081	598	2120	35.707	865.385	NaN
1311	1311-2106	157174.556	567.045	2040	2112	42.709	416.667	NaN
1312	1312-2105	88346.483	435.945	2544	2101	143.973	256.410	NaN
1313	1313-2112	307158.120	936.095	2556	2101	141.953	592.123	NaN
1314	1314-2105	50336.949	317.292	1939	2102	135.000	224.359	NaN
1315	1315-2109	156147.272	577.813	2002	2102	123.690	384.615	NaN
1316	1316-2125	1321088.100	2154.838	1959	2112	157.249	1169.022	NaN
1317	1317-2109	65746.220	362.619	879	2105	135.000	256.410	NaN
1318	1318-2112	50336.949	317.292	1913	2109	135.000	224.359	NaN
1319	1319-2112	57527.942	340.710	2067	2109	138.814	224.359	NaN
1320	1320-2125	1098167.324	1908.330	2087	2112	150.852	899.226	NaN
1321	1321-2122	213675.214	817.151	1903	2113	131.820	498.601	NaN
1322	1322-2122	167447.403	748.245	624	2131	46.736	427.996	NaN
1323	1323-2123	228057.199	702.939	725	2130	43.152	512.821	NaN
1324	1324-2118	50336.949	317.292	2605	2115	135.000	224.359	NaN
1325	1325-2122	50336.949	317.292	2015	2119	135.000	224.359	NaN
1326	1326-2140	1033448.389	1634.301	7	2123	131.820	1250.000	NaN
1327	1327-2126	153065.417	612.339	64	2120	137.121	416.667	NaN
1328	1328-2123	50336.949	317.292	2518	2120	135.000	224.359	NaN
1329	1329-2125	64718.935	365.441	2538	2121	127.875	224.359	NaN
1330	1330-2160	3864644.970	2829.967	2042	2155	166.908	2341.652	NaN
1331	1331-2128	79100.920	407.946	1949	2133	45.000	288.462	NaN
1332	1332-2131	131492.439	570.657	642	2125	141.843	384.615	NaN
1333	1333-2134	78073.636	410.457	662	2129	128.660	256.410	NaN
1334	1334-2163	4836456.279	3689.658	1447	2182	172.011	2211.538	NaN
1335	1335-2135	64718.935	362.619	1936	2139	45.000	256.410	NaN
1336	1336-2164	4187212.360	2798.024	2560	2190	9.894	2147.436	NaN
1337	1337-2150	988247.863	1616.923	597	2166	39.369	1185.897	NaN
1338	1338-2136	50336.949	317.292	2564	2133	135.000	224.359	NaN
1339	1339-2138	78073.636	407.946	2515	2134	135.000	288.462	NaN
1340	1340-2156	1229659.763	1616.923	1057	2171	39.369	1248.298	NaN
1341	1341-2143	152038.133	720.263	1886	2148	32.276	414.201	NaN
1342	1342-2141	79100.920	391.236	1925	2136	124.992	256.410	NaN
1343	1343-2159	1011875.411	2207.819	1925	2181	39.699	927.097	NaN
1344	1344-2168	2430555.556	2352.878	52	2140	127.807	1891.026	NaN
1345	1345-2145	129437.870	636.200	2490	2139	139.086	339.056	NaN
1346	1346-2149	239357.331	737.876	1655	2159	55.620	512.821	NaN
1347	1347-2147	71909.928	385.949	377	2143	131.634	256.410	NaN
1348	1348-2157	305103.550	1005.920	654	2172	67.521	464.813	NaN
1349	1349-2152	162310.980	681.420	2547	2160	48.814	427.285	NaN
1350	1350-2152	233193.623	747.558	1039	2157	30.964	480.769	NaN
1351	1351-2149	50336.949	317.292	1862	2146	135.000	224.359	NaN
1352	1352-2156	255793.886	808.938	1906	2163	33.690	454.353	NaN
1353	1353-2156	80128.205	410.457	2521	2151	128.660	256.410	NaN
1354	1354-2168	611234.385	1049.894	951	2174	31.264	862.463	NaN
1355	1355-2176	1068376.068	1644.640	357	2198	56.929	1147.920	NaN
1356	1356-2168	200320.513	711.654	1669	2177	54.162	428.528	NaN
1357	1357-2166	137656.147	567.045	1843	2172	42.709	384.615	NaN
1358	1358-2166	72937.212	385.949	2545	2170	41.634	256.410	NaN
1359	1359-2167	57527.942	340.710	1873	2163	131.186	224.359	NaN
1360	1360-2183	851619.001	1369.231	1969	2191	20.556	961.538	NaN
1361	1361-2173	98619.329	498.601	2530	2168	135.000	339.744	NaN
1362	1362-2173	50336.949	317.292	644	2170	135.000	224.359	NaN
1363	1363-2182	233193.623	835.795	628	2193	57.529	480.769	NaN
1364	1364-2179	64718.935	365.441	577	2175	127.875	224.359	NaN
1365	1365-2181	50336.949	317.292	615	2178	135.000	224.359	NaN
1366	1366-2182	98619.329	455.534	1030	2178	140.711	288.462	NaN
1367	1367-2188	1123849.441	2619.984	1766	2196	7.734	608.974	NaN
1368	1368-2185	102728.468	462.250	1875	2179	123.690	288.462	NaN
1369	1369-2182	57527.942	340.710	2127	2179	138.814	224.359	NaN
1370	1370-2189	743754.109	2044.510	1628	2198	13.601	516.732	NaN
1371	1371-2190	122246.877	657.637	682	2183	133.025	340.692	NaN
1372	1372-2192	257848.455	831.482	985	2187	152.447	448.718	NaN
1373	1373-2191	230111.769	711.654	1009	2198	35.838	416.667	NaN
1374	1374-2191	94510.191	455.534	2643	2186	129.289	288.462	NaN
1375	1375-2192	95537.475	500.657	1899	2187	140.194	320.513	NaN
1376	1376-2193	162310.980	673.840	1379	2198	25.346	320.513	NaN
1377	1377-2193	92455.621	476.477	2308	2198	42.274	320.513	NaN
1378	1378-2193	73964.497	385.949	1035	2189	138.366	256.410	NaN
1379	1379-2194	133547.009	560.668	1928	2189	149.036	320.513	NaN
1380	1380-2193	116083.169	506.775	2293	2198	34.695	288.462	NaN
1381	1381-2194	135601.578	588.383	944	2190	150.642	288.462	NaN
1382	1382-2193	71909.928	391.236	1695	2190	145.008	224.359	NaN
1383	1383-2193	57527.942	340.710	2007	2190	138.814	224.359	NaN
