 	Label	Area	Feret	FeretX	FeretY	FeretAngle	MinFeret	Perinuclei
1	0001-0035	3337647.929	2798.758	1291	51	13.241	1865.971	NaN
2	0002-0084	12443499.343	5448.718	775	161	64.942	3541.755	NaN
3	0003-0015	123274.162	498.601	458	21	45.000	352.564	NaN
4	0004-0052	5024449.375	3536.696	1035	89	43.531	2178.934	NaN
5	0005-0027	804363.905	1526.731	2129	44	39.036	958.236	NaN
6	0006-0038	1083785.339	1692.356	1174	25	142.696	895.997	NaN
7	0007-0027	230111.769	796.137	599	17	130.101	568.923	NaN
8	0008-0034	544460.881	1136.804	1394	51	68.499	737.179	NaN
9	0009-0025	57527.942	340.710	445	21	131.186	224.359	NaN
10	0010-0028	156147.272	636.200	2469	21	130.914	393.888	NaN
11	0011-0030	139710.717	521.757	2351	25	137.490	384.615	NaN
12	0012-0051	1321088.100	1999.034	429	67	41.100	1053.364	NaN
13	0013-0039	502342.209	968.988	998	49	34.216	775.274	NaN
14	0014-0085	7358440.171	4266.795	2538	126	48.045	2881.299	NaN
15	0015-0057	1494699.211	2688.107	349	84	39.193	964.984	NaN
16	0016-0115	13861152.202	6282.787	1590	199	58.986	3567.676	NaN
17	0017-0066	1592291.256	2422.577	668	32	115.887	1028.727	NaN
18	0018-0037	57527.942	340.710	1153	34	138.814	224.359	NaN
19	0019-0104	12581155.490	4945.150	904	173	63.435	3894.803	NaN
20	0020-0041	88346.483	431.206	349	46	48.013	288.462	NaN
21	0021-0080	4290968.113	3785.852	243	94	28.301	1822.332	NaN
22	0022-0046	143819.855	619.013	620	43	158.749	288.462	NaN
23	0023-0047	50336.949	317.292	2473	44	135.000	224.359	NaN
24	0024-0091	4357741.617	3564.471	1104	135	52.306	1999.663	NaN
25	0025-0061	518778.764	1061.086	2486	70	25.017	753.329	NaN
26	0026-0054	63691.650	362.619	2132	50	135.000	256.410	NaN
27	0027-0121	8720619.658	4844.835	580	190	63.265	2703.627	NaN
28	0028-0092	2889751.808	2382.383	2170	56	100.856	1915.432	NaN
29	0029-0081	1553254.438	2130.868	2391	58	136.219	1269.166	NaN
30	0030-0069	186965.812	660.754	1815	61	129.094	454.522	NaN
31	0031-0107	4037228.797	3038.286	1243	149	46.710	1893.170	NaN
32	0032-0069	85264.629	431.206	1232	74	48.013	288.462	NaN
33	0033-0081	466387.245	1233.454	1712	99	65.433	608.974	NaN
34	0034-0079	808473.044	1348.060	1744	84	18.004	929.487	NaN
35	0035-0095	1148504.274	1978.112	1553	123	63.020	977.055	NaN
36	0036-0148	12140450.362	6002.496	1286	227	54.782	2692.308	NaN
37	0037-0119	3989973.702	3313.086	1791	170	77.712	1851.530	NaN
38	0038-0129	10452621.631	4688.917	337	169	15.461	3392.940	NaN
39	0039-0126	4814883.300	3298.947	1150	166	57.700	2276.572	NaN
40	0040-0101	1155695.266	1628.319	2449	122	53.807	971.697	NaN
41	0041-0109	1030366.535	1553.413	2497	87	111.801	927.379	NaN
42	0042-0090	50336.949	317.292	1027	87	135.000	224.359	NaN
43	0043-0128	2379191.321	2597.538	730	167	74.249	1361.732	NaN
44	0044-0100	192102.235	636.200	334	92	130.914	448.718	NaN
45	0045-0128	2820923.734	2551.451	1888	93	116.887	1877.752	NaN
46	0046-0145	9386300.131	4976.316	112	130	176.677	3007.348	NaN
47	0047-0103	71909.928	391.236	1403	98	124.992	224.359	NaN
48	0048-0132	1281023.997	2226.353	2646	167	83.387	966.548	NaN
49	0049-0114	186965.812	764.542	86	121	33.024	415.679	NaN
50	0050-0214	18695553.912	6926.415	2117	108	103.650	4270.941	NaN
51	0051-0163	6417447.403	3672.635	1492	216	69.034	2704.993	NaN
52	0052-0113	50336.949	317.292	1020	110	135.000	224.359	NaN
53	0053-0118	256821.170	750.986	1711	125	39.806	544.872	NaN
54	0054-0119	120192.308	612.339	108	112	132.879	361.551	NaN
55	0055-0117	70882.643	385.949	1040	113	138.366	256.410	NaN
56	0056-0135	924556.213	1506.751	1730	150	51.911	993.590	NaN
57	0057-0123	282503.287	846.178	677	116	142.696	576.923	NaN
58	0058-0134	1360124.918	1621.998	2386	144	29.604	1213.782	NaN
59	0059-0149	1112549.310	2232.114	1843	183	74.168	1294.265	NaN
60	0060-0148	2603139.382	2628.987	492	177	45.000	1739.989	NaN
61	0061-0186	6849934.254	4569.865	1357	248	57.313	2135.238	NaN
62	0062-0132	134574.293	544.872	2631	140	61.928	320.513	NaN
63	0063-0139	340031.229	874.830	1044	133	151.557	656.345	NaN
64	0064-0136	129437.870	506.775	1024	143	55.305	352.564	NaN
65	0065-0135	71909.928	385.949	675	131	131.634	256.410	NaN
66	0066-0136	71909.928	391.236	2109	131	124.992	224.359	NaN
67	0067-0220	12825649.244	5650.124	2475	308	86.748	3145.682	NaN
68	0068-0139	113001.315	506.775	333	146	55.305	320.513	NaN
69	0069-0138	50336.949	317.292	2523	135	135.000	224.359	NaN
70	0070-0183	2237426.036	2950.982	2531	138	98.746	1264.633	NaN
71	0071-0157	984138.725	1541.130	660	174	45.000	1119.395	NaN
72	0072-0152	199293.228	841.308	1003	162	49.635	438.529	NaN
73	0073-0157	448923.406	1102.862	1073	171	54.462	679.806	NaN
74	0074-0152	199293.228	616.519	697	144	117.897	480.769	NaN
75	0075-0167	817718.606	1613.106	2297	191	69.044	737.179	NaN
76	0076-0159	246548.323	841.308	1026	172	72.255	416.667	NaN
77	0077-0162	387286.325	1218.370	2331	147	125.362	591.159	NaN
78	0078-0156	251684.747	660.754	2349	149	129.094	544.872	NaN
79	0079-0156	50336.949	317.292	1883	153	135.000	224.359	NaN
80	0080-0186	2344263.642	2270.444	2577	159	131.566	1657.733	NaN
81	0081-0194	2461374.096	2889.064	1074	229	56.310	1304.373	NaN
82	0082-0173	1688856.016	1999.034	268	178	12.031	1185.897	NaN
83	0083-0171	568088.429	1116.287	870	157	140.826	811.047	NaN
84	0084-0180	781763.642	1431.225	1681	197	55.954	854.599	NaN
85	0085-0167	125328.731	500.657	846	173	50.194	352.564	NaN
86	0086-0172	275312.295	820.913	555	179	38.660	569.607	NaN
87	0087-0175	303048.981	820.913	2270	168	141.340	641.026	NaN
88	0088-0196	1373479.619	1886.402	2387	167	99.782	1185.897	NaN
89	0089-0216	5473372.781	3230.985	1835	202	169.136	2548.582	NaN
90	0090-0181	718071.992	1666.667	702	190	22.620	768.290	NaN
91	0091-0180	526997.041	1093.977	2224	192	31.827	737.179	NaN
92	0092-0186	544460.881	1301.535	2611	171	127.999	768.632	NaN
93	0093-0215	4953566.732	3875.953	887	239	34.216	2277.658	NaN
94	0094-0183	377013.478	1006.431	1724	171	127.235	575.653	NaN
95	0095-0176	86291.913	431.206	1829	171	131.987	288.462	NaN
96	0096-0190	317430.966	1005.920	1056	205	67.521	469.180	NaN
97	0097-0206	1743302.104	2259.331	1197	236	58.339	1427.413	NaN
98	0098-0186	532133.465	1267.951	655	183	163.856	576.923	NaN
99	0099-0200	665680.473	1494.085	2655	179	112.714	737.179	NaN
100	0100-0357	25352358.646	12028.244	1666	532	66.441	4285.480	NaN
101	0101-0188	115055.884	525.680	632	193	37.569	320.513	NaN
102	0102-0189	82182.774	410.457	525	185	141.340	256.410	NaN
103	0103-0196	351331.361	907.114	794	191	147.995	618.438	NaN
104	0104-0188	50336.949	317.292	867	185	135.000	224.359	NaN
105	0105-0209	4709072.978	8823.946	175	210	2.707	1270.666	NaN
106	0106-0190	79100.920	410.457	819	186	141.340	256.410	NaN
107	0107-0194	136628.863	516.811	1165	187	119.745	352.564	NaN
108	0108-0213	2524038.462	5090.506	469	212	8.691	1479.856	NaN
109	0109-0202	565006.575	1179.383	1023	191	137.203	801.380	NaN
110	0110-0193	69855.358	385.949	851	197	41.634	256.410	NaN
111	0111-0193	79100.920	417.898	1794	190	147.529	224.359	NaN
112	0112-0194	57527.942	340.710	464	191	138.814	224.359	NaN
113	0113-0208	633834.648	1166.684	1551	226	69.075	903.027	NaN
114	0114-0234	3522559.172	2724.359	2339	276	81.203	1937.259	NaN
115	0115-0198	81155.490	410.457	1934	193	128.660	256.410	NaN
116	0116-0197	50336.949	317.292	839	194	135.000	224.359	NaN
117	0117-0222	1799802.761	1951.973	2250	196	119.511	1475.481	NaN
118	0118-0215	494123.932	1335.812	1248	197	120.256	649.481	NaN
119	0119-0208	369822.485	891.118	1718	197	127.694	679.864	NaN
120	0120-0208	694444.444	1624.845	700	217	22.011	598.939	NaN
121	0121-0203	133547.009	596.188	1143	198	143.746	344.010	NaN
122	0122-0208	374958.909	1119.503	648	215	23.629	544.033	NaN
123	0123-0206	137656.147	521.757	759	200	132.510	352.564	NaN
124	0124-0218	1212195.924	2596.945	572	235	24.034	836.412	NaN
125	0125-0206	180802.104	731.584	771	212	28.811	352.003	NaN
126	0126-0208	169501.972	673.840	7	203	154.654	320.513	NaN
127	0127-0274	13065006.575	5382.039	1576	334	41.379	3845.206	NaN
128	0128-0227	1139258.711	1605.446	977	245	26.053	1258.212	NaN
129	0129-0260	4595044.379	3615.549	1434	315	77.196	2027.251	NaN
130	0130-0240	3804035.174	3380.613	773	261	31.430	1854.652	NaN
131	0131-0222	407832.018	1077.419	438	213	157.249	608.974	NaN
132	0132-0230	1134122.288	2322.115	328	241	20.186	949.976	NaN
133	0133-0222	170529.257	750.986	786	231	39.806	430.479	NaN
134	0134-0228	744781.394	1613.106	249	219	159.044	605.143	NaN
135	0135-0224	126356.016	604.742	1132	219	147.995	308.181	NaN
136	0136-0306	13125616.371	5953.003	2567	226	121.122	3175.335	NaN
137	0137-0231	1362179.487	3894.198	121	225	174.806	686.533	NaN
138	0138-0236	890655.819	1673.126	1131	251	36.431	891.932	NaN
139	0139-0225	80128.205	391.236	2378	220	124.992	256.410	NaN
140	0140-0225	80128.205	391.236	108	222	145.008	256.410	NaN
141	0141-0231	433514.135	1006.431	298	240	37.235	673.077	NaN
142	0142-0224	50336.949	317.292	1524	221	135.000	224.359	NaN
143	0143-0302	13784105.851	5837.294	1954	382	61.465	3667.938	NaN
144	0144-0233	234220.907	720.263	746	243	57.724	416.667	NaN
145	0145-0228	50336.949	317.292	335	225	135.000	224.359	NaN
146	0146-0306	6861234.385	5388.906	2026	387	74.476	1940.017	NaN
147	0147-0274	4428624.260	3967.762	614	317	46.637	1884.491	NaN
148	0148-0238	197238.659	588.383	719	230	119.358	480.769	NaN
149	0149-0246	578361.275	1204.804	1504	263	61.390	860.026	NaN
150	0150-0235	63691.650	362.619	1552	231	135.000	256.410	NaN
151	0151-0237	115055.884	476.477	506	242	42.274	352.564	NaN
152	0152-0238	189020.381	803.842	443	233	156.501	303.713	NaN
153	0153-0267	2485001.644	2385.615	1015	297	59.300	1629.113	NaN
154	0154-0310	10170118.343	5222.097	2382	245	121.446	2651.344	NaN
155	0155-0243	348249.507	1135.900	475	241	163.610	444.208	NaN
156	0156-0294	6219181.460	3875.158	1289	351	69.167	2851.283	NaN
157	0157-0260	806418.475	1397.451	2223	277	36.607	935.897	NaN
158	0158-0248	80128.205	407.946	23	253	45.000	288.462	NaN
159	0159-0248	79100.920	391.236	522	244	145.008	256.410	NaN
160	0160-0248	80128.205	407.946	2282	244	135.000	288.462	NaN
161	0161-0257	684171.598	1345.391	1199	250	167.619	726.336	NaN
162	0162-0290	3096236.029	2907.318	249	246	104.036	1907.450	NaN
163	0163-0301	7994329.389	4556.809	88	352	46.425	2785.041	NaN
164	0164-0327	7513560.158	5232.317	199	408	80.480	2331.357	NaN
165	0165-0277	2454183.103	2538.332	559	307	45.000	1813.977	NaN
166	0166-0262	980029.586	1591.307	412	250	152.403	865.385	NaN
167	0167-0295	3173282.380	2816.139	1093	338	78.179	1760.017	NaN
168	0168-0278	1586127.548	1905.098	929	276	167.367	1505.046	NaN
169	0169-0324	6425665.680	4716.006	1486	389	62.913	2327.483	NaN
170	0170-0263	96564.760	455.534	1554	269	50.711	288.462	NaN
171	0171-0292	2310363.248	2384.969	1140	323	48.814	1563.794	NaN
172	0172-0264	64718.935	362.619	1841	260	135.000	256.410	NaN
173	0173-0295	2125452.005	2209.680	372	328	66.038	1529.303	NaN
174	0174-0303	2950361.604	2883.369	478	345	65.714	1442.308	NaN
175	0175-0288	1781311.637	2085.551	1353	308	43.755	1320.750	NaN
176	0176-0304	3135272.847	3129.886	838	286	145.008	2069.103	NaN
177	0177-0320	3699252.137	3715.323	2515	377	79.563	1794.872	NaN
178	0178-0272	121219.592	521.757	338	266	132.510	352.564	NaN
179	0179-0270	64718.935	362.619	1825	274	45.000	256.410	NaN
180	0180-0282	214702.498	679.154	1259	272	109.290	416.667	NaN
181	0181-0297	1329306.377	2497.945	2222	315	33.486	1109.371	NaN
182	0182-0295	1558390.861	1596.784	705	276	128.480	1405.051	NaN
183	0183-0302	1307733.399	2018.213	2640	332	69.550	1049.660	NaN
184	0184-0305	909146.943	1992.600	1882	275	101.129	755.647	NaN
185	0185-0280	93482.906	431.206	2110	284	41.987	320.513	NaN
186	0186-0362	13786160.421	6233.624	688	437	50.006	3176.085	NaN
187	0187-0287	146901.709	577.813	2304	291	33.690	384.615	NaN
188	0188-0344	6561267.258	4206.540	307	407	72.255	2454.221	NaN
189	0189-0328	3549268.573	2839.751	2312	371	73.610	2019.231	NaN
190	0190-0316	2153188.692	2199.428	1213	288	136.771	1766.139	NaN
191	0191-0303	244493.754	846.178	531	315	65.376	411.041	NaN
192	0192-0359	7962483.563	4585.126	363	406	51.528	2771.792	NaN
193	0193-0302	200320.513	641.026	938	297	143.130	480.769	NaN
194	0194-0393	16061595.989	6051.924	945	482	70.509	3439.662	NaN
195	0195-0350	2153188.692	2388.627	2273	387	78.389	1342.613	NaN
196	0196-0325	262984.878	702.939	684	316	133.152	480.769	NaN
197	0197-0364	2494247.206	3327.936	1430	410	61.213	1245.929	NaN
198	0198-0355	2993507.561	2948.892	2155	391	52.507	1711.769	NaN
199	0199-0427	14917200.855	7740.567	1583	536	63.965	2876.814	NaN
200	0200-0347	936883.629	1796.302	1398	374	74.476	851.422	NaN
201	0201-0335	497205.786	931.695	1043	325	130.815	705.128	NaN
202	0202-0338	493096.647	1176.767	1168	354	60.642	673.077	NaN
203	0203-0389	8246014.135	5736.105	477	456	46.585	2293.132	NaN
204	0204-0326	50336.949	317.292	1852	323	135.000	224.359	NaN
205	0205-0327	50336.949	317.292	874	324	135.000	224.359	NaN
206	0206-0362	2693540.434	2873.197	1326	398	51.340	2099.793	NaN
207	0207-0335	192102.235	604.742	2658	343	57.995	448.718	NaN
208	0208-0345	522887.903	1058.178	642	359	54.866	737.179	NaN
209	0209-0367	1648791.913	2234.643	1130	402	81.754	1319.288	NaN
210	0210-0439	21269929.323	7468.155	2370	333	122.735	3990.902	NaN
211	0211-0339	50336.949	317.292	886	336	135.000	224.359	NaN
212	0212-0362	873191.979	1642.452	2221	387	72.979	906.386	NaN
213	0213-0351	495151.216	1054.287	1844	347	160.463	694.707	NaN
214	0214-0344	64718.935	365.441	2086	341	142.125	224.359	NaN
215	0215-0404	7292693.951	4585.126	821	458	51.528	2673.077	NaN
216	0216-0368	827991.453	1536.123	1898	346	113.356	850.409	NaN
217	0217-0357	370849.770	1033.623	610	366	29.745	641.026	NaN
218	0218-0380	1641600.920	2099.053	152	413	82.983	1173.404	NaN
219	0219-0402	5941814.596	3584.302	2079	457	77.082	2467.949	NaN
220	0220-0396	3693088.429	3166.433	1049	442	68.629	1955.128	NaN
221	0221-0386	4344386.917	3612.138	1171	409	26.338	2095.813	NaN
222	0222-0389	2077169.625	2551.451	1547	424	63.113	1394.297	NaN
223	0223-0362	128410.585	545.814	821	368	40.236	352.564	NaN
224	0224-0466	14015244.905	7338.134	1746	575	71.407	3197.566	NaN
225	0225-0369	179774.819	577.813	1113	362	123.690	384.615	NaN
226	0226-0374	50336.949	317.292	2237	371	135.000	224.359	NaN
227	0227-0454	7482741.617	5204.264	1862	535	86.116	2371.795	NaN
228	0228-0378	57527.942	340.710	2546	374	131.186	224.359	NaN
229	0229-0410	3325320.513	2705.250	613	444	53.673	1747.445	NaN
230	0230-0404	1298487.837	1964.563	2559	377	118.237	1114.286	NaN
231	0231-0389	248602.893	880.098	1112	378	123.111	456.446	NaN
232	0232-0452	7742644.642	4750.515	1985	526	86.906	2542.806	NaN
233	0233-0451	6435938.527	5327.170	514	522	58.031	1982.677	NaN
234	0234-0397	461250.822	1084.546	2502	413	71.030	737.179	NaN
235	0235-0392	145874.425	545.814	2526	385	130.236	352.564	NaN
236	0236-0421	2527120.316	2448.726	1364	450	52.980	1589.367	NaN
237	0237-0390	50336.949	317.292	2236	387	135.000	224.359	NaN
238	0238-0419	1801857.331	2128.456	1286	388	108.435	1586.458	NaN
239	0239-0421	2743877.383	2395.284	2176	431	12.362	1752.712	NaN
240	0240-0404	291748.849	731.584	1339	408	28.811	576.923	NaN
241	0241-0421	1611809.665	2018.213	2267	406	147.319	1462.135	NaN
242	0242-0409	523915.187	1271.188	233	421	33.690	653.846	NaN
243	0243-0417	448923.406	916.689	1913	428	36.469	769.231	NaN
244	0244-0423	1203977.646	1715.867	2605	438	32.800	1121.795	NaN
245	0245-0415	96564.760	431.206	135	420	41.987	320.513	NaN
246	0246-0413	50336.949	317.292	1840	410	135.000	224.359	NaN
247	0247-0505	16168433.596	6315.079	1092	598	70.737	4055.938	NaN
248	0248-0428	615343.524	1148.939	1464	412	112.989	1025.641	NaN
249	0249-0435	1515244.905	1894.011	751	450	23.962	1434.753	NaN
250	0250-0499	13182117.028	6031.264	256	574	46.723	3088.114	NaN
251	0251-0424	342085.799	903.141	1501	432	27.474	576.923	NaN
252	0252-0418	50336.949	317.292	1527	415	135.000	224.359	NaN
253	0253-0424	254766.601	705.856	2483	416	140.528	512.821	NaN
254	0254-0452	2912352.071	2963.314	225	482	38.853	1409.662	NaN
255	0255-0446	1560445.431	1737.286	155	468	52.496	1335.431	NaN
256	0256-0445	835182.446	1686.884	1259	424	128.830	961.102	NaN
257	0257-0428	64718.935	365.441	1285	425	142.125	224.359	NaN
258	0258-0436	245521.039	880.098	1921	448	56.889	469.106	NaN
259	0259-0471	6015779.093	3459.460	1174	511	50.262	2805.461	NaN
260	0260-0434	105810.322	462.250	200	428	123.690	288.462	NaN
261	0261-0447	1032421.105	1591.629	1431	433	154.983	1121.795	NaN
262	0262-0472	4114275.148	3098.548	2520	440	140.877	2265.339	NaN
263	0263-0439	57527.942	340.710	821	435	131.186	224.359	NaN
264	0264-0439	50336.949	317.292	1835	436	135.000	224.359	NaN
265	0265-0454	1341633.794	1634.301	409	464	25.560	1121.795	NaN
266	0266-0476	2243589.744	2914.024	1298	516	60.333	1411.331	NaN
267	0267-0457	1184459.237	1786.266	1500	456	170.707	1153.846	NaN
268	0268-0494	7994329.389	4036.044	2196	470	157.100	3148.873	NaN
269	0269-0445	50336.949	317.292	1551	442	135.000	224.359	NaN
270	0270-0449	50336.949	317.292	1948	446	135.000	224.359	NaN
271	0271-0451	71909.928	385.949	1816	447	138.366	256.410	NaN
272	0272-0480	1177268.245	2098.074	2611	511	71.288	1111.384	NaN
273	0273-0500	6417447.403	4185.853	42	550	49.970	2024.871	NaN
274	0274-0460	295857.988	907.680	1013	470	42.138	543.928	NaN
275	0275-0507	11536406.969	6199.500	535	543	23.782	3049.881	NaN
276	0276-0503	4809746.877	3555.815	1367	552	62.049	2176.589	NaN
277	0277-0491	3046926.364	2505.131	2023	529	73.652	1845.383	NaN
278	0278-0467	356467.784	796.137	2304	474	40.101	641.026	NaN
279	0279-0474	516724.195	989.964	728	461	119.055	760.986	NaN
280	0280-0487	1564554.569	1822.137	2094	508	50.711	1376.042	NaN
281	0281-0479	476660.092	976.907	1466	490	48.991	681.837	NaN
282	0282-0500	2570266.272	2164.826	2340	471	115.427	1720.760	NaN
283	0283-0557	9929733.728	6297.812	105	643	61.087	2534.703	NaN
284	0284-0509	1856303.419	2547.422	1926	472	111.400	1216.625	NaN
285	0285-0484	359549.638	918.369	759	493	29.249	565.848	NaN
286	0286-0819	62272970.085	25082.314	2168	477	119.218	9655.968	NaN
287	0287-0492	1263560.158	1873.835	875	501	12.848	929.487	NaN
288	0288-0488	199293.228	771.897	1447	497	48.366	466.810	NaN
289	0289-0544	9322608.481	5677.059	332	590	27.578	2780.609	NaN
290	0290-0486	64718.935	365.441	847	483	142.125	224.359	NaN
291	0291-0512	1396079.882	2064.262	1238	541	64.231	1210.472	NaN
292	0292-0556	7912146.614	4591.395	957	624	71.692	2972.873	NaN
293	0293-0517	1558390.861	2113.684	783	545	49.304	1274.527	NaN
294	0294-0493	57527.942	340.710	838	490	138.814	224.359	NaN
295	0295-0498	156147.272	648.989	2642	490	122.905	412.645	NaN
296	0296-0494	50336.949	317.292	1020	491	135.000	224.359	NaN
297	0297-0532	2620603.222	2723.416	1440	569	63.435	1474.359	NaN
298	0298-0532	1488535.503	2382.383	219	566	56.524	892.012	NaN
299	0299-0557	8790475.016	4795.712	642	600	37.942	2928.073	NaN
300	0300-0534	2776750.493	2493.005	1499	567	45.000	1870.536	NaN
301	0301-0505	50336.949	317.292	2589	502	135.000	224.359	NaN
302	0302-0508	80128.205	410.457	1950	503	128.660	256.410	NaN
303	0303-0577	6583867.521	4758.833	788	644	63.608	1982.977	NaN
304	0304-0515	57527.942	340.710	2526	512	138.814	224.359	NaN
305	0305-0530	1120767.587	1711.971	875	514	141.843	932.939	NaN
306	0306-0519	57527.942	340.710	2536	515	131.186	224.359	NaN
307	0307-0586	8146367.521	4475.488	2517	518	101.149	2728.526	NaN
308	0308-0547	2297008.547	2090.225	1162	534	144.360	1632.567	NaN
309	0309-0535	342085.799	1022.632	2583	549	57.804	645.135	NaN
310	0310-0605	15548980.934	6125.234	1195	656	42.455	3970.454	NaN
311	0311-0572	5299761.670	3298.947	2039	613	57.700	2655.502	NaN
312	0312-0530	64718.935	365.441	2150	526	127.875	224.359	NaN
313	0313-0584	4106056.870	3935.005	2130	527	113.015	1913.726	NaN
314	0314-0590	7424186.391	4755.918	1765	652	55.989	2337.513	NaN
315	0315-0572	3714661.407	2951.504	1599	605	55.620	2083.333	NaN
316	0316-0538	236275.477	951.335	605	547	32.619	487.348	NaN
317	0317-0568	3323265.943	2574.498	2387	530	108.886	1986.801	NaN
318	0318-0537	95537.475	431.206	2616	533	131.987	288.462	NaN
319	0319-0619	9623602.893	5992.904	1494	704	64.668	2908.413	NaN
320	0320-0566	1615918.803	2143.845	1883	597	58.449	1399.244	NaN
321	0321-0570	2848660.421	2551.652	2312	536	122.692	1821.672	NaN
322	0322-0576	2760313.938	2473.146	1684	613	71.095	1671.429	NaN
323	0323-0592	4839538.133	3369.198	1140	644	78.476	2301.608	NaN
324	0324-0569	1022148.258	1907.253	1402	595	65.158	1216.030	NaN
325	0325-0552	354413.215	846.178	2632	562	52.696	608.974	NaN
326	0326-0563	1363206.772	1863.390	1947	573	26.565	1227.723	NaN
327	0327-0554	129437.870	500.657	1871	560	39.806	352.564	NaN
328	0328-0553	86291.913	435.945	2482	549	143.973	256.410	NaN
329	0329-0587	1658037.475	2213.164	516	553	100.008	1250.000	NaN
330	0330-0557	50336.949	317.292	618	554	135.000	224.359	NaN
331	0331-0561	177720.250	596.188	2280	565	36.254	448.718	NaN
332	0332-0574	357495.069	1206.508	493	592	73.009	640.488	NaN
333	0333-0594	2902079.224	2554.871	2605	557	109.799	1672.139	NaN
334	0334-0580	1541954.306	1733.438	873	561	146.310	1370.885	NaN
335	0335-0575	1071457.922	1765.441	2243	589	15.803	1004.802	NaN
336	0336-0563	50336.949	317.292	1992	560	135.000	224.359	NaN
337	0337-0569	86291.913	445.271	1871	563	120.256	224.359	NaN
338	0338-0566	57527.942	340.710	2231	563	138.814	224.359	NaN
339	0339-0566	64718.935	365.441	2469	563	142.125	224.359	NaN
340	0340-0596	1071457.922	2249.306	994	623	49.044	921.025	NaN
341	0341-0634	5567882.972	4146.029	1329	695	70.585	2155.744	NaN
342	0342-0604	2344263.642	2021.265	565	617	27.378	1666.667	NaN
343	0343-0605	1608727.811	1845.664	2437	632	69.677	1378.205	NaN
344	0344-0585	64718.935	362.619	2476	589	45.000	256.410	NaN
345	0345-0637	10408448.389	5414.770	123	683	30.208	2788.462	NaN
346	0346-0634	3594469.099	3364.011	1905	682	59.036	1785.556	NaN
347	0347-0599	452005.260	976.907	1441	610	41.009	769.231	NaN
348	0348-0601	814636.752	1297.978	2255	614	32.905	858.929	NaN
349	0349-0688	16958415.516	6719.618	1791	786	68.452	4264.691	NaN
350	0350-0640	8872657.791	5266.173	334	638	176.511	2521.801	NaN
351	0351-0685	16441691.321	6206.787	1924	768	63.964	3733.256	NaN
352	0352-0644	3941691.321	3792.901	1011	696	59.534	1775.387	NaN
353	0353-0597	86291.913	431.206	2244	593	138.013	288.462	NaN
354	0354-0604	243466.469	853.431	299	597	145.713	512.821	NaN
355	0355-0617	436595.989	1176.767	1723	633	60.642	697.629	NaN
356	0356-0616	405777.449	886.495	2305	605	130.601	705.128	NaN
357	0357-0637	3352029.915	2559.290	2329	665	22.068	1987.657	NaN
358	0358-0634	1225550.625	1894.011	901	661	66.038	1410.256	NaN
359	0359-0617	212647.929	657.637	2663	626	43.025	512.821	NaN
360	0360-0624	671844.181	1600.319	829	639	32.735	692.095	NaN
361	0361-0675	5762039.776	4205.685	1554	739	75.434	1925.777	NaN
362	0362-0625	428377.712	1352.625	288	638	36.327	612.821	NaN
363	0363-0643	2184007.232	2035.698	2587	616	123.440	1730.769	NaN
364	0364-0631	374958.909	1102.862	1437	617	125.538	566.355	NaN
365	0365-0648	1456689.678	2303.459	2101	617	121.921	1089.366	NaN
366	0366-0625	162310.980	750.986	1621	633	39.806	412.242	NaN
367	0367-0695	12190787.311	6146.914	583	771	47.324	3428.726	NaN
368	0368-0661	1809048.323	2496.299	1642	699	74.358	1350.781	NaN
369	0369-0638	551651.874	1464.572	2278	630	156.801	595.456	NaN
370	0370-0708	12548282.380	5298.553	1051	782	66.847	3550.300	NaN
371	0371-0652	1131040.434	1562.644	854	674	64.486	1145.839	NaN
372	0372-0639	232166.338	681.420	1738	647	48.814	511.853	NaN
373	0373-0713	9215770.874	5412.872	520	796	77.692	2452.746	NaN
374	0374-0670	2080251.479	2655.812	1684	710	72.440	1448.965	NaN
375	0375-0680	3074663.051	3082.260	945	726	73.072	1686.143	NaN
376	0376-0692	5591510.519	3617.680	732	748	82.875	2296.353	NaN
377	0377-0703	7892628.205	4442.312	2065	637	106.343	2837.794	NaN
378	0378-0641	50336.949	317.292	920	638	135.000	224.359	NaN
379	0379-0707	7477605.194	4377.083	2439	640	103.120	2254.988	NaN
380	0380-0648	108892.176	476.477	2486	653	42.274	352.564	NaN
381	0381-0648	63691.650	362.619	265	652	45.000	256.410	NaN
382	0382-0666	1094058.185	1578.343	1405	689	66.038	1217.949	NaN
383	0383-0670	997493.425	1519.988	2282	649	114.944	1045.919	NaN
384	0384-0658	189020.381	622.323	308	650	124.509	480.769	NaN
385	0385-0705	4967948.718	3343.181	2170	653	94.399	2238.042	NaN
386	0386-0671	673898.751	1256.966	2498	653	109.359	833.333	NaN
387	0387-0687	2540475.016	2281.952	796	655	119.445	1762.821	NaN
388	0388-0662	148956.279	533.440	2186	669	57.265	416.667	NaN
389	0389-0660	102728.468	516.811	911	664	29.745	256.410	NaN
390	0390-0764	14078936.555	6834.443	1419	869	80.008	3634.540	NaN
391	0391-0726	10769025.312	4288.289	1143	771	19.654	3914.867	NaN
392	0392-0753	11553870.809	6694.116	1639	840	56.919	3543.943	NaN
393	0393-0697	1196786.654	1929.743	2537	668	101.497	925.961	NaN
394	0394-0720	6629068.047	3681.296	2305	700	144.926	2980.769	NaN
395	0395-0731	8703155.819	5054.051	388	787	45.257	2702.635	NaN
396	0396-0722	4285831.690	3250.006	853	763	53.017	2090.234	NaN
397	0397-0701	1327251.808	1781.083	263	687	149.744	1486.924	NaN
398	0398-0700	945101.907	1815.359	2569	722	47.862	906.547	NaN
399	0399-0714	2317554.241	2480.405	1339	739	32.869	1366.348	NaN
400	0400-0708	1166995.398	1654.604	339	730	58.465	1314.103	NaN
401	0401-0746	7112919.132	3782.187	2630	689	106.746	2786.771	NaN
402	0402-0752	7592661.078	5608.242	102	811	41.525	2357.455	NaN
403	0403-0699	95537.475	489.242	1254	693	121.608	256.410	NaN
404	0404-0707	384204.471	880.098	1611	699	146.889	687.812	NaN
405	0405-0712	758136.095	1433.377	78	720	26.565	942.279	NaN
406	0406-0717	485905.654	1090.215	2497	733	65.695	608.974	NaN
407	0407-0709	71909.928	385.949	1908	705	131.634	256.410	NaN
408	0408-0725	492069.362	1161.831	1588	737	24.444	785.131	NaN
409	0409-0763	3800953.320	2882.834	1475	800	61.440	2152.694	NaN
410	0410-0728	159229.126	570.657	317	721	128.157	384.615	NaN
411	0411-0726	50336.949	317.292	1622	723	135.000	224.359	NaN
412	0412-0756	1782338.922	1936.386	1009	727	102.426	1334.814	NaN
413	0413-0741	780736.358	1692.660	48	748	18.778	673.077	NaN
414	0414-0764	2607248.521	2643.016	630	787	39.094	1483.647	NaN
415	0415-0810	12800994.412	6162.020	703	889	51.759	3568.805	NaN
416	0416-0812	13029051.611	5566.229	882	892	61.074	3404.762	NaN
417	0417-0830	14122082.512	6336.110	1269	927	78.917	3247.165	NaN
418	0418-0786	3183555.227	3804.934	280	835	55.641	1866.827	NaN
419	0419-0746	57527.942	340.710	1689	742	131.186	224.359	NaN
420	0420-0811	10448512.492	7096.157	120	879	36.922	2151.300	NaN
421	0421-0749	71909.928	385.949	2215	753	41.634	256.410	NaN
422	0422-0790	4525189.020	3057.161	1571	831	60.479	2243.590	NaN
423	0423-0784	1453607.824	2327.638	1214	811	51.710	996.108	NaN
424	0424-0811	4182075.937	3600.316	2175	859	55.886	1740.696	NaN
425	0425-0846	18463387.574	6822.708	1743	913	45.952	5042.473	NaN
426	0426-0855	11098783.695	6398.065	2071	948	65.746	2487.486	NaN
427	0427-0818	2554857.002	3071.075	1997	864	71.754	1441.865	NaN
428	0428-0800	1269723.866	1791.721	1892	825	63.435	1029.091	NaN
429	0429-0779	57527.942	340.710	2438	775	131.186	224.359	NaN
430	0430-0817	2933925.049	2948.892	667	853	52.507	1677.350	NaN
431	0431-0783	50336.949	317.292	2449	780	135.000	224.359	NaN
432	0432-0805	601988.823	1967.959	2235	830	52.943	670.025	NaN
433	0433-0799	776627.219	1208.210	1119	817	68.199	961.538	NaN
434	0434-0811	3763971.072	3710.481	376	831	19.687	1566.919	NaN
435	0435-0792	259903.024	801.282	344	799	36.870	543.928	NaN
436	0436-0833	3480440.500	3024.561	1941	787	102.858	1568.208	NaN
437	0437-0859	9808514.135	5041.026	541	928	59.848	3197.926	NaN
438	0438-0826	1961086.456	2458.147	2060	863	67.782	1217.185	NaN
439	0439-0838	7251602.564	4175.287	973	864	24.007	2583.659	NaN
440	0440-0819	1064266.930	1706.260	1523	841	61.991	1017.821	NaN
441	0441-0848	3617069.362	3281.932	1353	797	95.042	1898.051	NaN
442	0442-0846	4059829.060	3101.696	2272	891	66.879	2085.058	NaN
443	0443-0833	2067924.063	2018.213	1170	863	69.550	1571.803	NaN
444	0444-0811	113001.315	480.769	2334	807	143.130	320.513	NaN
445	0445-0881	11839455.950	5739.328	402	949	42.510	3181.111	NaN
446	0446-0836	1725838.264	2045.515	2607	811	125.433	1648.043	NaN
447	0447-0816	80128.205	391.236	515	811	124.992	256.410	NaN
448	0448-0815	64718.935	365.441	2446	811	127.875	224.359	NaN
449	0449-0912	13141025.641	6656.797	1441	1013	74.358	3023.335	NaN
450	0450-0835	1025230.112	1964.563	303	852	33.690	776.936	NaN
451	0451-0846	869082.840	1543.794	222	862	41.634	896.427	NaN
452	0452-0880	5669584.155	3282.715	1106	830	99.554	2460.845	NaN
453	0453-0899	9313362.919	5038.478	1530	959	53.276	3158.356	NaN
454	0454-0847	613288.955	1246.708	1685	860	46.042	897.436	NaN
455	0455-0909	8730892.505	5337.573	2286	984	58.505	3070.470	NaN
456	0456-0859	1483399.080	1641.827	1892	841	128.660	1275.041	NaN
457	0457-0849	390368.179	981.104	2221	859	38.367	718.482	NaN
458	0458-0900	10425912.229	5035.215	299	940	31.464	3342.352	NaN
459	0459-0870	997493.425	1637.127	824	894	66.949	961.538	NaN
460	0460-0854	71909.928	391.236	204	849	124.992	224.359	NaN
461	0461-0873	558842.867	1523.701	1203	896	75.379	620.174	NaN
462	0462-0886	2191198.225	2369.411	1638	920	66.903	1460.109	NaN
463	0463-0858	50336.949	317.292	214	855	135.000	224.359	NaN
464	0464-0858	50336.949	317.292	534	855	135.000	224.359	NaN
465	0465-0872	396531.887	1119.503	2601	868	166.759	671.935	NaN
466	0466-0899	2124424.721	2395.069	2022	935	74.476	1386.275	NaN
467	0467-0943	13280736.358	5738.701	875	1019	58.707	3501.316	NaN
468	0468-0938	11995603.222	6459.506	659	1009	44.397	2785.033	NaN
469	0469-0934	8785338.593	4315.631	2218	1001	81.027	2754.216	NaN
470	0470-0900	2860987.837	2585.249	612	927	42.990	1630.124	NaN
471	0471-0872	57527.942	340.710	1880	869	138.814	224.359	NaN
472	0472-0874	57527.942	340.710	1418	870	131.186	224.359	NaN
473	0473-1073	34852687.377	14894.469	1464	1265	57.746	5273.917	NaN
474	0474-0936	6388683.432	4587.366	207	1000	62.540	2149.299	NaN
475	0475-0880	94510.191	453.274	852	885	45.000	320.513	NaN
476	0476-0912	1976495.726	2465.450	1960	947	63.768	1378.205	NaN
477	0477-0925	7722098.948	5948.946	69	965	27.255	2140.396	NaN
478	0478-0911	2189143.655	2205.026	1137	936	57.465	1488.483	NaN
479	0479-0883	57527.942	340.710	691	880	138.814	224.359	NaN
480	0480-0886	132519.724	545.814	1404	880	130.236	362.619	NaN
481	0481-0898	449950.690	1040.063	2154	905	33.690	865.385	NaN
482	0482-0903	770463.511	1404.783	2628	921	55.222	964.813	NaN
483	0483-0915	2354536.489	2410.674	1852	937	35.803	1530.697	NaN
484	0484-0965	11806582.840	5375.832	1313	1032	59.153	3515.256	NaN
485	0485-0898	90401.052	453.274	2280	903	45.000	320.513	NaN
486	0486-0917	1235823.471	1777.041	2576	893	129.144	1246.318	NaN
487	0487-0901	85264.629	431.206	2599	896	131.987	288.462	NaN
488	0488-0931	1643655.490	2667.968	987	965	51.340	1235.999	NaN
489	0489-0921	1404298.159	1753.472	1296	945	59.216	1211.348	NaN
490	0490-0902	50336.949	317.292	105	899	135.000	224.359	NaN
491	0491-0908	88346.483	435.945	1926	914	53.973	256.410	NaN
492	0492-0910	57527.942	340.710	2304	906	131.186	224.359	NaN
493	0493-0919	341058.514	998.232	812	930	42.397	599.806	NaN
494	0494-0930	1041666.667	1647.448	2133	952	52.907	1075.033	NaN
495	0495-0935	1407380.013	1912.900	2516	961	58.707	1208.405	NaN
496	0496-0999	10101290.270	5475.800	1197	1084	62.835	2749.651	NaN
497	0497-0925	421186.719	916.689	1915	933	36.469	673.077	NaN
498	0498-0929	395504.602	1026.142	1718	941	38.660	657.247	NaN
499	0499-0956	4910420.776	3072.245	1017	973	23.356	2355.550	NaN
500	0500-0927	64718.935	362.619	2384	931	45.000	256.410	NaN
501	0501-0952	1478262.656	2087.028	1742	976	47.490	1337.096	NaN
502	0502-0936	72937.212	385.949	1277	932	138.366	256.410	NaN
503	0503-0963	1963141.026	2454.383	810	992	49.236	1311.976	NaN
504	0504-0940	50336.949	317.292	2598	937	135.000	224.359	NaN
505	0505-0962	1095085.470	1479.923	1816	984	72.350	1118.050	NaN
506	0506-0993	10361193.294	4545.523	532	1034	37.840	3338.708	NaN
507	0507-1071	22346523.669	9499.299	1454	1195	58.241	4776.429	NaN
508	0508-0965	1155695.266	1511.856	1991	987	68.875	1217.949	NaN
509	0509-0999	6418474.688	3919.834	1878	1054	60.081	2583.659	NaN
510	0510-0963	622534.517	1282.852	2042	944	102.995	712.588	NaN
511	0511-1027	11132684.089	5525.942	1119	1110	73.142	2702.026	NaN
512	0512-0953	157174.556	679.154	1718	949	160.710	256.410	NaN
513	0513-0988	3508177.186	2912.613	2513	1008	24.027	2085.702	NaN
514	0514-1001	10108481.262	5086.065	364	1016	12.372	2699.167	NaN
515	0515-0968	213675.214	720.263	1789	977	57.724	435.320	NaN
516	0516-0963	158201.841	648.989	1714	960	159.775	288.462	NaN
517	0517-0965	180802.104	602.189	2099	962	154.799	384.615	NaN
518	0518-0990	4168721.236	3924.025	246	1013	20.063	1775.720	NaN
519	0519-1001	1836785.010	2761.623	1272	1041	68.199	1094.346	NaN
520	0520-0972	276339.579	796.137	2369	981	49.899	512.821	NaN
521	0521-0993	1258423.734	1974.994	2066	1021	48.289	1158.751	NaN
522	0522-1062	9722222.222	7253.794	2044	1154	56.170	2364.216	NaN
523	0523-1012	2588757.396	2904.136	1946	1057	79.186	1462.974	NaN
524	0524-0982	295857.988	888.809	2130	970	115.641	608.974	NaN
525	0525-1033	10595414.201	5117.477	55	1090	40.173	3210.764	NaN
526	0526-1036	9483892.176	5662.292	635	1060	25.840	2624.866	NaN
527	0527-1001	1627218.935	1868.895	979	1025	59.036	1420.998	NaN
528	0528-0991	799227.482	1411.713	2348	980	140.528	921.025	NaN
529	0529-1007	1667283.037	2116.356	1695	1036	54.866	1237.673	NaN
530	0530-1006	998520.710	1563.958	2300	1024	44.170	1006.105	NaN
531	0531-1014	1632355.358	2231.883	1738	1020	12.440	1448.866	NaN
532	0532-0995	50336.949	317.292	1805	992	135.000	224.359	NaN
533	0533-1072	6490384.615	5029.601	2248	1150	83.781	2093.056	NaN
534	0534-1052	9244534.845	5161.152	969	1097	37.937	2671.837	NaN
535	0535-1036	2229207.758	2577.290	2015	1073	68.860	1346.154	NaN
536	0536-1005	110946.746	500.657	24	1010	39.806	320.513	NaN
537	0537-1040	2558966.141	2657.938	1817	1008	123.690	1419.043	NaN
538	0538-1007	50336.949	317.292	2551	1004	135.000	224.359	NaN
539	0539-1067	10926199.869	5346.803	721	1110	25.951	3085.549	NaN
540	0540-1091	8349769.888	5897.175	2109	1155	50.513	2334.980	NaN
541	0541-1076	10477276.463	5511.050	836	1129	42.879	2856.541	NaN
542	0542-1035	1394025.312	2228.429	174	1058	40.333	1059.177	NaN
543	0543-1051	2385355.030	2704.490	2324	1090	58.570	1321.294	NaN
544	0544-1020	92455.621	435.945	2608	1026	53.973	288.462	NaN
545	0545-1039	511587.771	1209.485	2379	1023	122.005	758.551	NaN
546	0546-1074	10763888.889	5372.774	218	1125	35.776	2756.221	NaN
547	0547-1047	1284105.851	1859.251	1702	1066	35.882	1127.659	NaN
548	0548-1063	4012573.964	2993.837	2553	1101	52.394	2033.568	NaN
549	0549-1046	696499.014	1494.085	1977	1064	54.605	740.963	NaN
550	0550-1032	63691.650	362.619	1438	1036	45.000	256.410	NaN
551	0551-1049	800254.767	1586.458	1898	1066	45.000	793.229	NaN
552	0552-1063	1207059.500	1692.660	1752	1089	71.222	1181.584	NaN
553	0553-1083	5634656.476	3681.296	1237	1119	35.074	2522.154	NaN
554	0554-1045	87319.198	435.945	2642	1051	53.973	256.410	NaN
555	0555-1111	12562664.366	6591.118	352	1166	31.681	2844.948	NaN
556	0556-1074	2402818.869	2538.534	358	1093	24.624	1448.976	NaN
557	0557-1058	237302.761	750.301	2059	1069	70.017	448.718	NaN
558	0558-1070	737590.401	1562.972	2363	1094	74.539	728.012	NaN
559	0559-1082	1546063.445	2166.724	1791	1116	82.349	1506.410	NaN
560	0560-1104	9353427.022	4992.187	516	1143	12.609	3019.679	NaN
561	0561-1069	388313.609	989.964	2612	1079	29.055	600.827	NaN
562	0562-1093	1246096.318	2044.510	2217	1124	76.399	847.320	NaN
563	0563-1071	98619.329	453.274	1771	1076	45.000	320.513	NaN
564	0564-1117	9687294.543	4753.649	53	1128	18.068	2600.176	NaN
565	0565-1109	3029462.525	2611.934	1958	1074	119.396	1980.646	NaN
566	0566-1090	809500.329	1518.636	2038	1107	44.145	969.824	NaN
567	0567-1148	5006985.536	4949.822	1647	1219	60.945	1588.599	NaN
568	0568-1085	236275.477	835.795	1913	1078	147.529	448.718	NaN
569	0569-1101	1224523.340	2072.457	1037	1121	39.352	926.911	NaN
570	0570-1106	1265614.727	1885.585	1878	1082	148.201	1305.406	NaN
571	0571-1105	772518.080	1709.569	2594	1117	30.411	982.039	NaN
572	0572-1108	417077.581	1119.503	1202	1091	103.241	512.821	NaN
573	0573-1094	50336.949	317.292	2395	1091	135.000	224.359	NaN
574	0574-1121	2216880.342	2064.511	1806	1130	27.759	1555.580	NaN
575	0575-1103	258875.740	693.375	2300	1112	56.310	512.821	NaN
576	0576-1138	3645833.333	3373.769	1122	1177	51.170	1842.049	NaN
577	0577-1101	168474.688	560.668	2536	1096	149.036	416.667	NaN
578	0578-1202	14691198.225	7593.449	1620	1285	51.340	3038.576	NaN
579	0579-1159	10969345.825	4907.092	890	1188	19.855	3168.349	NaN
580	0580-1127	2161406.969	2154.123	302	1152	46.809	1379.407	NaN
581	0581-1142	1996014.135	2839.389	2309	1181	61.699	1223.447	NaN
582	0582-1113	129437.870	498.601	2021	1107	135.000	352.564	NaN
583	0583-1146	3853344.839	2545.001	688	1112	126.293	2225.086	NaN
584	0584-1121	126356.016	543.928	2298	1127	45.000	384.615	NaN
585	0585-1146	3229783.037	2935.450	1042	1167	31.608	1712.560	NaN
586	0586-1130	204429.652	732.286	1878	1141	66.801	384.615	NaN
587	0587-1212	15750328.731	6667.668	1841	1301	59.367	3748.506	NaN
588	0588-1140	784845.496	1351.105	8	1147	22.306	922.711	NaN
589	0589-1148	966674.885	1380.811	1219	1168	68.199	1094.635	NaN
590	0590-1154	1118713.018	1571.494	1266	1178	78.232	1076.645	NaN
591	0591-1134	50336.949	317.292	2011	1131	135.000	224.359	NaN
592	0592-1138	70882.643	385.949	2400	1134	131.634	256.410	NaN
593	0593-1267	24477112.097	8916.998	166	1397	69.155	5157.364	NaN
594	0594-1284	20779914.530	10252.002	1675	1431	66.801	4071.317	NaN
595	0595-1197	12410626.233	6387.459	762	1149	148.543	3608.552	NaN
596	0596-1172	2509656.476	2458.147	2161	1198	50.290	1503.659	NaN
597	0597-1158	794091.059	1451.184	1987	1174	46.790	1000.636	NaN
598	0598-1164	1205004.931	1666.975	2360	1145	142.028	1280.743	NaN
599	0599-1229	18218893.820	6412.980	529	1291	28.999	4606.262	NaN
600	0600-1172	1108440.171	1851.777	1178	1198	66.541	1166.397	NaN
601	0601-1149	86291.913	410.457	2467	1146	141.340	288.462	NaN
602	0602-1196	4751191.650	3405.590	2460	1247	71.906	2247.360	NaN
603	0603-1179	1474153.517	2093.172	2410	1209	64.612	1101.763	NaN
604	0604-1155	100673.899	453.274	2637	1160	45.000	320.513	NaN
605	0605-1214	12866740.631	5335.937	393	1268	38.660	3961.573	NaN
606	0606-1156	92455.621	455.534	2240	1161	39.289	288.462	NaN
607	0607-1186	2235371.466	2311.695	2260	1221	73.072	1439.315	NaN
608	0608-1202	4589907.955	3145.928	45	1251	81.209	2016.344	NaN
609	0609-1226	3941691.321	5032.153	1803	1295	62.292	1164.719	NaN
610	0610-1229	12527736.686	5557.825	2000	1291	37.266	3518.190	NaN
611	0611-1181	1375534.188	1813.661	538	1202	43.568	1242.499	NaN
612	0612-1185	934829.060	1616.923	2025	1207	50.631	809.806	NaN
613	0613-1167	86291.913	417.898	2438	1162	122.471	256.410	NaN
614	0614-1186	1480317.226	2193.816	276	1198	25.067	1081.796	NaN
615	0615-1206	2348372.781	3049.086	1175	1237	39.883	1208.766	NaN
616	0616-1231	9423282.380	5037.050	944	1270	29.338	2917.032	NaN
617	0617-1220	1847057.857	2803.342	1984	1264	84.094	1185.897	NaN
618	0618-1188	118137.738	506.775	2519	1182	124.695	320.513	NaN
619	0619-1223	2315499.671	2556.479	2226	1184	97.927	1476.673	NaN
620	0620-1232	5944896.450	3653.565	281	1257	33.551	2679.487	NaN
621	0621-1191	50336.949	317.292	2539	1188	135.000	224.359	NaN
622	0622-1217	1681665.023	1920.137	721	1243	56.575	1401.602	NaN
623	0623-1200	64718.935	365.441	2538	1196	127.875	224.359	NaN
624	0624-1204	246548.323	871.889	2643	1212	36.027	458.641	NaN
625	0625-1205	50336.949	317.292	2357	1202	135.000	224.359	NaN
626	0626-1243	2044296.515	2412.591	2536	1278	70.602	1346.154	NaN
627	0627-1233	2272353.715	2581.074	213	1251	24.974	1338.846	NaN
628	0628-1217	146901.709	545.814	2589	1224	49.764	416.667	NaN
629	0629-1238	962565.746	1404.783	2360	1256	62.850	1112.286	NaN
630	0630-1235	788954.635	1292.028	2421	1218	119.745	980.581	NaN
631	0631-1221	64718.935	365.441	2529	1218	142.125	224.359	NaN
632	0632-1274	7245438.856	3941.786	2140	1329	63.435	3092.398	NaN
633	0633-1226	89373.767	431.206	2306	1222	138.013	288.462	NaN
634	0634-1229	50336.949	317.292	507	1226	135.000	224.359	NaN
635	0635-1250	590688.692	1189.357	2325	1268	75.964	897.436	NaN
636	0636-1265	900928.665	1541.130	2398	1248	135.000	1053.336	NaN
637	0637-1289	3439349.112	3739.164	679	1325	38.737	1571.355	NaN
638	0638-1304	12975632.807	6267.399	744	1346	22.237	3249.106	NaN
639	0639-1264	57527.942	340.710	2440	1260	131.186	224.359	NaN
640	0640-1268	173611.111	657.637	463	1275	43.025	451.412	NaN
641	0641-1267	95537.475	431.206	2504	1263	138.013	288.462	NaN
642	0642-1296	2152161.407	2133.759	2341	1326	57.265	1761.725	NaN
643	0643-1273	124301.446	530.543	2465	1266	115.017	288.462	NaN
644	0644-1323	10034516.765	4604.354	243	1373	28.706	3333.333	NaN
645	0645-1291	1015984.550	1706.862	1409	1307	34.287	1051.246	NaN
646	0646-1295	1022148.258	1632.414	2282	1316	46.591	1212.348	NaN
647	0647-1285	186965.812	666.944	2450	1277	125.218	448.718	NaN
648	0648-1283	50336.949	317.292	1373	1280	135.000	224.359	NaN
649	0649-1299	934829.060	1547.118	385	1315	39.958	1184.356	NaN
650	0650-1291	266066.732	711.654	2272	1300	35.838	576.923	NaN
651	0651-1289	143819.855	521.757	1395	1283	132.510	384.615	NaN
652	0652-1346	10992973.373	5260.806	897	1333	160.792	3438.007	NaN
653	0653-1292	50336.949	317.292	2473	1289	135.000	224.359	NaN
654	0654-1298	176692.965	616.519	2493	1290	117.897	448.718	NaN
655	0655-1357	12134286.654	5245.846	424	1423	51.450	3366.130	NaN
656	0656-1296	50336.949	317.292	2066	1293	135.000	224.359	NaN
657	0657-1300	50336.949	317.292	1369	1297	135.000	224.359	NaN
658	0658-1301	64718.935	365.441	1395	1297	127.875	224.359	NaN
659	0659-1302	57527.942	340.710	2425	1299	138.814	224.359	NaN
660	0660-1362	11465524.326	5304.366	1971	1414	30.904	3903.655	NaN
661	0661-1330	1970332.018	2335.349	540	1357	46.668	1289.877	NaN
662	0662-1383	11358686.719	6013.695	1809	1460	54.107	3325.434	NaN
663	0663-1403	11304240.631	6347.206	550	1487	55.909	3172.413	NaN
664	0664-1324	50336.949	317.292	2330	1321	135.000	224.359	NaN
665	0665-1325	50336.949	317.292	2125	1322	135.000	224.359	NaN
666	0666-1394	12857495.069	5241.242	2119	1402	19.654	4152.331	NaN
667	0667-1358	2003205.128	2493.417	667	1385	43.958	1229.145	NaN
668	0668-1355	1098167.324	1520.326	356	1376	55.305	1250.000	NaN
669	0669-1368	2372000.329	2519.239	73	1389	36.724	1301.636	NaN
670	0670-1380	2117233.728	2709.234	2294	1421	64.041	1451.414	NaN
671	0671-1426	11902120.316	5298.553	2322	1502	66.847	3246.744	NaN
672	0672-1442	22584853.715	7950.915	787	1426	174.680	5230.743	NaN
673	0673-1412	5200115.056	3922.454	2516	1470	71.417	1978.060	NaN
674	0674-1361	81155.490	410.457	2563	1356	128.660	256.410	NaN
675	0675-1366	162310.980	711.654	1440	1373	35.838	381.645	NaN
676	0676-1364	64718.935	365.441	2413	1360	127.875	224.359	NaN
677	0677-1378	812582.183	1363.593	318	1394	29.578	934.236	NaN
678	0678-1424	11934993.425	5782.215	660	1485	39.602	3106.700	NaN
679	0679-1389	1614891.519	2493.417	2062	1416	43.958	1146.962	NaN
680	0680-1369	50336.949	317.292	2436	1366	135.000	224.359	NaN
681	0681-1426	10668351.414	5693.232	407	1476	35.838	2650.574	NaN
682	0682-1424	6504766.601	3911.044	1531	1477	49.653	2810.747	NaN
683	0683-1371	79100.920	417.898	1648	1368	147.529	224.359	NaN
684	0684-1415	5958251.151	4526.953	1084	1456	35.491	2540.983	NaN
685	0685-1375	63691.650	362.619	1527	1379	45.000	256.410	NaN
686	0686-1375	50336.949	317.292	1783	1372	135.000	224.359	NaN
687	0687-1389	351331.361	1022.129	1455	1403	41.186	738.490	NaN
688	0688-1378	50336.949	317.292	2435	1375	135.000	224.359	NaN
689	0689-1400	979002.301	1546.786	1775	1420	55.981	956.586	NaN
690	0690-1422	3152736.686	2721.152	368	1463	74.982	2032.195	NaN
691	0691-1390	246548.323	720.263	1501	1381	122.276	512.821	NaN
692	0692-1387	70882.643	385.949	1031	1391	41.634	256.410	NaN
693	0693-1401	531106.180	1317.616	1738	1412	41.055	677.471	NaN
694	0694-1436	9181870.480	4581.652	194	1485	42.732	2644.625	NaN
695	0695-1403	378040.763	962.073	1631	1395	150.018	657.247	NaN
696	0696-1399	71909.928	365.441	1086	1396	142.125	256.410	NaN
697	0697-1399	50336.949	317.292	1052	1396	135.000	224.359	NaN
698	0698-1430	5275106.838	4259.928	1216	1451	13.932	1948.395	NaN
699	0699-1406	145874.425	567.045	1350	1400	132.709	384.615	NaN
700	0700-1429	2035050.953	2512.502	1436	1449	23.295	1317.299	NaN
701	0701-1411	50336.949	317.292	1860	1408	135.000	224.359	NaN
702	0702-1432	615343.524	1292.028	315	1448	46.005	841.708	NaN
703	0703-1506	11836374.096	6801.294	2014	1591	53.238	2640.575	NaN
704	0704-1440	1310815.253	1662.037	2263	1459	39.523	1210.404	NaN
705	0705-1434	574252.137	1432.301	1064	1451	49.538	688.085	NaN
706	0706-1423	50336.949	317.292	1999	1420	135.000	224.359	NaN
707	0707-1467	5129232.413	3547.282	1671	1514	57.171	2430.145	NaN
708	0708-1446	1218359.632	1632.414	2045	1466	46.591	1065.715	NaN
709	0709-1446	947156.476	1592.275	1627	1462	40.101	1073.178	NaN
710	0710-1439	318458.251	888.809	2012	1452	64.359	501.682	NaN
711	0711-1442	412968.442	931.695	339	1429	116.565	608.974	NaN
712	0712-1432	50336.949	317.292	1616	1429	135.000	224.359	NaN
713	0713-1459	2042241.946	2357.458	1744	1489	43.898	1467.083	NaN
714	0714-1450	831073.307	1384.155	1484	1460	42.184	1009.179	NaN
715	0715-1456	1479289.941	2281.952	813	1471	29.445	1088.992	NaN
716	0716-1441	178747.535	570.657	1037	1434	128.157	448.718	NaN
717	0717-1482	3751643.655	3539.164	711	1514	38.012	1423.116	NaN
718	0718-1452	146901.709	602.189	2232	1456	25.201	320.513	NaN
719	0719-1451	50336.949	317.292	2440	1448	135.000	224.359	NaN
720	0720-1456	100673.899	612.339	2426	1463	47.121	316.357	NaN
721	0721-1455	120192.308	567.045	2551	1462	42.709	361.130	NaN
722	0722-1453	64718.935	362.619	2657	1449	135.000	256.410	NaN
723	0723-1469	572197.567	1289.243	1054	1452	124.875	846.022	NaN
724	0724-1456	63691.650	362.619	1943	1460	45.000	256.410	NaN
725	0725-1480	1857330.703	2339.744	119	1508	48.888	1202.442	NaN
726	0726-1518	8795611.440	5684.925	1053	1544	29.745	2648.234	NaN
727	0727-1461	64718.935	362.619	1973	1465	45.000	256.410	NaN
728	0728-1475	832100.592	1360.576	1949	1462	133.091	970.740	NaN
729	0729-1463	50336.949	317.292	1924	1460	135.000	224.359	NaN
730	0730-1508	6154462.525	3532.627	1386	1501	11.514	2764.969	NaN
731	0731-1529	8055966.469	4865.148	584	1483	148.195	2991.606	NaN
732	0732-1494	2064842.209	2481.440	2147	1527	54.462	1392.666	NaN
733	0733-1467	111974.030	498.601	2221	1473	45.000	352.564	NaN
734	0734-1469	102728.468	455.534	1799	1465	140.711	320.513	NaN
735	0735-1519	4451224.523	3901.972	2242	1575	65.751	1881.804	NaN
736	0736-1470	73964.497	385.949	1275	1466	138.366	256.410	NaN
737	0737-1472	124301.446	525.680	2659	1477	37.569	320.513	NaN
738	0738-1482	642052.926	1378.578	1085	1489	17.592	727.701	NaN
739	0739-1476	382149.901	974.802	1222	1471	152.592	533.583	NaN
740	0740-1476	157174.556	567.045	1256	1470	137.291	384.615	NaN
741	0741-1477	247575.608	731.584	2236	1484	28.811	480.769	NaN
742	0742-1545	12599646.614	4805.555	1607	1471	99.211	3617.578	NaN
743	0743-1494	820800.460	1523.701	2025	1517	75.379	769.231	NaN
744	0744-1485	375986.193	962.073	1025	1472	119.982	678.219	NaN
745	0745-1505	3617069.362	2854.184	1272	1508	12.319	2040.280	NaN
746	0746-1486	64718.935	362.619	1250	1482	135.000	256.410	NaN
747	0747-1548	9847550.953	5382.803	267	1575	29.618	2700.265	NaN
748	0748-1497	655407.627	1308.226	504	1505	30.964	865.385	NaN
749	0749-1493	216757.068	693.375	1925	1484	123.690	409.474	NaN
750	0750-1555	13156434.911	6067.520	713	1622	28.731	3488.405	NaN
751	0751-1513	1114603.879	1819.034	1996	1486	104.281	951.300	NaN
752	0752-1491	64718.935	362.619	969	1495	45.000	256.410	NaN
753	0753-1491	91428.337	455.534	1512	1496	39.289	288.462	NaN
754	0754-1493	171556.542	590.996	1879	1487	139.399	416.667	NaN
755	0755-1501	471523.669	1074.555	1944	1508	17.354	737.179	NaN
756	0756-1495	50336.949	317.292	2219	1492	135.000	224.359	NaN
757	0757-1516	2277490.138	2496.093	419	1521	12.609	1378.205	NaN
758	0758-1512	676980.605	1237.196	549	1522	36.573	961.415	NaN
759	0759-1503	223948.060	770.565	1217	1512	45.000	492.450	NaN
760	0760-1564	8288132.807	4874.008	1430	1608	43.668	2390.420	NaN
761	0761-1513	456114.398	1047.935	2386	1529	66.571	739.634	NaN
762	0762-1543	4202621.631	3311.690	1835	1587	47.353	2271.958	NaN
763	0763-1504	64718.935	362.619	2402	1508	45.000	256.410	NaN
764	0764-1509	273257.725	871.889	1230	1517	36.027	513.012	NaN
765	0765-1538	3073635.766	2973.178	1321	1565	41.941	1652.292	NaN
766	0766-1510	50336.949	317.292	580	1507	135.000	224.359	NaN
767	0767-1514	95537.475	455.534	107	1509	129.289	288.462	NaN
768	0768-1540	1983686.719	2080.126	2321	1512	123.690	1660.171	NaN
769	0769-1561	5144641.683	3628.737	2152	1602	42.852	2074.290	NaN
770	0770-1519	138683.432	506.775	1915	1522	34.695	384.615	NaN
771	0771-1532	1341633.794	1787.128	1928	1543	32.550	1198.885	NaN
772	0772-1589	9610248.192	5149.196	1653	1658	61.361	2787.819	NaN
773	0773-1532	546515.450	1135.900	1000	1549	73.610	769.231	NaN
774	0774-1536	880382.972	1333.888	1233	1544	35.218	1002.903	NaN
775	0775-1585	10755670.611	4981.990	469	1646	40.042	3349.049	NaN
776	0776-1531	491042.078	960.469	1195	1536	25.710	705.128	NaN
777	0777-1530	251684.747	808.938	579	1538	33.690	463.723	NaN
778	0778-1527	50336.949	317.292	1044	1524	135.000	224.359	NaN
779	0779-1548	1310815.253	1593.887	1263	1556	15.154	1239.529	NaN
780	0780-1548	1447444.116	2773.686	890	1566	22.416	1049.354	NaN
781	0781-1603	10777243.590	4644.783	347	1629	31.167	3308.511	NaN
782	0782-1542	166420.118	588.383	1029	1539	150.642	352.564	NaN
783	0783-1545	185938.527	596.188	2151	1541	143.746	448.718	NaN
784	0784-1557	1111522.025	1677.725	2373	1576	46.548	1177.318	NaN
785	0785-1569	636916.502	1659.873	2134	1544	100.008	625.106	NaN
786	0786-1576	2565129.849	2213.164	1166	1567	169.992	1960.677	NaN
787	0787-1603	4440951.677	3985.716	1947	1659	62.199	1791.721	NaN
788	0788-1565	299967.127	1022.129	985	1553	131.186	556.249	NaN
789	0789-1557	57527.942	340.710	974	1554	138.814	224.359	NaN
790	0790-1569	775599.934	1262.674	1902	1560	156.038	929.487	NaN
791	0791-1609	5771285.339	4350.128	2038	1661	50.681	2120.125	NaN
792	0792-1562	82182.774	410.457	2151	1557	128.660	256.410	NaN
793	0793-1634	10348865.878	5994.190	2195	1700	41.532	2507.796	NaN
794	0794-1562	121219.592	501.682	1251	1559	153.435	288.462	NaN
795	0795-1626	8571663.379	4190.023	1034	1561	103.717	3090.185	NaN
796	0796-1571	390368.179	924.500	1395	1561	146.310	661.779	NaN
797	0797-1625	6647559.172	4617.387	551	1687	58.627	1959.979	NaN
798	0798-1644	23122123.603	10939.774	689	1714	21.303	3343.569	NaN
799	0799-1569	120192.308	489.242	1016	1572	31.608	320.513	NaN
800	0800-1600	783818.212	1961.161	1799	1630	78.690	705.128	NaN
801	0801-1594	1681665.023	1946.967	1247	1604	20.225	1325.066	NaN
802	0802-1577	50336.949	317.292	2356	1574	135.000	224.359	NaN
803	0803-1585	214702.498	817.151	1766	1595	41.820	451.024	NaN
804	0804-1584	153065.417	590.996	1128	1591	49.399	384.615	NaN
805	0805-1581	102728.468	480.769	1383	1586	36.870	288.462	NaN
806	0806-1585	178747.535	666.944	2372	1577	125.218	404.226	NaN
807	0807-1581	79100.920	410.457	2390	1585	38.660	256.410	NaN
808	0808-1621	5064513.478	3648.782	215	1601	161.565	2018.832	NaN
809	0809-1584	81155.490	407.946	1731	1589	45.000	288.462	NaN
810	0810-1645	8258341.552	4255.585	1843	1704	67.878	2922.625	NaN
811	0811-1636	6026051.940	3831.436	1295	1689	55.911	2402.665	NaN
812	0812-1587	50336.949	317.292	1789	1584	135.000	224.359	NaN
813	0813-1612	1486480.934	1887.763	659	1625	40.179	1338.316	NaN
814	0814-1590	50336.949	317.292	1819	1587	135.000	224.359	NaN
815	0815-1609	836209.730	1399.287	1924	1630	69.905	961.538	NaN
816	0816-1607	735535.832	1378.578	1388	1622	35.538	934.236	NaN
817	0817-1603	501314.924	1409.163	1120	1611	17.199	599.838	NaN
818	0818-1598	57527.942	340.710	1230	1595	138.814	224.359	NaN
819	0819-1601	71909.928	365.441	709	1597	142.125	256.410	NaN
820	0820-1635	5799022.025	4231.376	1482	1655	10.033	2049.188	NaN
821	0821-1634	3161982.249	2446.208	1725	1650	31.608	1970.143	NaN
822	0822-1659	3011998.685	3646.811	1996	1715	77.307	1358.953	NaN
823	0823-1675	11720290.927	6299.443	2221	1741	40.253	3294.611	NaN
824	0824-1617	360576.923	820.913	2190	1627	51.340	641.026	NaN
825	0825-1672	13208826.430	5104.110	1126	1656	168.408	3727.726	NaN
826	0826-1629	1494699.211	1982.521	101	1649	34.461	1156.179	NaN
827	0827-1613	50336.949	317.292	1816	1610	135.000	224.359	NaN
828	0828-1617	111974.030	462.250	2381	1611	123.690	320.513	NaN
829	0829-1684	9720167.653	5348.340	125	1756	58.977	2798.488	NaN
830	0830-1616	79100.920	417.898	2150	1613	147.529	224.359	NaN
831	0831-1622	181829.389	666.944	1902	1616	144.782	448.718	NaN
832	0832-1663	6744123.932	3886.672	1356	1683	21.275	2597.763	NaN
833	0833-1645	1096112.755	2012.861	2094	1670	52.765	974.696	NaN
834	0834-1642	900928.665	1637.441	1104	1664	49.764	918.266	NaN
835	0835-1661	2083333.333	2918.251	594	1693	38.758	1164.515	NaN
836	0836-1641	379068.047	998.232	1913	1630	132.397	697.721	NaN
837	0837-1646	511587.771	1244.647	2137	1663	55.491	715.471	NaN
838	0838-1639	101701.183	435.945	1799	1645	53.973	320.513	NaN
839	0839-1681	4679281.723	3111.617	294	1720	48.759	2256.216	NaN
840	0840-1652	207511.506	705.856	2185	1644	140.528	496.608	NaN
841	0841-1648	50336.949	317.292	692	1645	135.000	224.359	NaN
842	0842-1671	1471071.663	1867.245	1779	1694	50.572	1602.564	NaN
843	0843-1649	50336.949	317.292	2169	1646	135.000	224.359	NaN
844	0844-1716	10701224.523	5903.703	881	1783	41.479	2507.790	NaN
845	0845-1650	50336.949	317.292	1703	1647	135.000	224.359	NaN
846	0846-1680	2246671.598	2929.494	873	1706	36.995	1183.750	NaN
847	0847-1670	495151.216	1315.665	2111	1687	55.923	750.149	NaN
848	0848-1672	1093030.901	1546.786	239	1654	145.981	1185.897	NaN
849	0849-1707	11066937.870	4916.504	389	1706	10.138	2993.800	NaN
850	0850-1664	102728.468	521.757	1780	1670	47.490	339.744	NaN
851	0851-1671	646162.064	1467.725	2150	1682	31.608	865.385	NaN
852	0852-1732	6299309.665	5109.340	73	1805	66.329	1851.949	NaN
853	0853-1662	57527.942	340.710	2503	1659	138.814	224.359	NaN
854	0854-1699	5947978.304	4189.042	1505	1696	9.246	2220.012	NaN
855	0855-1664	50336.949	317.292	1696	1661	135.000	224.359	NaN
856	0856-1664	57527.942	340.710	1967	1661	138.814	224.359	NaN
857	0857-1671	125328.731	543.928	1711	1678	45.000	384.615	NaN
858	0858-1679	830046.022	1360.198	2046	1694	34.439	907.353	NaN
859	0859-1702	2651421.762	3083.593	607	1736	43.315	1346.474	NaN
860	0860-1679	576306.706	1200.105	2504	1689	34.114	681.749	NaN
861	0861-1688	774572.650	1450.475	1631	1702	45.000	914.306	NaN
862	0862-1678	50336.949	317.292	1962	1675	135.000	224.359	NaN
863	0863-1680	80128.205	410.457	1979	1676	141.340	256.410	NaN
864	0864-1751	10125945.102	4991.158	1065	1824	58.658	3173.205	NaN
865	0865-1684	83210.059	431.206	1707	1689	48.013	288.462	NaN
866	0866-1685	71909.928	385.949	789	1681	131.634	256.410	NaN
867	0867-1742	8188486.193	4064.451	1404	1723	161.136	3115.994	NaN
868	0868-1686	57527.942	340.710	1667	1683	138.814	224.359	NaN
869	0869-1689	57527.942	340.710	2173	1686	138.814	224.359	NaN
870	0870-1690	65746.220	362.619	2182	1686	135.000	256.410	NaN
871	0871-1730	4173857.659	3461.687	217	1774	53.661	1854.417	NaN
872	0872-1695	220866.206	796.137	2022	1703	40.101	437.563	NaN
873	0873-1767	14069690.993	4947.227	1314	1843	78.035	4168.054	NaN
874	0874-1700	261957.594	863.007	2078	1697	158.199	448.718	NaN
875	0875-1769	14794953.978	6049.122	709	1793	27.108	4524.718	NaN
876	0876-1780	12009985.207	5908.921	973	1862	61.489	3383.872	NaN
877	0877-1718	856755.424	2071.713	2007	1736	34.919	893.943	NaN
878	0878-1754	7281393.820	4029.931	485	1785	39.514	2661.087	NaN
879	0879-1746	6915680.473	3369.198	1681	1767	25.346	2916.468	NaN
880	0880-1721	1132067.719	1494.085	1793	1735	35.395	1187.175	NaN
881	0881-1714	455087.114	1179.383	1949	1702	137.203	747.110	NaN
882	0882-1729	1561472.715	2045.515	1642	1755	54.567	1532.537	NaN
883	0883-1710	50336.949	317.292	1787	1707	135.000	224.359	NaN
884	0884-1711	57527.942	340.710	2529	1708	138.814	224.359	NaN
885	0885-1774	10209155.161	5439.472	256	1833	45.477	2649.049	NaN
886	0886-1752	3986891.847	3315.565	1537	1765	29.539	1686.078	NaN
887	0887-1724	359549.638	931.695	1872	1715	139.185	611.919	NaN
888	0888-1724	127383.300	570.657	1938	1731	51.843	360.401	NaN
889	0889-1725	162310.980	702.939	2058	1733	43.152	391.272	NaN
890	0890-1725	123274.162	506.775	2513	1729	34.695	352.564	NaN
891	0891-1749	1358070.348	2142.647	1846	1726	145.359	1518.331	NaN
892	0892-1727	57527.942	340.710	2049	1723	131.186	224.359	NaN
893	0893-1782	9591757.068	5142.009	589	1840	39.943	2929.161	NaN
894	0894-1754	2519929.323	2314.138	1161	1781	36.552	1633.025	NaN
895	0895-1731	50336.949	317.292	1917	1728	135.000	224.359	NaN
896	0896-1736	64718.935	362.619	2512	1732	135.000	256.410	NaN
897	0897-1761	1572772.847	1865.043	380	1789	70.942	1282.051	NaN
898	0898-1747	148956.279	612.339	1964	1754	42.879	401.346	NaN
899	0899-1803	10427966.798	4566.267	1975	1784	156.854	3422.556	NaN
900	0900-1780	5699375.411	4821.029	2184	1811	21.448	1821.726	NaN
901	0901-1805	8004602.235	4929.754	94	1862	48.954	2349.691	NaN
902	0902-1755	189020.381	632.150	1855	1764	59.534	448.718	NaN
903	0903-1776	1623109.796	1992.600	1781	1783	25.741	1536.594	NaN
904	0904-1755	50336.949	317.292	2479	1752	135.000	224.359	NaN
905	0905-1758	64718.935	365.441	1632	1755	142.125	224.359	NaN
906	0906-1760	91428.337	431.206	1920	1756	138.013	288.462	NaN
907	0907-1782	2035050.953	2134.721	423	1807	48.652	1330.909	NaN
908	0908-1816	5108686.719	3724.712	1211	1873	74.529	2352.141	NaN
909	0909-1783	2166543.393	2212.467	1402	1763	141.470	1465.341	NaN
910	0910-1769	269148.586	764.542	1641	1763	146.976	576.923	NaN
911	0911-1791	1081730.769	2382.167	1575	1809	23.806	904.975	NaN
912	0912-1782	123274.162	500.657	2322	1776	129.806	352.564	NaN
913	0913-1798	849564.431	1682.616	1885	1816	40.365	879.649	NaN
914	0914-1834	6082552.597	3540.180	1484	1881	58.325	2667.322	NaN
915	0915-1795	262984.878	820.913	2408	1803	38.660	467.827	NaN
916	0916-1794	104783.037	489.242	1666	1801	58.392	256.410	NaN
917	0917-1792	50336.949	317.292	1694	1789	135.000	224.359	NaN
918	0918-1807	934829.060	1376.340	1143	1799	152.241	1089.744	NaN
919	0919-1865	11534352.400	5447.304	836	1939	59.210	3226.862	NaN
920	0920-1803	288666.995	974.802	1772	1792	133.668	475.937	NaN
921	0921-1809	453032.544	1125.452	1949	1826	70.017	640.228	NaN
922	0922-1858	10016025.641	4487.637	424	1916	44.421	3031.440	NaN
923	0923-1801	70882.643	385.949	1753	1797	131.634	256.410	NaN
924	0924-1834	4159475.674	3402.270	697	1870	42.709	1849.056	NaN
925	0925-1804	178747.535	688.170	1726	1809	27.759	337.915	NaN
926	0926-1830	1493671.926	1885.585	543	1853	58.201	1156.772	NaN
927	0927-1882	18357577.252	5999.414	1543	1866	173.558	4858.903	NaN
928	0928-1812	97592.045	476.477	1712	1807	132.274	320.513	NaN
929	0929-1822	434541.420	974.802	51	1836	43.668	702.574	NaN
930	0930-1867	13101988.823	4898.082	1346	1914	33.794	3607.699	NaN
931	0931-1816	96564.760	435.945	1754	1811	126.027	288.462	NaN
932	0932-1814	50336.949	317.292	1804	1811	135.000	224.359	NaN
933	0933-1816	57527.942	340.710	2231	1812	131.186	224.359	NaN
934	0934-1819	100673.899	489.242	1937	1813	121.608	256.410	NaN
935	0935-1929	24861316.568	7442.526	1094	2043	79.077	5100.105	NaN
936	0936-1823	50336.949	317.292	1846	1820	135.000	224.359	NaN
937	0937-1828	229084.484	673.840	2206	1824	154.654	480.769	NaN
938	0938-1827	73964.497	385.949	2235	1823	131.634	256.410	NaN
939	0939-1850	1538872.452	1839.252	1261	1877	67.457	1266.340	NaN
940	0940-1828	57527.942	340.710	1764	1824	131.186	224.359	NaN
941	0941-1828	64718.935	365.441	1627	1825	142.125	224.359	NaN
942	0942-1840	665680.473	1136.804	1959	1832	158.499	947.461	NaN
943	0943-1835	204429.652	702.939	34	1843	43.152	453.274	NaN
944	0944-1831	81155.490	407.946	1731	1827	135.000	288.462	NaN
945	0945-1896	9286653.517	5264.710	581	1962	54.665	2917.764	NaN
946	0946-1833	86291.913	435.945	1168	1829	143.973	256.410	NaN
947	0947-1834	80128.205	410.457	2248	1839	51.340	256.410	NaN
948	0948-1841	232166.338	681.420	1180	1833	131.186	544.872	NaN
949	0949-1853	1123849.441	1565.271	1907	1833	132.510	1178.511	NaN
950	0950-1845	192102.235	791.608	12	1852	31.759	350.506	NaN
951	0951-1846	107864.892	476.477	2465	1852	47.726	320.513	NaN
952	0952-1846	63691.650	362.619	1767	1850	45.000	256.410	NaN
953	0953-1870	1625164.366	1864.768	1009	1897	65.638	1353.695	NaN
954	0954-1852	130465.155	560.668	1164	1845	120.964	317.292	NaN
955	0955-1906	9723249.507	5531.888	697	1962	39.593	2791.757	NaN
956	0956-1886	3416748.849	2723.039	1784	1923	42.138	2363.177	NaN
957	0957-1877	2091551.611	1948.813	2000	1856	126.304	1627.219	NaN
958	0958-1879	1624137.081	1808.840	2413	1855	119.745	1540.597	NaN
959	0959-1876	1222468.771	1924.145	712	1888	29.982	1017.698	NaN
960	0960-1870	466387.245	1125.452	1159	1874	19.983	603.434	NaN
961	0961-1886	1473126.233	1863.390	1304	1860	116.565	1321.209	NaN
962	0962-1865	80128.205	410.457	1971	1860	128.660	256.410	NaN
963	0963-1981	29784064.760	13200.810	233	2089	33.613	4062.197	NaN
964	0964-1871	294830.703	838.862	1871	1881	46.548	555.172	NaN
965	0965-1905	5084031.887	3024.561	2343	1940	49.728	2162.042	NaN
966	0966-1921	7606015.779	4827.949	281	1957	32.530	2049.005	NaN
967	0967-1877	72937.212	385.949	1954	1881	41.634	256.410	NaN
968	0968-1971	16205415.845	7470.424	842	2066	54.605	3605.868	NaN
969	0969-1902	1246096.318	1929.743	2636	1881	131.634	1028.394	NaN
970	0970-1899	1142340.565	1478.881	1212	1915	29.899	1125.920	NaN
971	0971-1896	278394.149	898.008	2293	1905	34.824	494.707	NaN
972	0972-1943	5330580.210	4634.265	594	1985	41.074	1630.605	NaN
973	0973-1914	770463.511	1633.358	1533	1939	74.055	888.384	NaN
974	0974-1940	4584771.532	3705.217	1701	1990	59.886	1980.629	NaN
975	0975-1920	1560445.431	1923.344	1264	1893	113.575	1185.897	NaN
976	0976-1934	4808719.592	3064.210	1459	1971	52.651	2444.224	NaN
977	0977-1900	71909.928	385.949	2279	1905	48.366	256.410	NaN
978	0978-1922	584524.984	1439.813	1981	1901	106.821	608.506	NaN
979	0979-1918	324621.959	863.007	1868	1906	111.801	608.974	NaN
980	0980-1917	187993.097	703.670	2001	1908	120.069	352.564	NaN
981	0981-1955	3810198.882	3473.537	956	1999	48.366	1916.730	NaN
982	0982-1950	2875369.822	2865.499	1784	1968	36.357	2337.169	NaN
983	0983-1915	50336.949	317.292	2422	1912	135.000	224.359	NaN
984	0984-1923	117110.454	521.757	1548	1929	47.490	352.564	NaN
985	0985-1954	2575402.696	2442.846	1200	1983	51.927	1615.612	NaN
986	0986-1939	546515.450	1181.993	1300	1951	40.601	751.106	NaN
987	0987-2063	23813486.193	9447.520	1356	1930	115.522	4060.162	NaN
988	0988-1984	7206402.038	4905.626	122	1988	18.672	2936.595	NaN
989	0989-2032	15881821.170	6476.976	1514	2128	70.937	3709.466	NaN
990	0990-1957	247575.608	817.151	1253	1969	64.440	416.667	NaN
991	0991-1956	273257.725	759.825	1857	1946	117.646	480.769	NaN
992	0992-1979	1712483.563	2072.457	1274	1993	31.724	1205.908	NaN
993	0993-2080	40149367.193	9915.923	637	2002	156.169	7170.932	NaN
994	0994-1972	258875.740	703.670	1675	1982	59.931	544.872	NaN
995	0995-1972	109919.461	525.680	2215	1967	142.431	320.513	NaN
996	0996-1977	50336.949	317.292	2244	1974	135.000	224.359	NaN
997	0997-1990	410913.872	1065.434	2229	2006	68.839	704.736	NaN
998	0998-2004	1574827.416	1703.549	1647	2030	78.056	1389.304	NaN
999	0999-2007	1262532.873	2028.368	460	2034	58.570	906.076	NaN
1000	1000-2000	761217.949	1280.849	1465	2017	58.299	1010.800	NaN
1001	1001-2091	24396983.892	8430.462	888	2197	52.259	4766.713	NaN
1002	1002-1994	64718.935	362.619	133	1998	45.000	256.410	NaN
1003	1003-2006	403722.880	1114.906	1236	1990	108.435	448.718	NaN
1004	1004-2000	202375.082	861.220	90	2010	45.000	406.745	NaN
1005	1005-2073	8864439.513	5174.669	480	2148	63.911	2242.734	NaN
1006	1006-2097	15914694.280	7134.993	499	2195	58.595	3386.869	NaN
1007	1007-2034	2905161.078	2509.433	1184	2069	61.798	1705.719	NaN
1008	1008-2101	23442636.423	7474.755	1208	2059	143.720	5070.881	NaN
1009	1009-2027	951265.615	1474.707	1476	2044	47.643	1012.821	NaN
1010	1010-2024	558842.867	1141.314	1615	2010	128.157	737.179	NaN
1011	1011-2111	19973496.055	10376.154	168	2198	32.512	3723.024	NaN
1012	1012-2076	6074334.320	4171.102	1602	2124	43.755	2227.249	NaN
1013	1013-2041	113001.315	500.657	925	2047	50.194	320.513	NaN
1014	1014-2083	1479289.941	2150.065	1482	2116	79.695	1089.744	NaN
1015	1015-2125	12809212.689	5380.226	1052	2191	54.700	3317.131	NaN
1016	1016-2059	64718.935	362.619	2360	2055	135.000	256.410	NaN
1017	1017-2078	50336.949	317.292	2001	2075	135.000	224.359	NaN
1018	1018-2084	50336.949	317.292	1976	2081	135.000	224.359	NaN
1019	1019-2112	1080703.485	1964.563	1660	2132	33.690	861.220	NaN
1020	1020-2147	7734426.364	4391.026	574	2197	39.966	2638.768	NaN
1021	1021-2147	14509368.836	8109.734	1582	2153	171.133	3237.179	NaN
1022	1022-2124	1421761.999	2089.488	1154	2149	41.269	1213.910	NaN
1023	1023-2146	2262080.868	2765.340	1527	2176	44.061	1297.313	NaN
1024	1024-2162	7098537.147	5437.488	312	2198	11.906	2330.441	NaN
1025	1025-2168	5676775.148	4755.378	1109	2198	16.847	1882.359	NaN
1026	1026-2158	50336.949	317.292	2124	2155	135.000	224.359	NaN
1027	1027-2180	586579.553	1096.323	2032	2197	74.745	886.530	NaN
1028	1028-2183	1688856.016	2709.234	1508	2197	10.911	929.487	NaN
1029	1029-2186	503369.494	1033.623	690	2198	29.745	769.231	NaN
1030	1030-2186	1235823.471	2471.276	2062	2199	9.707	801.282	NaN
1031	1031-2182	72937.212	385.949	290	2178	138.366	256.410	NaN
1032	1032-2188	218811.637	886.495	2344	2197	40.601	480.769	NaN
1033	1033-2189	341058.514	817.151	1239	2198	25.560	544.872	NaN
1034	1034-2190	544460.881	1422.586	527	2199	22.521	522.698	NaN
1035	1035-2190	570142.998	1508.795	1984	2196	12.265	480.769	NaN
1036	1036-2191	50336.949	317.292	1844	2188	135.000	224.359	NaN
1037	1037-2194	64718.935	362.619	298	2190	135.000	256.410	NaN
1038	1038-2195	50336.949	317.292	152	2192	135.000	224.359	NaN
