 	Label	Area	Feret	FeretX	FeretY	FeretAngle	MinFeret	Perinuclei
1	0001-0025	630752.794	1679.561	2344	45	48.094	650.096	NaN
2	0002-0033	963593.031	1609.600	1873	58	77.347	961.538	NaN
3	0003-0069	7207429.323	3842.413	991	25	152.152	3002.947	NaN
4	0004-0036	486932.939	1276.028	1477	54	64.722	576.923	NaN
5	0005-0050	5068622.617	4024.829	1509	61	17.136	1832.213	NaN
6	0006-0023	50336.949	317.292	1497	20	135.000	224.359	NaN
7	0007-0050	1652901.052	2097.340	323	28	141.203	1337.157	NaN
8	0008-0026	50336.949	317.292	789	23	135.000	224.359	NaN
9	0009-0064	4257067.719	2969.720	1919	28	133.688	2108.185	NaN
10	0010-0037	347222.222	960.469	156	42	25.710	544.872	NaN
11	0011-0038	85264.629	455.534	1846	43	39.289	288.462	NaN
12	0012-0086	7372822.156	4878.222	191	44	163.589	3057.572	NaN
13	0013-0046	220866.206	853.431	287	40	145.713	513.442	NaN
14	0014-0111	19676610.782	6314.428	563	165	18.343	4391.026	NaN
15	0015-0048	64718.935	362.619	1853	44	135.000	256.410	NaN
16	0016-0068	683144.313	1418.971	736	47	108.435	970.985	NaN
17	0017-0090	3141436.555	4102.689	1726	125	36.422	1113.066	NaN
18	0018-0057	71909.928	385.949	286	61	41.634	256.410	NaN
19	0019-0093	2681213.018	2955.156	2286	129	53.379	1456.215	NaN
20	0020-0061	64718.935	362.619	1855	57	135.000	256.410	NaN
21	0021-0095	3375657.462	3148.539	65	75	157.874	1752.200	NaN
22	0022-0097	2523011.177	2281.052	778	100	17.162	1852.564	NaN
23	0023-0089	1478262.656	2357.023	2004	105	22.380	953.431	NaN
24	0024-0078	64718.935	362.619	349	74	135.000	256.410	NaN
25	0025-0083	144847.140	622.323	161	75	124.509	352.564	NaN
26	0026-0158	12608892.176	7559.212	1700	225	39.495	2745.177	NaN
27	0027-0092	483851.085	1090.215	199	97	24.305	740.963	NaN
28	0028-0143	5842167.982	4440.346	1016	187	39.435	2243.704	NaN
29	0029-0135	7528969.428	3889.182	898	121	171.469	3103.558	NaN
30	0030-0131	9129478.961	5711.967	1534	147	9.039	2782.025	NaN
31	0031-0116	1213223.208	2392.065	821	142	35.181	984.949	NaN
32	0032-0098	87319.198	410.457	1530	103	51.340	288.462	NaN
33	0033-0154	9132560.815	4358.974	2031	214	61.928	3573.569	NaN
34	0034-0120	1735083.826	2397.856	404	100	142.058	1146.736	NaN
35	0035-0140	4517998.028	3331.638	294	178	44.610	2365.385	NaN
36	0036-0102	64718.935	362.619	218	98	135.000	256.410	NaN
37	0037-0116	298939.842	960.469	1521	103	115.710	562.524	NaN
38	0038-0122	600961.538	1573.454	2192	108	146.634	698.618	NaN
39	0039-0139	2395627.876	2402.778	756	110	136.081	1890.734	NaN
40	0040-0177	13354700.855	5154.580	1839	219	10.751	3980.658	NaN
41	0041-0125	353385.930	974.802	182	112	117.408	665.598	NaN
42	0042-0116	65746.220	362.619	900	112	135.000	256.410	NaN
43	0043-0118	64718.935	362.619	797	122	45.000	256.410	NaN
44	0044-0148	1566609.139	1971.870	501	165	45.659	1506.410	NaN
45	0045-0207	12000739.645	5684.925	2330	119	97.125	3213.022	NaN
46	0046-0127	50336.949	317.292	2348	124	135.000	224.359	NaN
47	0047-0140	343113.083	960.469	207	127	115.710	514.515	NaN
48	0048-0132	81155.490	385.949	1732	128	131.634	288.462	NaN
49	0049-0134	89373.767	410.457	516	129	128.660	288.462	NaN
50	0050-0159	1777202.498	2339.963	833	159	166.535	1740.612	NaN
51	0051-0169	3900599.934	3578.422	104	162	173.830	2142.780	NaN
52	0052-0138	50336.949	317.292	2212	135	135.000	224.359	NaN
53	0053-0145	93482.906	473.232	282	139	118.301	224.359	NaN
54	0054-0168	839291.584	1550.434	247	147	119.745	946.029	NaN
55	0055-0153	50336.949	317.292	267	150	135.000	224.359	NaN
56	0056-0157	82182.774	435.945	2422	153	143.973	256.410	NaN
57	0057-0204	6751314.924	3567.928	364	223	17.784	2980.508	NaN
58	0058-0173	94510.191	480.769	465	167	126.870	288.462	NaN
59	0059-0182	296885.273	936.095	214	194	51.953	527.199	NaN
60	0060-0177	71909.928	391.236	277	172	124.992	224.359	NaN
61	0061-0205	2916461.210	2394.426	1082	238	62.063	1916.722	NaN
62	0062-0181	143819.855	622.323	488	173	124.509	372.678	NaN
63	0063-0246	14416913.215	6091.599	787	191	147.899	3726.819	NaN
64	0064-0182	80128.205	407.946	1567	178	135.000	288.462	NaN
65	0065-0183	64718.935	365.441	730	179	127.875	224.359	NaN
66	0066-0198	987220.579	1839.252	1637	180	138.532	1060.699	NaN
67	0067-0208	2979125.575	2872.660	657	212	10.934	1633.677	NaN
68	0068-0206	656434.911	1400.021	754	227	74.055	737.179	NaN
69	0069-0201	680062.459	1238.026	1587	189	158.749	945.861	NaN
70	0070-0243	10677596.976	4766.598	945	191	150.160	3268.582	NaN
71	0071-0244	9587647.929	5707.019	551	202	160.649	3006.914	NaN
72	0072-0210	954347.469	1621.998	307	196	142.224	999.438	NaN
73	0073-0204	127383.300	596.188	2404	210	36.254	347.804	NaN
74	0074-0208	132519.724	577.813	2390	216	56.310	320.513	NaN
75	0075-0208	113001.315	480.769	1528	204	143.130	320.513	NaN
76	0076-0239	3019189.678	2584.057	2416	218	136.005	2005.644	NaN
77	0077-0207	50336.949	317.292	1611	204	135.000	224.359	NaN
78	0078-0243	10857371.795	6986.959	91	227	170.494	2396.890	NaN
79	0079-0227	859837.278	1815.359	480	248	47.862	1002.348	NaN
80	0080-0217	524942.472	1144.011	1614	217	168.690	705.128	NaN
81	0081-0246	3887245.233	3040.821	1958	286	57.482	1835.391	NaN
82	0082-0211	50336.949	317.292	103	208	135.000	224.359	NaN
83	0083-0216	137656.147	501.682	1544	215	153.435	352.564	NaN
84	0084-0224	118137.738	577.813	482	229	33.690	341.370	NaN
85	0085-0252	2020668.968	2337.987	1772	267	33.254	1732.205	NaN
86	0086-0229	135601.578	525.680	41	223	142.431	384.615	NaN
87	0087-0227	50336.949	317.292	2058	224	135.000	224.359	NaN
88	0088-0231	64718.935	365.441	1168	227	127.875	224.359	NaN
89	0089-0235	260930.309	702.939	1555	227	133.152	512.821	NaN
90	0090-0238	186965.812	705.856	1586	230	129.472	395.440	NaN
91	0091-0235	50336.949	317.292	1834	232	135.000	224.359	NaN
92	0092-0238	50336.949	317.292	1535	235	135.000	224.359	NaN
93	0093-0238	50336.949	317.292	1722	235	135.000	224.359	NaN
94	0094-0239	73964.497	385.949	2379	235	138.366	256.410	NaN
95	0095-0248	319485.536	1001.314	328	236	129.806	518.452	NaN
96	0096-0244	138683.432	612.339	1613	238	137.121	416.667	NaN
97	0097-0241	50336.949	317.292	1792	238	135.000	224.359	NaN
98	0098-0249	149983.563	577.813	544	242	123.690	384.615	NaN
99	0099-0248	50336.949	317.292	1683	245	135.000	224.359	NaN
100	0100-0250	50336.949	317.292	939	247	135.000	224.359	NaN
101	0101-0250	50336.949	317.292	1116	247	135.000	224.359	NaN
102	0102-0253	93482.906	462.250	1673	247	123.690	256.410	NaN
103	0103-0256	71909.928	391.236	2548	251	124.992	224.359	NaN
104	0104-0316	11354577.581	5747.913	737	271	153.149	3029.670	NaN
105	0105-0322	12840031.229	5180.919	1971	388	51.783	3474.614	NaN
106	0106-0277	1392998.028	1751.420	1909	254	124.563	1345.346	NaN
107	0107-0301	2903106.509	3291.465	2412	254	112.319	1596.950	NaN
108	0108-0271	439677.844	1256.557	1086	287	52.253	705.844	NaN
109	0109-0271	393450.033	1133.184	1682	256	118.740	641.026	NaN
110	0110-0263	296885.273	989.964	1715	256	150.945	480.769	NaN
111	0111-0273	1249178.172	1662.346	1840	288	33.996	1121.795	NaN
112	0112-0269	310239.974	903.141	1120	282	62.526	576.923	NaN
113	0113-0262	103755.753	462.250	2080	258	146.310	288.462	NaN
114	0114-0262	57527.942	340.710	2147	259	138.814	224.359	NaN
115	0115-0271	416050.296	1049.894	2117	279	31.264	593.814	NaN
116	0116-0268	57527.942	340.710	1676	264	131.186	224.359	NaN
117	0117-0311	10498849.441	5169.903	2149	272	166.739	2851.602	NaN
118	0118-0271	91428.337	431.206	261	267	138.013	288.462	NaN
119	0119-0279	520833.333	1238.026	304	276	158.749	767.431	NaN
120	0120-0272	65746.220	362.619	1540	268	135.000	256.410	NaN
121	0121-0272	50336.949	317.292	456	269	135.000	224.359	NaN
122	0122-0275	50336.949	317.292	1779	272	135.000	224.359	NaN
123	0123-0284	292776.134	929.487	1719	295	46.397	586.702	NaN
124	0124-0279	80128.205	431.206	2385	275	138.013	288.462	NaN
125	0125-0305	8389833.991	6525.408	85	287	167.807	1891.026	NaN
126	0126-0279	50336.949	317.292	1680	276	135.000	224.359	NaN
127	0127-0330	3790680.473	3476.493	473	376	55.138	2297.306	NaN
128	0128-0283	141765.286	577.813	467	278	146.310	320.513	NaN
129	0129-0284	96564.760	453.274	512	279	135.000	320.513	NaN
130	0130-0286	82182.774	431.206	2370	291	48.013	288.462	NaN
131	0131-0343	12899613.741	5629.724	1708	342	172.147	3840.515	NaN
132	0132-0294	177720.250	615.685	384	286	128.660	416.667	NaN
133	0133-0295	215729.783	820.913	2383	303	38.660	445.500	NaN
134	0134-0324	3472222.222	2939.297	415	303	154.832	2285.010	NaN
135	0135-0296	57527.942	340.710	41	292	131.186	224.359	NaN
136	0136-0301	206484.221	636.200	563	294	130.914	448.718	NaN
137	0137-0331	3791707.758	2917.371	660	368	54.389	2062.053	NaN
138	0138-0327	4268367.850	3219.200	1142	326	167.347	1786.354	NaN
139	0139-0325	2829142.012	2672.585	1862	310	174.495	1572.085	NaN
140	0140-0303	50336.949	317.292	341	300	135.000	224.359	NaN
141	0141-0308	233193.623	803.203	315	302	151.390	480.769	NaN
142	0142-0324	1238905.325	2314.138	1069	346	36.552	1234.662	NaN
143	0143-0309	50336.949	317.292	303	306	135.000	224.359	NaN
144	0144-0312	64718.935	362.619	373	308	135.000	256.410	NaN
145	0145-0313	57527.942	340.710	1077	309	131.186	224.359	NaN
146	0146-0327	1231714.333	1827.204	581	341	21.615	1071.155	NaN
147	0147-0315	103755.753	476.477	856	310	137.726	320.513	NaN
148	0148-0314	50336.949	317.292	56	311	135.000	224.359	NaN
149	0149-0405	6263354.701	6890.131	2206	490	55.423	1853.129	NaN
150	0150-0317	50336.949	317.292	407	314	135.000	224.359	NaN
151	0151-0319	57527.942	340.710	1603	315	131.186	224.359	NaN
152	0152-0319	65746.220	362.619	2118	315	135.000	256.410	NaN
153	0153-0356	2080251.479	3535.534	2349	316	135.000	1266.741	NaN
154	0154-0335	470496.384	1119.503	1259	319	113.629	673.077	NaN
155	0155-0331	679035.174	1885.313	294	339	17.819	558.030	NaN
156	0156-0325	70882.643	385.949	746	329	41.634	256.410	NaN
157	0157-0329	119165.023	530.543	938	322	115.017	256.410	NaN
158	0158-0327	124301.446	500.657	1274	323	140.194	352.564	NaN
159	0159-0334	95537.475	431.206	549	340	48.013	288.462	NaN
160	0160-0382	12204142.012	6270.348	250	410	9.414	3178.480	NaN
161	0161-0338	64718.935	362.619	1275	342	45.000	256.410	NaN
162	0162-0341	82182.774	407.946	2133	346	45.000	288.462	NaN
163	0163-0382	5810322.156	3256.637	2448	401	36.193	2748.722	NaN
164	0164-0361	1409434.583	1706.862	67	344	145.713	1297.436	NaN
165	0165-0347	180802.104	577.813	1115	355	56.310	416.667	NaN
166	0166-0349	229084.484	737.876	1277	356	34.380	440.004	NaN
167	0167-0345	50336.949	317.292	2417	342	135.000	224.359	NaN
168	0168-0371	3312993.097	3182.613	164	372	9.273	1737.789	NaN
169	0169-0373	3898545.365	3268.131	1028	384	172.108	1919.096	NaN
170	0170-0349	64718.935	362.619	741	353	45.000	256.410	NaN
171	0171-0358	415023.011	924.500	143	346	123.690	698.041	NaN
172	0172-0375	3959155.161	3665.215	2119	366	175.486	1742.115	NaN
173	0173-0443	15756492.439	6043.515	2269	526	66.562	3829.899	NaN
174	0174-0400	9601002.630	5779.994	694	405	3.497	2492.804	NaN
175	0175-0402	5143614.398	4162.350	517	385	156.396	2217.178	NaN
176	0176-0382	2290844.839	2286.674	597	364	148.761	1520.218	NaN
177	0177-0361	50336.949	317.292	791	358	135.000	224.359	NaN
178	0178-0365	71909.928	365.441	1279	362	142.125	256.410	NaN
179	0179-0379	1514217.620	2303.459	1888	369	158.791	1121.083	NaN
180	0180-0370	218811.637	730.882	677	378	37.875	476.369	NaN
181	0181-0393	4447115.385	3646.529	1147	385	10.125	1875.313	NaN
182	0182-0369	50336.949	317.292	1713	366	135.000	224.359	NaN
183	0183-0370	50336.949	317.292	1268	367	135.000	224.359	NaN
184	0184-0376	50336.949	317.292	552	373	135.000	224.359	NaN
185	0185-0378	106837.607	551.431	1303	373	144.462	319.849	NaN
186	0186-0378	86291.913	435.945	1285	374	143.973	256.410	NaN
187	0187-0384	387286.325	880.098	1341	395	33.111	673.077	NaN
188	0188-0409	5018285.667	4411.565	93	393	163.540	1995.755	NaN
189	0189-0391	464332.676	1338.885	445	379	137.911	602.917	NaN
190	0190-0389	237302.761	817.151	995	396	25.560	408.220	NaN
191	0191-0390	87319.198	407.946	2085	386	135.000	288.462	NaN
192	0192-0430	8361070.020	5377.074	1191	443	5.473	2488.758	NaN
193	0193-0398	245521.039	782.472	1357	405	34.992	529.076	NaN
194	0194-0402	341058.514	791.608	51	413	31.759	673.077	NaN
195	0195-0397	57527.942	340.710	1326	393	131.186	224.359	NaN
196	0196-0445	12144559.500	6796.459	1800	414	167.471	3055.058	NaN
197	0197-0421	1933349.770	2001.089	1990	406	148.092	1474.359	NaN
198	0198-0433	1859385.273	2139.528	2429	466	81.384	1634.615	NaN
199	0199-0405	71909.928	385.949	460	410	48.366	256.410	NaN
200	0200-0413	563979.290	1158.289	656	421	14.421	768.973	NaN
201	0201-0411	675953.320	1510.496	978	418	17.281	656.232	NaN
202	0202-0439	2796268.902	3016.399	35	405	137.153	1482.619	NaN
203	0203-0448	8321005.917	4846.107	1020	429	172.781	2582.290	NaN
204	0204-0416	357495.069	841.308	2204	411	162.255	590.863	NaN
205	0205-0518	19246178.501	7138.735	2123	415	117.255	4595.646	NaN
206	0206-0447	4839538.133	3742.322	446	449	163.583	2190.126	NaN
207	0207-0418	127383.300	545.814	2058	425	49.764	352.564	NaN
208	0208-0417	71909.928	385.949	445	422	48.366	256.410	NaN
209	0209-0451	1771038.790	2398.927	2379	486	67.203	1089.744	NaN
210	0210-0426	63691.650	362.619	319	422	135.000	256.410	NaN
211	0211-0484	6466757.068	4402.358	2553	546	61.756	2422.407	NaN
212	0212-0459	2175788.955	2404.701	235	445	158.908	1552.711	NaN
213	0213-0436	138683.432	544.872	656	432	151.928	320.513	NaN
214	0214-0455	1701183.432	2341.719	321	440	149.574	1365.467	NaN
215	0215-0435	50336.949	317.292	1375	432	135.000	224.359	NaN
216	0216-0455	886546.680	1666.975	377	436	142.028	1097.870	NaN
217	0217-0450	375986.193	846.785	279	460	29.476	608.974	NaN
218	0218-0460	1181377.383	1755.814	677	461	21.413	1244.012	NaN
219	0219-0454	545488.166	1107.046	729	458	22.109	833.333	NaN
220	0220-0502	8263477.975	4077.699	2472	442	110.714	2887.353	NaN
221	0221-0450	296885.273	903.141	406	445	152.526	512.821	NaN
222	0222-0446	50336.949	317.292	1837	443	135.000	224.359	NaN
223	0223-0483	4335141.354	3256.164	740	471	159.246	2288.032	NaN
224	0224-0458	205456.936	841.308	194	468	49.635	500.000	NaN
225	0225-0459	173611.111	616.519	571	451	117.897	352.564	NaN
226	0226-0473	1524490.467	2347.633	121	457	165.774	1313.543	NaN
227	0227-0457	103755.753	462.250	633	461	33.690	288.462	NaN
228	0228-0489	2324745.233	2801.876	1979	516	35.690	1370.651	NaN
229	0229-0535	15320923.734	6444.301	1280	616	47.822	3642.899	NaN
230	0230-0459	65746.220	362.619	2131	455	135.000	256.410	NaN
231	0231-0466	191074.951	764.542	590	456	123.024	397.026	NaN
232	0232-0505	10665269.560	5268.221	1098	504	3.837	2985.427	NaN
233	0233-0465	101701.183	476.477	2515	470	42.274	320.513	NaN
234	0234-0468	64718.935	362.619	1854	464	135.000	256.410	NaN
235	0235-0473	237302.761	774.554	622	466	155.556	446.290	NaN
236	0236-0516	10348865.878	6344.616	370	497	167.157	3082.218	NaN
237	0237-0475	101701.183	476.477	646	480	42.274	320.513	NaN
238	0238-0498	1228632.479	1746.427	185	512	42.769	1261.951	NaN
239	0239-0489	694444.444	1237.196	1003	475	143.427	896.737	NaN
240	0240-0481	57527.942	340.710	141	477	131.186	224.359	NaN
241	0241-0485	63691.650	362.619	623	481	135.000	256.410	NaN
242	0242-0486	109919.461	480.769	721	482	143.130	320.513	NaN
243	0243-0486	50336.949	317.292	713	483	135.000	224.359	NaN
244	0244-0487	90401.052	431.206	2413	483	138.013	288.462	NaN
245	0245-0488	57527.942	340.710	646	485	138.814	224.359	NaN
246	0246-0501	605070.677	1227.192	229	486	139.236	948.904	NaN
247	0247-0490	72937.212	385.949	1608	486	131.634	256.410	NaN
248	0248-0498	610207.101	1433.377	307	501	169.695	734.633	NaN
249	0249-0508	1230687.048	1744.367	558	494	159.567	1081.224	NaN
250	0250-0494	82182.774	435.945	1653	490	143.973	256.410	NaN
251	0251-0496	89373.767	455.534	743	491	129.289	288.462	NaN
252	0252-0494	57527.942	340.710	1043	491	138.814	224.359	NaN
253	0253-0494	50336.949	317.292	1685	491	135.000	224.359	NaN
254	0254-0507	596852.400	1781.083	659	520	30.256	746.389	NaN
255	0255-0502	159229.126	604.742	710	494	122.005	352.564	NaN
256	0256-0499	70882.643	385.949	97	504	48.366	256.410	NaN
257	0257-0510	203402.367	716.688	1659	500	116.565	448.214	NaN
258	0258-0553	14410749.507	6100.614	1680	518	158.422	3350.024	NaN
259	0259-0543	4188239.645	2964.007	2378	500	111.571	2010.904	NaN
260	0260-0545	8334360.618	4402.708	1392	556	4.175	2614.960	NaN
261	0261-0505	50336.949	317.292	623	502	135.000	224.359	NaN
262	0262-0541	7686143.984	5099.680	848	561	14.560	2282.959	NaN
263	0263-0508	50336.949	317.292	2092	505	135.000	224.359	NaN
264	0264-0509	71909.928	391.236	1083	506	145.008	224.359	NaN
265	0265-0522	492069.362	1125.452	1584	539	70.017	769.231	NaN
266	0266-0541	2481919.790	2552.860	1606	525	141.116	1714.111	NaN
267	0267-0533	2501438.199	2796.004	1880	559	28.034	1472.649	NaN
268	0268-0561	10537886.259	6254.272	226	546	162.401	2864.224	NaN
269	0269-0512	50336.949	317.292	1070	509	135.000	224.359	NaN
270	0270-0520	215729.783	711.654	698	529	54.162	512.821	NaN
271	0271-0516	88346.483	410.457	986	521	51.340	288.462	NaN
272	0272-0521	247575.608	775.217	738	513	150.255	544.872	NaN
273	0273-0517	80128.205	385.949	2089	513	131.634	288.462	NaN
274	0274-0541	2080251.479	2198.727	1000	564	30.677	1609.158	NaN
275	0275-0549	2149079.553	3204.647	126	520	149.331	1314.669	NaN
276	0276-0528	99646.614	455.534	389	533	39.289	320.513	NaN
277	0277-0529	71909.928	391.236	1666	524	124.992	224.359	NaN
278	0278-0530	57527.942	340.710	1984	527	138.814	224.359	NaN
279	0279-0542	352358.646	1201.389	1097	529	133.919	495.317	NaN
280	0280-0540	401668.310	1054.287	178	535	160.463	576.923	NaN
281	0281-0539	217784.352	726.653	1953	548	41.424	483.227	NaN
282	0282-0606	14770299.145	6016.769	1921	665	38.946	4223.624	NaN
283	0283-0547	755054.241	1665.742	638	544	168.906	833.333	NaN
284	0284-0549	436595.989	981.104	794	563	51.633	759.690	NaN
285	0285-0564	2375082.183	2604.845	2254	588	34.472	1548.907	NaN
286	0286-0559	1279996.713	1912.900	725	559	8.673	1212.294	NaN
287	0287-0579	4806665.023	3812.890	62	565	163.393	2057.187	NaN
288	0288-0549	64718.935	365.441	585	545	127.875	224.359	NaN
289	0289-0549	50336.949	317.292	603	546	135.000	224.359	NaN
290	0290-0555	117110.454	521.757	1069	549	132.510	352.564	NaN
291	0291-0552	50336.949	317.292	1241	549	135.000	224.359	NaN
292	0292-0599	7618343.195	5244.083	2225	643	22.647	2504.385	NaN
293	0293-0607	8354906.312	5261.196	692	614	11.241	2900.078	NaN
294	0294-0586	1859385.273	2030.392	2543	555	101.842	1440.205	NaN
295	0295-0590	4498479.619	3786.123	459	577	166.787	1854.357	NaN
296	0296-0564	149983.563	588.383	661	572	60.642	349.021	NaN
297	0297-0579	1929240.631	2240.153	588	577	160.787	1332.584	NaN
298	0298-0562	124301.446	525.680	1214	557	142.431	320.513	NaN
299	0299-0564	85264.629	410.457	679	569	51.340	288.462	NaN
300	0300-0573	612261.670	1307.834	1174	562	143.973	788.357	NaN
301	0301-0571	476660.092	1161.389	703	563	152.021	644.184	NaN
302	0302-0588	2698676.857	2596.945	1569	609	12.836	1730.138	NaN
303	0303-0566	81155.490	410.457	2085	561	128.660	256.410	NaN
304	0304-0568	114028.600	521.757	1162	562	132.510	351.155	NaN
305	0305-0567	57527.942	340.710	1206	563	131.186	224.359	NaN
306	0306-0569	79100.920	410.457	585	574	51.340	256.410	NaN
307	0307-0579	1436143.984	2611.934	1875	588	14.207	860.762	NaN
308	0308-0586	615343.524	1414.983	2522	608	76.908	641.026	NaN
309	0309-0570	57527.942	340.710	421	566	131.186	224.359	NaN
310	0310-0571	64718.935	362.619	1973	567	135.000	256.410	NaN
311	0311-0570	50336.949	317.292	2066	567	135.000	224.359	NaN
312	0312-0573	63691.650	362.619	1056	569	135.000	256.410	NaN
313	0313-0587	728344.839	1423.308	1068	605	54.162	921.476	NaN
314	0314-0623	7909064.760	4287.331	879	596	161.701	3269.966	NaN
315	0315-0585	468441.815	1111.214	1037	571	123.232	791.532	NaN
316	0316-0583	302021.696	974.802	1320	595	43.668	520.579	NaN
317	0317-0577	79100.920	417.898	237	574	147.529	224.359	NaN
318	0318-0616	4895011.506	3454.706	2404	608	173.073	2385.724	NaN
319	0319-0592	480769.231	1321.508	1247	576	129.094	734.000	NaN
320	0320-0580	50336.949	317.292	873	577	135.000	224.359	NaN
321	0321-0593	1371425.049	2037.211	1107	607	12.724	1050.155	NaN
322	0322-0610	4793310.322	3744.929	1312	621	6.882	2064.870	NaN
323	0323-0605	611234.385	1419.695	1013	585	118.301	809.858	NaN
324	0324-0606	1862467.127	2746.890	1443	625	19.069	1204.905	NaN
325	0325-0588	50336.949	317.292	2091	585	135.000	224.359	NaN
326	0326-0591	153065.417	604.742	664	596	32.005	320.513	NaN
327	0327-0596	116083.169	462.250	42	590	123.690	320.513	NaN
328	0328-0600	336949.375	775.879	1170	593	141.710	608.974	NaN
329	0329-0607	789981.920	1693.570	1210	597	150.524	793.802	NaN
330	0330-0603	385231.755	951.875	17	613	45.000	725.238	NaN
331	0331-0600	130465.155	533.440	449	593	122.735	288.462	NaN
332	0332-0610	389340.894	1150.726	2102	593	102.875	502.862	NaN
333	0333-0597	57527.942	340.710	265	594	138.814	224.359	NaN
334	0334-0602	218811.637	681.420	336	597	138.814	544.872	NaN
335	0335-0609	1135149.573	1976.294	173	605	171.607	879.694	NaN
336	0336-0702	47189349.112	13981.561	1330	686	178.161	5719.054	NaN
337	0337-0602	72937.212	385.949	241	598	138.366	256.410	NaN
338	0338-0608	173611.111	648.989	1036	600	122.905	436.078	NaN
339	0339-0617	1699128.863	2753.427	1851	622	12.095	1039.059	NaN
340	0340-0609	71909.928	391.236	391	606	145.008	224.359	NaN
341	0341-0617	217784.352	791.608	853	628	58.241	430.610	NaN
342	0342-0631	1492644.642	1999.034	41	655	41.100	1352.603	NaN
343	0343-0611	50336.949	317.292	261	608	135.000	224.359	NaN
344	0344-0612	86291.913	435.945	289	608	143.973	256.410	NaN
345	0345-0642	1290269.560	2099.053	424	610	97.017	1185.897	NaN
346	0346-0614	57527.942	340.710	1001	610	131.186	224.359	NaN
347	0347-0630	1725838.264	2456.893	571	638	7.496	1134.974	NaN
348	0348-0651	5814431.295	3597.890	1744	616	152.978	2499.350	NaN
349	0349-0616	50336.949	317.292	275	613	135.000	224.359	NaN
350	0350-0629	557815.582	1223.839	655	619	135.000	895.094	NaN
351	0351-0617	95537.475	435.945	1732	613	143.973	288.462	NaN
352	0352-0627	599934.254	1470.522	2379	616	163.540	695.772	NaN
353	0353-0633	1005711.703	1477.491	1184	620	155.659	1170.631	NaN
354	0354-0648	1691937.870	2179.723	2579	681	70.233	1068.542	NaN
355	0355-0634	832100.592	1624.845	222	624	157.989	759.688	NaN
356	0356-0667	13239644.970	6744.872	971	704	11.791	3067.237	NaN
357	0357-0627	373931.624	1145.357	1136	631	17.928	480.769	NaN
358	0358-0648	1636464.497	1796.302	459	621	105.524	1410.256	NaN
359	0359-0649	2567184.418	3125.945	308	627	151.858	1590.757	NaN
360	0360-0638	586579.553	1237.196	1512	654	53.427	860.026	NaN
361	0361-0629	85264.629	435.945	368	633	36.027	256.410	NaN
362	0362-0674	6002424.392	3786.123	140	652	166.787	2591.196	NaN
363	0363-0682	10462894.477	5209.393	1155	720	33.201	2939.256	NaN
364	0364-0632	64718.935	362.619	1178	636	45.000	256.410	NaN
365	0365-0719	27372000.329	9139.731	2316	789	32.687	5457.329	NaN
366	0366-0685	9099687.705	4516.388	2110	697	6.520	3246.214	NaN
367	0367-0639	140738.001	636.200	532	646	40.914	393.572	NaN
368	0368-0646	354413.215	976.907	505	657	48.991	633.178	NaN
369	0369-0661	2164488.823	2982.664	2269	681	28.217	1277.074	NaN
370	0370-0656	1175213.675	1695.086	1314	642	164.650	1304.392	NaN
371	0371-0651	1035502.959	1562.972	1866	636	164.539	932.897	NaN
372	0372-0648	411941.157	1116.287	2460	659	39.174	651.704	NaN
373	0373-0642	99646.614	480.769	660	638	143.130	288.462	NaN
374	0374-0653	1297460.552	2464.825	695	647	167.229	744.887	NaN
375	0375-0671	2852769.560	2290.041	871	640	133.299	1937.155	NaN
376	0376-0676	3662269.888	3333.333	2321	700	22.620	1721.630	NaN
377	0377-0643	78073.636	410.457	133	639	141.340	256.410	NaN
378	0378-0645	89373.767	431.206	11	650	48.013	288.462	NaN
379	0379-0645	64718.935	362.619	296	641	135.000	256.410	NaN
380	0380-0651	87319.198	431.206	1181	646	131.987	288.462	NaN
381	0381-0657	382149.901	1018.606	1516	655	167.276	618.655	NaN
382	0382-0668	1063239.645	1767.767	798	675	22.380	1099.949	NaN
383	0383-0652	70882.643	385.949	2127	657	48.366	256.410	NaN
384	0384-0655	178747.535	732.286	13	660	23.199	288.462	NaN
385	0385-0655	50336.949	317.292	84	652	135.000	224.359	NaN
386	0386-0677	3178418.803	4154.939	501	691	11.570	1557.555	NaN
387	0387-0660	166420.118	590.996	536	667	40.601	448.718	NaN
388	0388-0659	99646.614	500.657	1308	653	129.806	320.513	NaN
389	0389-0668	587606.838	1376.340	264	661	152.241	776.523	NaN
390	0390-0660	50336.949	317.292	2116	657	135.000	224.359	NaN
391	0391-0685	2993507.561	3225.894	1992	709	27.838	1413.147	NaN
392	0392-0664	50336.949	317.292	2107	661	135.000	224.359	NaN
393	0393-0670	235248.192	764.542	439	677	33.024	470.750	NaN
394	0394-0698	3526668.310	3008.385	607	709	14.184	2115.385	NaN
395	0395-0669	50336.949	317.292	2214	666	135.000	224.359	NaN
396	0396-0674	154092.702	533.440	304	681	57.265	384.615	NaN
397	0397-0699	3733152.531	3297.546	689	668	152.190	2018.124	NaN
398	0398-0679	310239.974	796.137	1918	672	139.899	594.217	NaN
399	0399-0676	130465.155	567.045	2104	670	132.709	398.063	NaN
400	0400-0674	50336.949	317.292	316	671	135.000	224.359	NaN
401	0401-0680	120192.308	476.477	778	675	132.274	352.564	NaN
402	0402-0697	1592291.256	2448.726	1897	678	165.600	1261.268	NaN
403	0403-0693	2026832.676	2766.455	1809	708	10.008	1046.365	NaN
404	0404-0680	57527.942	340.710	1942	677	138.814	224.359	NaN
405	0405-0721	6039406.640	5397.573	219	742	15.852	2168.698	NaN
406	0406-0727	4381369.165	3125.288	405	704	154.486	2596.154	NaN
407	0407-0701	157174.556	659.976	382	692	119.055	352.564	NaN
408	0408-0710	733481.262	1502.313	844	692	146.310	1002.417	NaN
409	0409-0707	812582.183	1677.112	907	716	26.075	773.171	NaN
410	0410-0697	50336.949	317.292	2245	694	135.000	224.359	NaN
411	0411-0704	92455.621	462.250	1799	698	123.690	256.410	NaN
412	0412-0715	409886.588	1033.623	824	702	119.745	764.089	NaN
413	0413-0708	80128.205	407.946	258	704	135.000	288.462	NaN
414	0414-0719	502342.209	1256.557	2066	711	142.253	925.463	NaN
415	0415-0745	7160174.227	4274.492	2206	751	10.804	2595.669	NaN
416	0416-0725	669789.612	1209.485	506	708	122.005	767.727	NaN
417	0417-0715	82182.774	410.457	1121	710	128.660	256.410	NaN
418	0418-0748	5621301.775	4180.082	1790	711	168.949	2348.586	NaN
419	0419-0722	256821.170	898.008	1104	716	145.176	537.591	NaN
420	0420-0716	64718.935	365.441	2048	712	127.875	224.359	NaN
421	0421-0775	13320800.460	6378.930	1852	809	25.921	3939.693	NaN
422	0422-0723	319485.536	987.367	557	733	35.754	538.681	NaN
423	0423-0766	10018080.210	5970.836	1225	811	14.931	2820.698	NaN
424	0424-0725	212647.929	725.238	538	717	135.000	500.910	NaN
425	0425-0721	50336.949	317.292	1763	718	135.000	224.359	NaN
426	0426-0723	83210.059	435.945	311	719	143.973	256.410	NaN
427	0427-0722	50336.949	317.292	808	719	135.000	224.359	NaN
428	0428-0730	161283.695	641.026	486	725	143.130	395.285	NaN
429	0429-0751	5087113.741	4322.172	977	766	13.727	1762.821	NaN
430	0430-0731	101701.183	455.534	970	726	129.289	288.462	NaN
431	0431-0821	29941239.316	10088.825	1523	862	10.989	4465.593	NaN
432	0432-0741	517751.479	1077.419	317	737	157.249	833.333	NaN
433	0433-0756	1496753.780	2298.102	2038	785	50.092	1348.092	NaN
434	0434-0732	50336.949	317.292	339	729	135.000	224.359	NaN
435	0435-0748	994411.571	1369.231	1136	754	16.314	1102.289	NaN
436	0436-0734	50336.949	317.292	809	731	135.000	224.359	NaN
437	0437-0742	300994.412	745.494	170	733	154.537	608.974	NaN
438	0438-0830	40956812.952	13707.760	2023	825	172.476	4828.194	NaN
439	0439-0741	57527.942	340.710	916	738	138.814	224.359	NaN
440	0440-0769	4198512.492	4719.817	519	798	21.512	1387.244	NaN
441	0441-0754	749917.817	1693.570	1196	767	29.476	759.690	NaN
442	0442-0771	2494247.206	3333.642	692	800	33.232	1502.073	NaN
443	0443-0748	136628.863	551.431	1117	753	35.538	320.513	NaN
444	0444-0747	57527.942	340.710	662	744	138.814	224.359	NaN
445	0445-0747	50336.949	317.292	2198	744	135.000	224.359	NaN
446	0446-0754	228057.199	657.637	1611	759	43.025	480.769	NaN
447	0447-0792	8982577.252	5190.428	709	828	8.881	2916.012	NaN
448	0448-0750	50336.949	317.292	911	747	135.000	224.359	NaN
449	0449-0754	100673.899	501.682	969	747	116.565	224.359	NaN
450	0450-0753	93482.906	431.206	892	758	48.013	320.513	NaN
451	0451-0754	50336.949	317.292	491	751	135.000	224.359	NaN
452	0452-0761	145874.425	543.928	1171	755	135.000	384.615	NaN
453	0453-0779	2806541.749	3323.611	131	777	173.355	1343.646	NaN
454	0454-0800	8961004.274	5479.176	249	784	173.956	2554.188	NaN
455	0455-0763	158201.841	622.323	1214	769	34.509	352.564	NaN
456	0456-0778	1614891.519	2215.483	1076	788	14.237	1125.452	NaN
457	0457-0778	624589.086	1297.978	495	795	57.095	871.769	NaN
458	0458-0796	1569690.993	2578.485	2540	829	55.125	1030.163	NaN
459	0459-0773	122246.877	521.757	307	779	42.510	384.615	NaN
460	0460-0774	129437.870	533.440	428	767	122.735	320.513	NaN
461	0461-0787	1184459.237	2064.511	1566	803	27.759	886.672	NaN
462	0462-0782	193129.520	636.200	670	775	130.914	480.769	NaN
463	0463-0796	792036.489	1592.275	1155	815	49.899	1075.417	NaN
464	0464-0790	315376.397	853.431	646	779	124.287	544.872	NaN
465	0465-0783	57527.942	340.710	930	779	131.186	224.359	NaN
466	0466-0790	137656.147	506.775	1199	786	145.305	352.564	NaN
467	0467-0797	817718.606	1886.402	1000	790	170.218	737.179	NaN
468	0468-0791	95537.475	455.534	1158	797	50.711	288.462	NaN
469	0469-0799	370849.770	1096.323	1408	788	142.125	603.251	NaN
470	0470-0792	50336.949	317.292	1556	789	135.000	224.359	NaN
471	0471-0795	50336.949	317.292	680	792	135.000	224.359	NaN
472	0472-0797	119165.023	501.682	470	795	153.435	288.462	NaN
473	0473-0802	307158.120	890.541	612	796	149.744	537.182	NaN
474	0474-0842	10829635.108	6142.233	946	811	158.254	2959.333	NaN
475	0475-0804	197238.659	615.685	1197	812	51.340	480.769	NaN
476	0476-0805	88346.483	435.945	141	800	126.027	256.410	NaN
477	0477-0816	1078648.915	1809.692	1364	805	157.068	962.973	NaN
478	0478-0806	108892.176	455.534	102	801	129.289	320.513	NaN
479	0479-0808	233193.623	730.882	122	802	142.125	480.470	NaN
480	0480-0813	444814.267	1196.677	206	810	159.624	663.359	NaN
481	0481-0807	165392.834	632.150	1126	813	30.466	384.615	NaN
482	0482-0806	57527.942	340.710	570	803	138.814	224.359	NaN
483	0483-0877	12179487.179	5822.581	1412	841	146.222	4694.426	NaN
484	0484-0818	1000575.279	1692.356	1051	809	155.376	819.892	NaN
485	0485-0839	4603262.656	3130.542	2439	836	169.380	2257.590	NaN
486	0486-0811	105810.322	500.657	557	817	50.194	320.513	NaN
487	0487-0823	1070430.638	1765.441	166	819	164.197	1056.065	NaN
488	0488-0818	803336.621	1648.072	1299	824	13.496	769.231	NaN
489	0489-0814	104783.037	453.274	1183	820	45.000	320.513	NaN
490	0490-0826	1805966.469	2846.616	538	818	172.235	993.095	NaN
491	0491-0847	4064965.483	3380.613	458	831	158.299	2259.104	NaN
492	0492-0824	269148.586	756.437	673	830	36.384	512.821	NaN
493	0493-0830	482823.800	1347.679	644	824	154.654	684.598	NaN
494	0494-0851	3324293.228	3327.936	1766	876	28.787	1744.367	NaN
495	0495-0845	1207059.500	1774.437	2566	872	73.202	1049.724	NaN
496	0496-0852	1418680.145	2651.747	1130	823	135.490	1211.324	NaN
497	0497-0849	1907667.653	2811.210	1200	871	28.610	1230.433	NaN
498	0498-0853	3710552.268	3380.613	78	863	174.560	1692.858	NaN
499	0499-0831	64718.935	365.441	1518	827	127.875	224.359	NaN
500	0500-0847	1336497.370	1708.667	225	843	156.801	1193.380	NaN
501	0501-0839	299967.127	942.656	421	831	144.689	589.256	NaN
502	0502-0862	2104906.312	2409.182	851	893	49.316	1475.645	NaN
503	0503-0835	63691.650	362.619	1342	831	135.000	256.410	NaN
504	0504-0890	11672008.547	6655.331	1798	943	24.467	3112.079	NaN
505	0505-0852	1524490.467	1868.895	1287	840	157.834	1121.795	NaN
506	0506-0854	1183431.953	1777.619	1351	869	25.641	1106.185	NaN
507	0507-0841	57527.942	340.710	2004	838	138.814	224.359	NaN
508	0508-0856	1149531.558	2057.533	592	868	18.153	877.789	NaN
509	0509-0882	8204922.748	5142.009	679	855	168.130	2553.797	NaN
510	0510-0860	795118.343	1477.491	186	862	167.471	784.163	NaN
511	0511-0851	90401.052	431.206	418	856	41.987	288.462	NaN
512	0512-0871	1052966.798	1578.343	365	894	60.832	1089.744	NaN
513	0513-0852	50336.949	317.292	283	849	135.000	224.359	NaN
514	0514-0861	177720.250	747.558	434	851	120.964	370.861	NaN
515	0515-0854	50336.949	317.292	1253	851	135.000	224.359	NaN
516	0516-0878	2656558.185	2886.218	289	897	29.982	1591.239	NaN
517	0517-0857	50336.949	317.292	1283	854	135.000	224.359	NaN
518	0518-0867	387286.325	952.953	1140	860	137.726	661.893	NaN
519	0519-0863	129437.870	567.045	576	870	47.291	370.412	NaN
520	0520-0862	57527.942	340.710	2015	858	131.186	224.359	NaN
521	0521-0887	2002177.844	2392.065	1999	871	144.819	1672.055	NaN
522	0522-0980	35340647.600	11923.508	1081	1093	34.929	6472.679	NaN
523	0523-0874	370849.770	886.495	415	885	40.601	673.077	NaN
524	0524-0881	772518.080	1951.973	2101	868	150.489	807.627	NaN
525	0525-0902	7526914.859	5611.996	531	898	171.129	2351.879	NaN
526	0526-0870	88346.483	431.206	2130	865	131.987	288.462	NaN
527	0527-0911	4516970.743	5448.718	2399	955	28.072	1301.305	NaN
528	0528-0880	232166.338	820.913	2148	872	141.340	466.579	NaN
529	0529-0880	186965.812	747.558	2040	875	149.036	412.437	NaN
530	0530-0881	250657.462	771.897	2082	889	41.634	544.872	NaN
531	0531-0896	1292324.129	1837.017	879	916	47.121	1410.256	NaN
532	0532-0880	50336.949	317.292	2561	877	135.000	224.359	NaN
533	0533-0881	50336.949	317.292	1204	878	135.000	224.359	NaN
534	0534-1017	29393696.581	11392.461	2376	1154	49.678	5597.929	NaN
535	0535-0900	4503616.042	5125.199	112	888	173.897	1302.804	NaN
536	0536-0883	90401.052	462.250	480	879	146.310	256.410	NaN
537	0537-0913	2252835.306	2250.447	1682	932	35.727	1891.026	NaN
538	0538-0907	1549145.299	1797.445	1747	884	129.936	1474.359	NaN
539	0539-0890	50336.949	317.292	699	887	135.000	224.359	NaN
540	0540-0930	9446909.928	5168.313	960	913	3.200	2507.222	NaN
541	0541-0898	532133.465	1146.702	1138	890	153.435	698.135	NaN
542	0542-0900	441732.413	931.695	494	910	26.565	705.128	NaN
543	0543-0923	5257642.998	4157.411	14	914	170.683	2041.977	NaN
544	0544-0900	143819.855	560.668	829	908	59.036	320.513	NaN
545	0545-0900	50336.949	317.292	428	897	135.000	224.359	NaN
546	0546-0902	96564.760	453.274	2064	907	45.000	320.513	NaN
547	0547-0906	168474.688	685.927	1172	915	52.595	430.479	NaN
548	0548-0901	50336.949	317.292	1790	898	135.000	224.359	NaN
549	0549-0940	5476454.635	3333.333	2583	909	157.380	2698.783	NaN
550	0550-0922	1264587.442	1951.973	434	913	150.489	1304.373	NaN
551	0551-0938	5587401.381	3670.816	2136	949	5.511	2247.773	NaN
552	0552-0907	57527.942	340.710	820	903	131.186	224.359	NaN
553	0553-0911	147928.994	567.045	754	918	42.709	416.667	NaN
554	0554-0922	1001602.564	1591.629	2091	933	25.017	1041.815	NaN
555	0555-0913	180802.104	720.263	379	907	147.724	361.768	NaN
556	0556-0914	101701.183	453.274	846	919	45.000	320.513	NaN
557	0557-0918	419132.150	1065.434	1641	926	21.161	576.923	NaN
558	0558-0912	50336.949	317.292	2029	909	135.000	224.359	NaN
559	0559-0979	15202785.996	8185.197	1408	920	152.733	3718.519	NaN
560	0560-0929	567061.144	1246.708	1114	940	43.958	770.298	NaN
561	0561-0920	233193.623	835.795	2369	914	147.529	447.727	NaN
562	0562-0945	5388108.153	4016.014	269	959	8.259	1901.397	NaN
563	0563-0931	665680.473	1423.669	1137	943	31.185	841.247	NaN
564	0564-0934	461250.822	1227.192	814	949	40.764	606.627	NaN
565	0565-0922	50336.949	317.292	1568	919	135.000	224.359	NaN
566	0566-0949	2252835.306	4215.322	2416	975	25.201	1023.061	NaN
567	0567-0926	163338.264	545.814	2355	922	139.764	416.667	NaN
568	0568-1041	44099276.792	11318.460	1778	971	166.239	7720.178	NaN
569	0569-0953	4120438.856	3237.814	1963	981	21.485	2044.291	NaN
570	0570-0949	2449046.680	2448.726	189	944	14.400	1583.377	NaN
571	0571-0929	50336.949	317.292	412	926	135.000	224.359	NaN
572	0572-0952	3599605.523	3388.504	1553	967	10.353	1668.358	NaN
573	0573-0946	954347.469	1376.340	857	965	62.241	1121.795	NaN
574	0574-0956	3869781.394	3444.432	683	951	5.339	1791.380	NaN
575	0575-0936	245521.039	711.654	1971	930	144.162	480.769	NaN
576	0576-0956	2338099.934	2924.229	2244	969	26.003	1291.854	NaN
577	0577-0934	50336.949	317.292	173	931	135.000	224.359	NaN
578	0578-0960	5093277.449	4488.324	507	966	6.973	1774.290	NaN
579	0579-0937	193129.520	645.020	885	932	153.435	416.667	NaN
580	0580-0975	5144641.683	5060.551	1645	993	20.386	2006.728	NaN
581	0581-0942	89373.767	431.206	2373	938	138.013	288.462	NaN
582	0582-0943	93482.906	445.271	1182	939	149.744	256.410	NaN
583	0583-0946	87319.198	391.236	2080	943	145.008	288.462	NaN
584	0584-0955	537269.888	1201.389	2331	969	46.081	779.712	NaN
585	0585-0993	8399079.553	4356.263	824	1011	11.889	2748.869	NaN
586	0586-0949	50336.949	317.292	2091	946	135.000	224.359	NaN
587	0587-0991	7069773.176	3947.646	371	997	10.763	2777.010	NaN
588	0588-0954	88346.483	417.898	647	949	122.471	256.410	NaN
589	0589-0956	207511.506	702.939	2364	964	43.152	480.769	NaN
590	0590-0958	174638.396	570.657	151	951	128.157	448.718	NaN
591	0591-0996	10327292.899	5939.095	43	972	166.264	2820.513	NaN
592	0592-0972	1502917.488	1703.247	2088	985	19.799	1314.103	NaN
593	0593-0990	8888067.061	6418.664	1001	993	10.356	2358.927	NaN
594	0594-0972	818745.891	1369.231	653	961	159.444	1069.044	NaN
595	0595-0960	50336.949	317.292	1222	957	135.000	224.359	NaN
596	0596-0967	50336.949	317.292	457	964	135.000	224.359	NaN
597	0597-0993	1341633.794	1974.994	767	1016	48.289	1197.162	NaN
598	0598-0979	284557.857	796.137	813	970	130.101	578.905	NaN
599	0599-0975	95537.475	500.657	1213	980	39.806	320.513	NaN
600	0600-0980	57527.942	340.710	1748	977	138.814	224.359	NaN
601	0601-0983	175665.680	693.375	2365	989	33.690	393.772	NaN
602	0602-0982	80128.205	410.457	1765	978	141.340	256.410	NaN
603	0603-0985	329758.383	989.445	2336	980	155.095	470.089	NaN
604	0604-1011	3533859.303	3350.854	2128	1033	21.903	1740.974	NaN
605	0605-1011	2314472.387	2648.646	2253	1015	21.286	1732.822	NaN
606	0606-1003	1439225.838	1912.363	498	983	140.440	1208.863	NaN
607	0607-0987	94510.191	445.271	697	983	149.744	256.410	NaN
608	0608-0987	64718.935	362.619	1196	983	135.000	256.410	NaN
609	0609-1006	4330004.931	3935.396	245	993	167.775	1442.308	NaN
610	0610-1006	2007314.267	3243.362	561	1027	18.435	1030.867	NaN
611	0611-1038	12879068.047	6191.956	1642	1046	171.367	3280.852	NaN
612	0612-1002	397559.172	951.875	717	1012	45.000	673.077	NaN
613	0613-1001	251684.747	817.151	2387	1010	48.180	506.775	NaN
614	0614-1000	153065.417	657.637	692	993	133.025	402.167	NaN
615	0615-1003	252712.032	711.654	2410	1013	54.162	512.821	NaN
616	0616-1003	167447.403	681.420	2324	1010	41.186	448.718	NaN
617	0617-1011	127383.300	525.680	376	1005	127.569	320.513	NaN
618	0618-1072	15344551.282	6551.332	2093	1119	16.484	3802.826	NaN
619	0619-1015	87319.198	431.206	2360	1020	48.013	288.462	NaN
620	0620-1019	137656.147	657.637	1136	1026	43.025	362.619	NaN
621	0621-1029	535215.319	1315.665	2372	1046	55.923	688.021	NaN
622	0622-1053	7473496.055	4688.370	586	1035	176.473	2438.555	NaN
623	0623-1040	1341633.794	2293.627	2297	1057	33.024	931.350	NaN
624	0624-1021	146901.709	616.519	784	1017	152.103	288.462	NaN
625	0625-1020	50336.949	317.292	2234	1017	135.000	224.359	NaN
626	0626-1056	4118384.287	3426.341	997	1019	162.582	2307.518	NaN
627	0627-1070	9505465.155	4968.052	208	1052	166.950	2867.463	NaN
628	0628-1028	50336.949	317.292	2259	1025	135.000	224.359	NaN
629	0629-1033	57527.942	340.710	367	1030	138.814	224.359	NaN
630	0630-1034	50336.949	317.292	543	1031	135.000	224.359	NaN
631	0631-1093	10396120.973	4535.115	865	1126	38.976	3605.017	NaN
632	0632-1079	8186431.624	5106.625	472	1049	158.265	2810.428	NaN
633	0633-1054	846482.577	1292.028	375	1072	60.255	993.590	NaN
634	0634-1041	50336.949	317.292	476	1038	135.000	224.359	NaN
635	0635-1090	18965729.783	11421.640	1413	1048	169.163	2993.158	NaN
636	0636-1076	2869206.114	3299.414	417	1045	140.123	1811.212	NaN
637	0637-1046	71909.928	365.441	1929	1042	127.875	256.410	NaN
638	0638-1066	2234344.181	2683.517	1286	1069	7.549	1153.846	NaN
639	0639-1053	72937.212	385.949	893	1049	131.634	256.410	NaN
640	0640-1055	57527.942	340.710	747	1052	138.814	224.359	NaN
641	0641-1091	2129561.144	2783.115	1392	1053	118.926	1647.593	NaN
642	0642-1057	64718.935	365.441	1278	1053	127.875	224.359	NaN
643	0643-1068	982084.155	1713.170	839	1080	17.418	828.888	NaN
644	0644-1063	79100.920	417.898	1370	1058	122.471	224.359	NaN
645	0645-1065	96564.760	431.206	2356	1069	41.987	320.513	NaN
646	0646-1087	2778805.062	3031.855	1170	1099	13.449	1279.170	NaN
647	0647-1083	447896.121	1105.188	2338	1098	60.461	673.077	NaN
648	0648-1126	9878369.494	5544.964	115	1158	12.349	2981.752	NaN
649	0649-1087	428377.712	931.695	395	1100	63.435	769.231	NaN
650	0650-1079	50336.949	317.292	803	1076	135.000	224.359	NaN
651	0651-1081	63691.650	362.619	2324	1085	45.000	256.410	NaN
652	0652-1096	537269.888	1192.377	1269	1082	126.254	794.627	NaN
653	0653-1087	102728.468	476.477	2310	1093	47.726	320.513	NaN
654	0654-1089	111974.030	533.440	1154	1094	32.735	288.462	NaN
655	0655-1097	366740.631	924.500	1294	1086	146.310	676.045	NaN
656	0656-1111	1766929.652	2523.110	99	1121	25.589	1288.163	NaN
657	0657-1098	198265.943	693.375	412	1107	56.310	448.718	NaN
658	0658-1096	368795.201	1096.323	2046	1089	164.745	448.718	NaN
659	0659-1093	50336.949	317.292	1062	1090	135.000	224.359	NaN
660	0660-1095	78073.636	410.457	483	1091	141.340	256.410	NaN
661	0661-1122	3325320.513	2868.545	329	1138	13.570	1760.412	NaN
662	0662-1113	1359097.633	2210.377	1774	1128	29.539	1005.993	NaN
663	0663-1111	859837.278	1591.629	814	1118	25.017	993.590	NaN
664	0664-1099	64718.935	365.441	1354	1096	142.125	224.359	NaN
665	0665-1112	741699.540	1624.845	2290	1116	22.011	961.538	NaN
666	0666-1102	57527.942	340.710	1798	1098	131.186	224.359	NaN
667	0667-1121	961538.462	1500.603	1329	1143	70.017	1089.744	NaN
668	0668-1107	50336.949	317.292	1352	1104	135.000	224.359	NaN
669	0669-1110	95537.475	455.534	1023	1116	50.711	288.462	NaN
670	0670-1124	692389.875	1277.235	1126	1105	107.526	1106.136	NaN
671	0671-1119	1251232.742	2302.790	635	1126	8.807	833.333	NaN
672	0672-1120	390368.179	1253.693	763	1109	147.529	616.747	NaN
673	0673-1147	8033366.206	5229.764	1157	1125	168.690	2204.275	NaN
674	0674-1133	1058103.222	1550.765	56	1137	161.940	1207.194	NaN
675	0675-1122	146901.709	573.351	2300	1119	153.435	320.513	NaN
676	0676-1126	124301.446	525.680	1081	1120	127.569	320.513	NaN
677	0677-1134	416050.296	1129.097	752	1127	145.408	785.775	NaN
678	0678-1132	187993.097	771.897	1030	1141	48.366	410.221	NaN
679	0679-1135	217784.352	931.695	2657	1146	49.185	390.434	NaN
680	0680-1128	50336.949	317.292	818	1125	135.000	224.359	NaN
681	0681-1137	273257.725	907.114	1749	1149	57.995	516.016	NaN
682	0682-1137	284557.857	815.892	463	1130	135.000	563.804	NaN
683	0683-1130	50336.949	317.292	480	1127	135.000	224.359	NaN
684	0684-1162	3761916.502	3029.821	2034	1150	173.928	2115.505	NaN
685	0685-1172	5614110.782	3566.920	356	1167	4.122	2531.283	NaN
686	0686-1131	50336.949	317.292	1094	1128	135.000	224.359	NaN
687	0687-1144	523915.187	1325.002	483	1158	32.152	715.600	NaN
688	0688-1142	362631.492	974.802	560	1132	136.332	628.213	NaN
689	0689-1155	1928213.346	2164.826	1440	1141	154.573	1538.462	NaN
690	0690-1137	176692.965	573.351	2258	1141	26.565	416.667	NaN
691	0691-1157	2975016.437	3369.198	1511	1178	25.346	1328.056	NaN
692	0692-1229	32262902.696	9976.344	1585	1297	26.730	6017.718	NaN
693	0693-1142	168474.688	616.519	590	1134	117.897	378.724	NaN
694	0694-1205	15412352.071	8514.428	2134	1258	19.117	2944.546	NaN
695	0695-1139	107864.892	462.250	1106	1136	146.310	288.462	NaN
696	0696-1154	939965.483	1677.112	1383	1137	135.000	1119.395	NaN
697	0697-1154	1038584.813	1937.976	631	1139	145.784	1128.970	NaN
698	0698-1139	50336.949	317.292	1721	1136	135.000	224.359	NaN
699	0699-1156	1191650.230	1808.840	842	1146	150.255	989.030	NaN
700	0700-1170	4104002.301	4419.359	2127	1194	23.962	1732.822	NaN
701	0701-1168	2194280.079	2228.429	688	1194	49.667	1577.119	NaN
702	0702-1144	50336.949	317.292	938	1141	135.000	224.359	NaN
703	0703-1146	80128.205	407.946	747	1142	135.000	288.462	NaN
704	0704-1152	223948.060	673.840	1495	1143	115.346	448.718	NaN
705	0705-1187	6531476.003	3942.438	2450	1207	27.607	2512.114	NaN
706	0706-1192	7024572.650	3763.263	900	1215	35.991	3002.417	NaN
707	0707-1149	80128.205	407.946	1112	1154	45.000	288.462	NaN
708	0708-1168	1500862.919	1973.953	2391	1181	32.400	1408.835	NaN
709	0709-1163	1438198.554	2181.607	503	1171	10.154	1121.795	NaN
710	0710-1155	137656.147	545.814	2632	1162	49.764	384.615	NaN
711	0711-1185	5252506.575	4333.447	1101	1178	172.349	2082.834	NaN
712	0712-1174	2164488.823	2382.383	1956	1182	19.654	1307.154	NaN
713	0713-1156	87319.198	410.457	1383	1161	51.340	288.462	NaN
714	0714-1178	2344263.642	2480.405	53	1161	154.759	1408.635	NaN
715	0715-1241	16593729.454	7319.000	758	1168	150.629	4490.541	NaN
716	0716-1158	72937.212	385.949	1056	1162	41.634	256.410	NaN
717	0717-1164	456114.398	1290.039	1321	1174	26.565	590.568	NaN
718	0718-1161	116083.169	506.775	1017	1155	124.695	320.513	NaN
719	0719-1241	7251602.564	5460.113	2604	1156	93.702	2002.431	NaN
720	0720-1165	182856.673	750.301	1088	1169	19.983	288.462	NaN
721	0721-1209	8070348.455	4389.037	529	1211	6.710	2990.004	NaN
722	0722-1168	50336.949	317.292	1067	1165	135.000	224.359	NaN
723	0723-1171	71909.928	385.949	2555	1167	131.634	256.410	NaN
724	0724-1173	50336.949	317.292	1029	1170	135.000	224.359	NaN
725	0725-1175	50336.949	317.292	1017	1172	135.000	224.359	NaN
726	0726-1202	4160502.959	3546.268	1855	1190	170.112	1844.986	NaN
727	0727-1195	1986768.573	2445.368	450	1207	10.574	1250.000	NaN
728	0728-1208	1917940.500	2178.780	1060	1240	63.812	1559.529	NaN
729	0729-1182	71909.928	391.236	1345	1179	145.008	224.359	NaN
730	0730-1201	1762820.513	2714.537	1265	1214	22.932	1102.231	NaN
731	0731-1217	3605769.231	2954.461	1362	1200	164.908	2156.408	NaN
732	0732-1195	846482.577	1613.106	136	1187	159.044	801.282	NaN
733	0733-1188	57527.942	340.710	2191	1185	138.814	224.359	NaN
734	0734-1198	913256.082	1756.983	1534	1192	165.203	737.179	NaN
735	0735-1203	795118.343	1387.121	1467	1217	40.314	860.377	NaN
736	0736-1197	200320.513	622.323	1236	1204	34.509	448.718	NaN
737	0737-1199	79100.920	417.898	1025	1196	147.529	224.359	NaN
738	0738-1220	1344715.648	2618.807	2044	1234	21.541	1160.362	NaN
739	0739-1213	1022148.258	1581.269	1995	1222	17.700	993.590	NaN
740	0740-1258	7501232.742	4102.689	2315	1295	36.422	3050.606	NaN
741	0741-1249	5262779.421	3243.995	650	1270	29.604	2753.169	NaN
742	0742-1265	7237220.579	4812.391	2455	1316	41.760	2316.377	NaN
743	0743-1256	9095578.567	4855.002	414	1222	161.924	2862.867	NaN
744	0744-1228	1122822.156	2220.809	1177	1237	20.266	726.567	NaN
745	0745-1253	8643573.307	5380.512	1477	1228	171.435	2625.726	NaN
746	0746-1220	158201.841	604.742	2122	1228	57.995	416.667	NaN
747	0747-1225	380095.332	934.447	1098	1233	22.166	576.923	NaN
748	0748-1224	117110.454	545.814	751	1218	130.236	352.564	NaN
749	0749-1279	7632725.181	5000.924	1252	1341	52.028	2681.215	NaN
750	0750-1249	3639669.625	3744.929	1898	1252	6.882	1730.769	NaN
751	0751-1233	437623.274	1216.261	2087	1232	161.565	710.292	NaN
752	0752-1227	64718.935	365.441	322	1224	142.125	224.359	NaN
753	0753-1235	308185.404	1047.935	1131	1228	156.571	417.012	NaN
754	0754-1233	223948.060	833.333	2417	1229	157.380	352.564	NaN
755	0755-1236	128410.585	525.680	1023	1231	142.431	320.513	NaN
756	0756-1260	2437746.548	2697.835	1198	1272	23.824	1372.595	NaN
757	0757-1264	2574375.411	2577.290	1827	1265	158.860	1744.961	NaN
758	0758-1240	64718.935	362.619	2451	1244	45.000	256.410	NaN
759	0759-1300	11657626.561	5191.912	1067	1250	159.775	3648.562	NaN
760	0760-1241	64718.935	362.619	2065	1237	135.000	256.410	NaN
761	0761-1276	4049556.213	3422.291	1404	1255	157.999	2270.158	NaN
762	0762-1251	117110.454	500.657	2461	1257	50.194	320.513	NaN
763	0763-1253	215729.783	673.840	1007	1252	154.654	478.748	NaN
764	0764-1261	720126.561	1600.319	2006	1276	32.735	843.417	NaN
765	0765-1272	1142340.565	1649.941	758	1250	119.055	1279.170	NaN
766	0766-1256	94510.191	435.945	1036	1261	36.027	288.462	NaN
767	0767-1271	1529626.890	1967.959	1342	1284	30.324	1080.588	NaN
768	0768-1281	1255341.880	1860.631	801	1302	47.793	1211.676	NaN
769	0769-1268	250657.462	770.565	1984	1277	45.000	544.872	NaN
770	0770-1265	71909.928	385.949	627	1261	138.366	256.410	NaN
771	0771-1267	96564.760	410.457	1010	1263	141.340	320.513	NaN
772	0772-1270	120192.308	551.431	609	1275	35.538	320.513	NaN
773	0773-1272	88346.483	431.206	841	1277	41.987	288.462	NaN
774	0774-1272	50336.949	317.292	1051	1269	135.000	224.359	NaN
775	0775-1276	129437.870	543.928	575	1270	135.000	384.615	NaN
776	0776-1278	50336.949	317.292	627	1275	135.000	224.359	NaN
777	0777-1281	64718.935	365.441	609	1277	127.875	224.359	NaN
778	0778-1283	64718.935	365.441	560	1279	127.875	224.359	NaN
779	0779-1349	12912968.442	4711.429	1813	1285	123.906	4167.854	NaN
780	0780-1291	215729.783	886.495	1926	1300	40.601	423.963	NaN
781	0781-1289	71909.928	391.236	618	1284	124.992	224.359	NaN
782	0782-1356	11475797.173	5585.114	972	1295	144.577	3273.174	NaN
783	0783-1303	517751.479	1261.453	2419	1321	62.784	608.974	NaN
784	0784-1307	733481.262	1512.875	735	1294	143.616	840.433	NaN
785	0785-1321	4606344.510	3785.445	638	1299	158.649	1858.208	NaN
786	0786-1300	264012.163	726.653	1024	1292	131.424	544.872	NaN
787	0787-1299	57527.942	340.710	821	1295	131.186	224.359	NaN
788	0788-1333	5100468.442	4044.181	1312	1359	18.004	1784.421	NaN
789	0789-1300	57527.942	340.710	948	1297	138.814	224.359	NaN
790	0790-1327	3970455.293	3149.681	470	1355	31.264	1652.160	NaN
791	0791-1315	546515.450	1103.793	930	1300	115.821	765.587	NaN
792	0792-1353	9973906.969	4804.272	1523	1388	18.677	3493.590	NaN
793	0793-1303	50336.949	317.292	1045	1300	135.000	224.359	NaN
794	0794-1400	23433390.861	6898.475	2477	1500	67.605	5820.088	NaN
795	0795-1327	1860412.558	2286.674	571	1312	148.761	1602.564	NaN
796	0796-1306	64718.935	365.441	1790	1302	127.875	224.359	NaN
797	0797-1336	4632026.627	4743.806	2224	1362	17.700	1602.432	NaN
798	0798-1330	3484549.638	3646.811	1686	1345	12.693	1568.327	NaN
799	0799-1328	1541954.306	2050.531	1445	1324	155.037	1422.381	NaN
800	0800-1319	166420.118	659.976	912	1328	60.945	377.605	NaN
801	0801-1314	87319.198	431.206	1075	1310	138.013	288.462	NaN
802	0802-1318	123274.162	560.668	922	1326	59.036	318.038	NaN
803	0803-1315	57527.942	340.710	1431	1312	138.814	224.359	NaN
804	0804-1326	643080.210	1267.951	134	1317	163.856	769.231	NaN
805	0805-1347	2755177.515	2746.890	1172	1379	48.311	1653.054	NaN
806	0806-1335	490014.793	1208.210	792	1318	111.801	674.204	NaN
807	0807-1324	115055.884	455.534	803	1330	50.711	352.564	NaN
808	0808-1326	131492.439	500.657	2662	1331	39.806	384.615	NaN
809	0809-1326	98619.329	462.250	1502	1322	146.310	256.410	NaN
810	0810-1345	2308308.679	2648.646	2131	1324	158.714	1270.527	NaN
811	0811-1329	139710.717	533.440	571	1334	32.735	320.513	NaN
812	0812-1332	128410.585	545.814	846	1339	49.764	384.615	NaN
813	0813-1384	8349769.888	6788.897	2199	1395	15.611	2605.376	NaN
814	0814-1359	1234796.187	1857.039	2582	1386	68.749	1053.364	NaN
815	0815-1337	57527.942	340.710	835	1333	131.186	224.359	NaN
816	0816-1338	65746.220	362.619	771	1334	135.000	256.410	NaN
817	0817-1356	723208.416	1520.326	2611	1379	71.565	740.997	NaN
818	0818-1339	89373.767	435.945	573	1335	143.973	256.410	NaN
819	0819-1355	1053994.083	1464.572	940	1368	23.199	1195.079	NaN
820	0820-1343	50336.949	317.292	1112	1340	135.000	224.359	NaN
821	0821-1348	50336.949	317.292	864	1345	135.000	224.359	NaN
822	0822-1395	12496918.146	5962.658	1326	1419	14.634	3113.894	NaN
823	0823-1379	3105481.591	2946.278	1240	1367	165.510	2051.282	NaN
824	0824-1356	149983.563	612.339	1108	1349	132.879	384.615	NaN
825	0825-1356	106837.607	480.769	24	1350	126.870	288.462	NaN
826	0826-1358	240384.615	702.939	761	1351	136.848	480.769	NaN
827	0827-1358	94510.191	453.274	41	1353	135.000	320.513	NaN
828	0828-1359	95537.475	489.242	747	1353	121.608	256.410	NaN
829	0829-1379	2195307.364	2411.526	1653	1396	23.499	1474.359	NaN
830	0830-1410	9162352.071	4675.973	472	1372	151.327	3171.620	NaN
831	0831-1365	99646.614	455.534	610	1371	50.711	288.462	NaN
832	0832-1372	265039.448	863.007	695	1385	68.199	480.769	NaN
833	0833-1366	104783.037	435.945	721	1372	53.973	320.513	NaN
834	0834-1365	64718.935	365.441	976	1361	127.875	224.359	NaN
835	0835-1377	581443.130	1224.678	1721	1391	42.879	935.897	NaN
836	0836-1368	96564.760	453.274	879	1363	135.000	320.513	NaN
837	0837-1366	57527.942	340.710	1151	1363	138.814	224.359	NaN
838	0838-1372	123274.162	588.383	684	1364	119.358	286.234	NaN
839	0839-1371	126356.016	657.637	1765	1379	46.975	339.744	NaN
840	0840-1384	751972.387	1526.731	634	1367	129.036	791.846	NaN
841	0841-1368	93482.906	473.232	1751	1365	151.699	224.359	NaN
842	0842-1376	156147.272	659.976	1930	1367	119.055	320.513	NaN
843	0843-1375	72937.212	385.949	664	1371	138.366	256.410	NaN
844	0844-1379	229084.484	835.795	1123	1373	147.529	430.013	NaN
845	0845-1414	2423364.563	2933.524	752	1451	56.136	1583.501	NaN
846	0846-1428	8102194.280	4267.156	907	1395	145.713	2975.522	NaN
847	0847-1403	1726865.549	2012.861	1176	1398	9.162	1329.271	NaN
848	0848-1406	792036.489	1887.763	2586	1430	49.821	819.901	NaN
849	0849-1387	57527.942	340.710	823	1383	131.186	224.359	NaN
850	0850-1412	2946252.465	2496.093	134	1398	155.739	1826.923	NaN
851	0851-1406	637943.787	1090.215	1766	1422	65.695	923.454	NaN
852	0852-1418	1192677.515	1723.036	811	1393	108.435	1346.154	NaN
853	0853-1406	795118.343	1494.085	682	1399	157.286	801.282	NaN
854	0854-1397	50336.949	317.292	1143	1394	135.000	224.359	NaN
855	0855-1403	201347.798	636.200	1740	1410	40.914	480.769	NaN
856	0856-1409	696499.014	1666.667	2315	1423	22.620	679.079	NaN
857	0857-1428	3304774.819	2907.318	1078	1434	165.964	1915.471	NaN
858	0858-1429	4345414.201	4293.556	1537	1443	12.065	1648.641	NaN
859	0859-1425	1865548.981	2749.880	1684	1416	158.819	1263.896	NaN
860	0860-1419	290721.565	960.469	735	1406	115.710	401.570	NaN
861	0861-1420	844428.008	1996.720	1477	1430	18.726	783.309	NaN
862	0862-1516	31731796.515	10950.943	1204	1428	156.361	4807.915	NaN
863	0863-1429	763272.518	1473.313	1780	1447	45.881	936.507	NaN
864	0864-1417	141765.286	615.685	2205	1411	141.340	368.863	NaN
865	0865-1419	141765.286	612.339	644	1412	132.879	416.667	NaN
866	0866-1420	57527.942	340.710	1749	1417	138.814	224.359	NaN
867	0867-1423	104783.037	455.534	626	1428	39.289	320.513	NaN
868	0868-1462	3541050.296	2986.966	818	1497	56.821	2092.018	NaN
869	0869-1428	135601.578	530.543	848	1421	115.017	320.513	NaN
870	0870-1425	50336.949	317.292	704	1422	135.000	224.359	NaN
871	0871-1433	574252.137	1461.763	2328	1437	15.255	737.179	NaN
872	0872-1426	57527.942	340.710	1168	1423	138.814	224.359	NaN
873	0873-1431	138683.432	577.813	1770	1423	123.690	318.552	NaN
874	0874-1432	275312.295	841.308	2226	1423	139.635	516.016	NaN
875	0875-1429	96564.760	453.274	1511	1424	135.000	320.513	NaN
876	0876-1438	261957.594	796.137	628	1429	130.101	544.872	NaN
877	0877-1434	124301.446	521.757	1907	1429	137.490	352.564	NaN
878	0878-1435	132519.724	521.757	1871	1441	42.510	352.564	NaN
879	0879-1448	1050912.229	1522.689	1033	1432	139.268	1089.744	NaN
880	0880-1448	653353.057	1166.684	2313	1435	142.815	961.538	NaN
881	0881-1473	4805637.738	3998.068	1580	1475	12.031	1910.065	NaN
882	0882-1454	1912804.076	2254.552	2349	1472	14.826	1442.308	NaN
883	0883-1444	206484.221	702.939	1826	1452	43.152	492.959	NaN
884	0884-1441	82182.774	410.457	2581	1436	128.660	256.410	NaN
885	0885-1441	64718.935	365.441	647	1438	142.125	224.359	NaN
886	0886-1468	3345866.206	3042.847	1445	1493	23.595	1858.974	NaN
887	0887-1452	319485.536	890.541	883	1440	120.256	540.577	NaN
888	0888-1443	50336.949	317.292	1769	1440	135.000	224.359	NaN
889	0889-1449	174638.396	596.188	1808	1456	53.746	416.667	NaN
890	0890-1445	65746.220	362.619	2014	1441	135.000	256.410	NaN
891	0891-1456	713962.853	1318.785	2269	1462	25.942	833.333	NaN
892	0892-1448	80128.205	385.949	150	1444	131.634	288.462	NaN
893	0893-1448	80128.205	385.949	2592	1453	41.634	288.462	NaN
894	0894-1472	1875821.828	2064.262	700	1455	154.231	1499.326	NaN
895	0895-1466	801282.051	1277.235	785	1485	72.474	897.436	NaN
896	0896-1460	592743.261	1506.751	1765	1471	29.291	678.283	NaN
897	0897-1451	64718.935	365.441	1910	1448	142.125	224.359	NaN
898	0898-1503	6907462.196	4199.819	600	1451	128.182	2700.985	NaN
899	0899-1470	967702.170	1482.004	91	1479	21.571	1039.903	NaN
900	0900-1467	550624.589	1110.752	141	1481	46.169	855.712	NaN
901	0901-1460	128410.585	521.757	672	1467	47.490	352.564	NaN
902	0902-1472	348249.507	1043.514	570	1483	42.510	592.349	NaN
903	0903-1521	10393039.119	6355.940	1595	1574	33.690	3329.833	NaN
904	0904-1507	7215647.600	3983.266	864	1509	161.711	2884.615	NaN
905	0905-1476	422214.004	1186.330	1876	1462	128.418	711.538	NaN
906	0906-1486	579388.560	1573.454	1801	1506	56.634	837.384	NaN
907	0907-1507	10731015.779	5799.422	1067	1475	156.552	2660.256	NaN
908	0908-1471	157174.556	573.351	1845	1468	153.435	349.842	NaN
909	0909-1472	63691.650	362.619	1865	1476	45.000	256.410	NaN
910	0910-1472	86291.913	410.457	1907	1468	141.340	288.462	NaN
911	0911-1493	2014505.260	2218.958	1498	1505	10.823	1369.203	NaN
912	0912-1477	57527.942	340.710	1050	1474	138.814	224.359	NaN
913	0913-1507	1935404.339	2697.835	2281	1536	43.556	1229.182	NaN
914	0914-1495	863946.417	1321.508	1021	1494	14.036	1151.729	NaN
915	0915-1488	124301.446	533.440	1823	1493	32.735	352.564	NaN
916	0916-1494	238330.046	793.552	1577	1486	136.637	515.587	NaN
917	0917-1496	363658.777	1035.609	979	1505	21.801	583.018	NaN
918	0918-1493	176692.965	632.150	2007	1489	149.534	384.615	NaN
919	0919-1512	2438773.833	2366.158	2335	1527	24.829	1602.564	NaN
920	0920-1511	1160831.690	1974.734	2406	1534	35.754	998.844	NaN
921	0921-1517	1962113.741	1864.768	757	1544	61.232	1597.325	NaN
922	0922-1499	57527.942	340.710	2544	1495	131.186	224.359	NaN
923	0923-1513	140738.001	570.657	986	1507	141.843	384.615	NaN
924	0924-1584	20249835.634	8825.750	2332	1660	29.358	3339.805	NaN
925	0925-1528	713962.853	1432.301	1743	1543	49.538	993.590	NaN
926	0926-1523	500287.640	1204.378	1785	1529	25.201	742.142	NaN
927	0927-1521	94510.191	445.271	822	1515	120.256	256.410	NaN
928	0928-1545	1917940.500	2090.225	698	1574	54.360	1546.974	NaN
929	0929-1536	1273833.005	1726.014	1008	1528	158.199	1077.779	NaN
930	0930-1521	86291.913	445.271	836	1518	149.744	224.359	NaN
931	0931-1539	1573800.131	2027.101	1528	1554	18.435	1159.354	NaN
932	0932-1530	64718.935	362.619	1270	1534	45.000	256.410	NaN
933	0933-1557	4482043.064	3702.721	72	1569	5.464	1826.923	NaN
934	0934-1538	57527.942	340.710	2316	1534	131.186	224.359	NaN
935	0935-1556	1173159.106	1494.085	785	1545	144.605	1154.181	NaN
936	0936-1554	696499.014	1408.069	833	1543	138.691	929.211	NaN
937	0937-1568	1739192.965	2059.529	2306	1550	159.027	1621.701	NaN
938	0938-1592	5069649.901	3070.573	1215	1631	53.489	2502.207	NaN
939	0939-1551	50336.949	317.292	650	1548	135.000	224.359	NaN
940	0940-1592	7776545.036	4047.736	1095	1604	20.875	2813.752	NaN
941	0941-1574	1028311.966	1571.820	1067	1552	110.283	1025.641	NaN
942	0942-1642	15216140.697	6374.338	2183	1725	57.109	3535.088	NaN
943	0943-1585	3166091.387	3024.561	992	1555	139.728	1801.834	NaN
944	0944-1575	1488535.503	1831.416	1764	1562	147.144	1336.488	NaN
945	0945-1591	2469592.373	2526.162	745	1562	125.707	1715.378	NaN
946	0946-1562	106837.607	453.274	199	1567	45.000	320.513	NaN
947	0947-1564	121219.592	506.775	824	1571	55.305	288.462	NaN
948	0948-1564	107864.892	516.811	1287	1557	119.745	256.410	NaN
949	0949-1584	2238453.320	2339.963	920	1564	143.915	1634.050	NaN
950	0950-1567	122246.877	521.757	880	1573	47.490	352.564	NaN
951	0951-1564	50336.949	317.292	1315	1561	135.000	224.359	NaN
952	0952-1697	27593893.820	9060.314	656	1569	115.568	6274.415	NaN
953	0953-1607	3981755.424	3717.120	1482	1632	29.438	1960.710	NaN
954	0954-1575	57527.942	340.710	2650	1571	131.186	224.359	NaN
955	0955-1576	50336.949	317.292	1553	1573	135.000	224.359	NaN
956	0956-1581	50336.949	317.292	2225	1578	135.000	224.359	NaN
957	0957-1596	1325197.239	2037.211	806	1591	167.276	941.500	NaN
958	0958-1648	15077457.265	5364.929	1555	1691	31.316	4124.304	NaN
959	0959-1608	2458292.242	3390.171	2125	1617	15.350	1339.990	NaN
960	0960-1602	266066.732	968.988	2081	1615	55.784	482.435	NaN
961	0961-1624	2117233.728	3135.788	898	1591	139.145	1407.168	NaN
962	0962-1670	14208374.425	6293.896	1695	1731	30.613	4225.427	NaN
963	0963-1601	158201.841	615.685	2579	1594	128.660	401.346	NaN
964	0964-1604	343113.083	931.695	445	1610	26.565	608.974	NaN
965	0965-1604	240384.615	771.897	474	1595	131.634	532.600	NaN
966	0966-1601	103755.753	480.769	1707	1607	53.130	320.513	NaN
967	0967-1610	344140.368	1089.744	2099	1596	118.072	638.537	NaN
968	0968-1605	314349.112	737.876	501	1596	124.380	608.974	NaN
969	0969-1680	18464414.859	7561.522	1227	1643	160.951	4211.316	NaN
970	0970-1612	198265.943	622.323	921	1606	145.491	480.769	NaN
971	0971-1619	607125.247	1091.627	2540	1628	40.236	882.501	NaN
972	0972-1613	94510.191	431.206	939	1608	138.013	320.513	NaN
973	0973-1611	50336.949	317.292	1388	1608	135.000	224.359	NaN
974	0974-1631	697526.298	1442.308	1905	1648	53.130	929.487	NaN
975	0975-1668	6260272.847	5057.709	802	1627	142.985	2181.878	NaN
976	0976-1673	10791625.575	7468.568	2311	1723	27.335	2042.352	NaN
977	0977-1621	81155.490	385.949	42	1617	131.634	288.462	NaN
978	0978-1621	91428.337	455.534	1426	1617	140.711	288.462	NaN
979	0979-1625	210593.360	764.542	1884	1633	33.024	457.877	NaN
980	0980-1637	803336.621	1314.493	990	1649	45.000	986.430	NaN
981	0981-1734	18527079.224	10097.426	2363	1830	37.779	3335.763	NaN
982	0982-1627	79100.920	410.457	418	1623	141.340	256.410	NaN
983	0983-1627	50336.949	317.292	1869	1624	135.000	224.359	NaN
984	0984-1638	687253.452	1280.849	52	1650	31.701	766.864	NaN
985	0985-1642	2336045.365	3145.928	418	1658	8.791	1041.303	NaN
986	0986-1643	765327.087	1236.781	1084	1655	31.218	1089.744	NaN
987	0987-1637	432486.851	1196.677	1445	1634	159.624	567.588	NaN
988	0988-1655	3628369.494	2797.473	2071	1633	161.980	1732.521	NaN
989	0989-1633	117110.454	521.757	2521	1639	42.510	351.155	NaN
990	0990-1648	1283078.567	1910.751	1019	1639	157.306	1217.949	NaN
991	0991-1645	72937.212	385.949	1934	1650	48.366	256.410	NaN
992	0992-1663	1632355.358	2055.534	1155	1665	10.784	1278.583	NaN
993	0993-1687	2269271.861	3115.411	1492	1647	126.634	1559.829	NaN
994	0994-1687	1865548.981	2607.210	2258	1714	46.494	1141.536	NaN
995	0995-1678	1756656.805	2517.607	75	1659	148.536	1112.878	NaN
996	0996-1661	234220.907	720.263	326	1655	147.724	480.769	NaN
997	0997-1688	5004930.966	3894.593	1850	1678	166.192	1944.776	NaN
998	0998-1670	370849.770	1121.795	1521	1684	53.130	554.299	NaN
999	0999-1670	526997.041	1346.535	1963	1656	141.766	659.353	NaN
1000	1000-1664	97592.045	455.534	1121	1670	50.711	288.462	NaN
1001	1001-1665	106837.607	462.250	1132	1671	56.310	288.462	NaN
1002	1002-1686	3714661.407	4061.417	413	1662	156.267	1579.552	NaN
1003	1003-1710	6296227.811	3758.756	940	1716	3.912	2530.369	NaN
1004	1004-1669	110946.746	500.657	1010	1663	129.806	320.513	NaN
1005	1005-1671	107864.892	636.200	973	1665	139.086	333.333	NaN
1006	1006-1690	2859960.552	2677.002	535	1686	163.301	1532.662	NaN
1007	1007-1696	1628246.220	1760.196	1070	1675	123.111	1463.014	NaN
1008	1008-1681	256821.170	853.431	806	1673	145.713	512.821	NaN
1009	1009-1677	88346.483	431.206	851	1673	138.013	288.462	NaN
1010	1010-1678	64718.935	362.619	1459	1674	135.000	256.410	NaN
1011	1011-1678	64718.935	362.619	1469	1674	135.000	256.410	NaN
1012	1012-1691	418104.865	1077.419	2047	1677	120.379	648.774	NaN
1013	1013-1683	64718.935	365.441	983	1680	142.125	224.359	NaN
1014	1014-1712	1564554.569	2138.808	1122	1681	109.250	1358.158	NaN
1015	1015-1692	277366.864	817.151	2471	1700	41.820	543.928	NaN
1016	1016-1704	1008793.557	1484.774	2611	1683	122.661	1057.692	NaN
1017	1017-1716	1705292.571	2429.563	1157	1700	149.036	1208.588	NaN
1018	1018-1726	4359796.187	3083.593	2084	1705	159.305	2154.476	NaN
1019	1019-1705	290721.565	841.308	1454	1711	40.365	630.046	NaN
1020	1020-1698	57527.942	340.710	1496	1695	138.814	224.359	NaN
1021	1021-1699	50336.949	317.292	1971	1696	135.000	224.359	NaN
1022	1022-1705	103755.753	551.431	1482	1698	125.538	307.223	NaN
1023	1023-1734	2650394.477	2569.106	2557	1767	56.706	1493.582	NaN
1024	1024-1708	96564.760	453.274	1981	1703	135.000	320.513	NaN
1025	1025-1739	3206155.490	3751.506	2353	1768	33.147	1433.377	NaN
1026	1026-1709	85264.629	410.457	1216	1706	141.340	288.462	NaN
1027	1027-1712	128410.585	516.811	1567	1708	150.255	320.513	NaN
1028	1028-1719	234220.907	841.308	876	1711	139.635	452.044	NaN
1029	1029-1742	3052062.788	2558.086	1244	1760	37.875	2007.096	NaN
1030	1030-1719	72937.212	385.949	897	1724	48.366	256.410	NaN
1031	1031-1719	86291.913	431.206	2008	1715	138.013	288.462	NaN
1032	1032-1802	22240713.346	10859.758	1978	1887	24.220	4309.442	NaN
1033	1033-1720	50336.949	317.292	2292	1717	135.000	224.359	NaN
1034	1034-1758	4080374.753	2946.278	553	1729	149.250	2115.037	NaN
1035	1035-1746	2703813.281	2568.306	1592	1759	29.124	1681.158	NaN
1036	1036-1727	116083.169	480.769	871	1721	126.870	320.513	NaN
1037	1037-1756	1585100.263	2246.564	2021	1790	75.964	1083.324	NaN
1038	1038-1737	740672.255	1369.231	1551	1746	20.556	897.436	NaN
1039	1039-1728	50336.949	317.292	1897	1725	135.000	224.359	NaN
1040	1040-1763	2865096.976	2796.004	1954	1725	118.034	1668.945	NaN
1041	1041-1745	368795.201	1125.452	1490	1762	70.017	672.734	NaN
1042	1042-1798	14085100.263	8417.231	102	1744	157.145	4082.354	NaN
1043	1043-1782	6562294.543	4219.707	1035	1747	141.476	2634.519	NaN
1044	1044-1734	85264.629	435.945	2283	1730	143.973	256.410	NaN
1045	1045-1737	108892.176	476.477	792	1742	42.274	320.513	NaN
1046	1046-1750	926610.782	1566.583	2066	1734	149.237	1034.408	NaN
1047	1047-1739	71909.928	365.441	886	1735	127.875	256.410	NaN
1048	1048-1741	126356.016	567.045	2626	1747	42.709	345.384	NaN
1049	1049-1743	85264.629	431.206	2324	1748	48.013	288.462	NaN
1050	1050-1751	1243014.464	2539.950	6	1740	169.824	777.507	NaN
1051	1051-1743	50336.949	317.292	2287	1740	135.000	224.359	NaN
1052	1052-1746	50336.949	317.292	2347	1743	135.000	224.359	NaN
1053	1053-1755	282503.287	987.367	2628	1768	54.246	538.474	NaN
1054	1054-1749	50336.949	317.292	915	1746	135.000	224.359	NaN
1055	1055-1771	1207059.500	1875.753	828	1782	33.147	1253.406	NaN
1056	1056-1780	1463880.671	2047.773	1166	1750	107.301	1197.786	NaN
1057	1057-1758	222920.776	666.944	1135	1752	144.782	448.718	NaN
1058	1058-1756	79100.920	407.946	2317	1761	45.000	288.462	NaN
1059	1059-1799	6003451.677	3477.675	1490	1800	9.549	2639.264	NaN
1060	1060-1757	57527.942	340.710	2658	1753	131.186	224.359	NaN
1061	1061-1759	50336.949	317.292	929	1756	135.000	224.359	NaN
1062	1062-1760	64718.935	365.441	1030	1756	127.875	224.359	NaN
1063	1063-1762	153065.417	604.742	986	1757	147.995	320.513	NaN
1064	1064-1796	3153763.971	3337.799	2475	1835	48.504	1968.966	NaN
1065	1065-1766	185938.527	685.927	2604	1775	52.595	412.256	NaN
1066	1066-1763	50336.949	317.292	1452	1760	135.000	224.359	NaN
1067	1067-1817	7007108.810	3825.801	865	1795	171.327	3006.418	NaN
1068	1068-1809	2472674.227	3165.460	2278	1857	74.134	1971.119	NaN
1069	1069-1790	1625164.366	1905.906	273	1807	47.726	1607.065	NaN
1070	1070-1766	50336.949	317.292	1421	1763	135.000	224.359	NaN
1071	1071-1780	437623.274	1161.389	1136	1766	129.401	644.054	NaN
1072	1072-1773	199293.228	702.939	1334	1766	136.848	480.769	NaN
1073	1073-1771	80128.205	431.206	948	1767	138.013	288.462	NaN
1074	1074-1796	1622082.512	2243.590	2558	1825	53.130	1410.570	NaN
1075	1075-1772	71909.928	385.949	2049	1777	48.366	256.410	NaN
1076	1076-1775	72937.212	385.949	2325	1771	131.634	256.410	NaN
1077	1077-1775	80128.205	407.946	2338	1780	45.000	288.462	NaN
1078	1078-1778	148956.279	596.188	2623	1786	53.746	352.564	NaN
1079	1079-1781	123274.162	660.754	1460	1789	50.906	348.667	NaN
1080	1080-1817	3718770.546	3265.143	1572	1861	58.650	1862.834	NaN
1081	1081-1794	277366.864	782.472	621	1801	34.992	512.821	NaN
1082	1082-1795	86291.913	410.457	1227	1790	128.660	288.462	NaN
1083	1083-1814	1928213.346	1905.098	793	1820	12.633	1433.653	NaN
1084	1084-1798	226002.630	775.217	1371	1794	150.255	432.655	NaN
1085	1085-1796	95537.475	453.274	2654	1801	45.000	320.513	NaN
1086	1086-1796	63691.650	362.619	1301	1792	135.000	256.410	NaN
1087	1087-1799	161283.695	533.440	2666	1806	32.735	416.667	NaN
1088	1088-1798	109919.461	506.775	987	1794	145.305	288.462	NaN
1089	1089-1798	70882.643	385.949	1310	1794	138.366	256.410	NaN
1090	1090-1808	491042.078	1179.383	1265	1796	137.203	695.608	NaN
1091	1091-1800	113001.315	525.680	1342	1805	37.569	320.513	NaN
1092	1092-1798	50336.949	317.292	1460	1795	135.000	224.359	NaN
1093	1093-1801	80128.205	391.236	2161	1797	145.008	256.410	NaN
1094	1094-1829	2543556.870	2947.673	2567	1861	43.238	1596.154	NaN
1095	1095-1806	241411.900	791.608	2316	1799	148.241	448.718	NaN
1096	1096-1804	57527.942	340.710	1439	1801	138.814	224.359	NaN
1097	1097-1810	200320.513	731.584	484	1805	151.189	405.420	NaN
1098	1098-1811	126356.016	533.440	1136	1804	122.735	320.513	NaN
1099	1099-1810	50336.949	317.292	1671	1807	135.000	224.359	NaN
1100	1100-1820	289694.280	922.832	2645	1807	110.323	480.769	NaN
1101	1101-1854	5826758.711	3973.325	578	1856	10.222	2783.909	NaN
1102	1102-1816	88346.483	431.206	1151	1811	131.987	288.462	NaN
1103	1103-1817	57527.942	340.710	1358	1814	138.814	224.359	NaN
1104	1104-1834	1160831.690	2169.093	695	1816	145.840	977.063	NaN
1105	1105-1818	50336.949	317.292	1441	1815	135.000	224.359	NaN
1106	1106-1826	282503.287	820.913	2273	1815	128.660	673.077	NaN
1107	1107-1818	50336.949	317.292	2337	1815	135.000	224.359	NaN
1108	1108-1820	50336.949	317.292	1012	1817	135.000	224.359	NaN
1109	1109-1827	197238.659	730.882	1052	1834	37.875	445.237	NaN
1110	1110-1823	50336.949	317.292	2327	1820	135.000	224.359	NaN
1111	1111-1847	1773093.360	1964.563	447	1862	33.690	1507.046	NaN
1112	1112-1826	109919.461	500.657	1101	1821	140.194	320.513	NaN
1113	1113-1826	64718.935	362.619	1213	1822	135.000	256.410	NaN
1114	1114-1828	57527.942	340.710	1971	1824	131.186	224.359	NaN
1115	1115-1840	826964.168	1348.060	181	1843	18.004	937.861	NaN
1116	1116-1828	50336.949	317.292	2146	1825	135.000	224.359	NaN
1117	1117-1851	877301.118	1721.545	842	1875	65.821	897.662	NaN
1118	1118-1832	71909.928	385.949	1297	1837	48.366	256.410	NaN
1119	1119-1853	1172131.821	2322.778	2111	1875	39.401	1011.535	NaN
1120	1120-1854	633834.648	1806.567	2528	1829	115.201	691.717	NaN
1121	1121-1834	72937.212	385.949	1459	1838	41.634	256.410	NaN
1122	1122-1842	326676.529	906.547	2339	1851	45.000	608.388	NaN
1123	1123-1878	5312089.086	3747.808	505	1836	138.814	1997.892	NaN
1124	1124-1838	113001.315	521.757	1396	1844	47.490	352.564	NaN
1125	1125-1877	3899572.650	3067.561	768	1834	116.030	2389.581	NaN
1126	1126-1907	13603303.748	4804.914	962	1977	72.532	4092.149	NaN
1127	1127-1841	64718.935	362.619	1436	1837	135.000	256.410	NaN
1128	1128-1865	2396655.161	2194.752	2480	1850	151.189	1709.730	NaN
1129	1129-1842	57527.942	340.710	2237	1838	131.186	224.359	NaN
1130	1130-1855	386259.040	951.875	1127	1844	135.000	702.081	NaN
1131	1131-1850	201347.798	720.263	1298	1856	32.276	384.615	NaN
1132	1132-1863	1153640.697	1956.966	1606	1877	31.608	1061.839	NaN
1133	1133-1923	16707758.054	6439.038	2324	1993	46.614	3909.008	NaN
1134	1134-1873	1417652.860	2614.292	2585	1900	40.525	1084.633	NaN
1135	1135-1852	72937.212	385.949	1159	1848	131.634	256.410	NaN
1136	1136-1871	808473.044	1362.839	872	1853	131.186	1095.330	NaN
1137	1137-1860	79100.920	417.898	1226	1855	122.471	224.359	NaN
1138	1138-1860	80128.205	391.236	1674	1855	124.992	256.410	NaN
1139	1139-1860	71909.928	365.441	14	1856	127.875	256.410	NaN
1140	1140-1885	3379766.601	3277.547	276	1883	9.002	1677.524	NaN
1141	1141-1927	12712647.929	7138.735	638	1884	152.745	2735.481	NaN
1142	1142-1861	57527.942	340.710	1828	1858	138.814	224.359	NaN
1143	1143-1906	4003328.402	3113.597	1300	1860	110.487	2658.870	NaN
1144	1144-1864	125328.731	506.775	1752	1861	145.305	352.564	NaN
1145	1145-1915	12452744.905	5203.968	115	1939	7.431	3471.999	NaN
1146	1146-1868	123274.162	573.351	1766	1876	63.435	256.410	NaN
1147	1147-1869	80128.205	407.946	1406	1874	45.000	288.462	NaN
1148	1148-1870	79100.920	417.898	1775	1865	122.471	224.359	NaN
1149	1149-1870	96564.760	453.274	2330	1875	45.000	320.513	NaN
1150	1150-1912	4866247.535	4542.923	1962	1918	20.225	2405.324	NaN
1151	1151-1884	620479.947	1522.689	1257	1894	30.343	839.459	NaN
1152	1152-1875	89373.767	431.206	1661	1880	48.013	288.462	NaN
1153	1153-1903	1490590.072	2314.138	1519	1935	59.172	1204.768	NaN
1154	1154-1880	322567.390	860.026	2178	1890	26.565	608.974	NaN
1155	1155-1876	114028.600	453.274	2219	1881	45.000	352.564	NaN
1156	1156-1880	57527.942	340.710	1180	1876	131.186	224.359	NaN
1157	1157-1887	305103.550	880.098	1800	1876	123.111	619.748	NaN
1158	1158-1946	8828484.550	4963.811	1464	1883	121.535	3066.705	NaN
1159	1159-1940	8788420.447	4714.045	2059	1985	45.000	3040.876	NaN
1160	1160-1926	6000369.822	4128.150	371	1889	148.655	2302.107	NaN
1161	1161-1883	64718.935	362.619	2095	1887	45.000	256.410	NaN
1162	1162-1889	196211.374	648.989	1771	1881	122.905	448.718	NaN
1163	1163-1928	2103879.027	3311.380	1542	1975	64.179	1135.822	NaN
1164	1164-1887	64718.935	365.441	1888	1884	142.125	224.359	NaN
1165	1165-1891	100673.899	590.996	854	1885	139.399	312.974	NaN
1166	1166-1891	165392.834	648.989	1105	1885	147.095	375.014	NaN
1167	1167-1889	79100.920	385.949	1232	1893	41.634	288.462	NaN
1168	1168-1890	88346.483	417.898	1337	1886	147.529	256.410	NaN
1169	1169-1899	354413.215	1005.920	1830	1895	149.349	722.545	NaN
1170	1170-1902	802309.336	1982.262	2489	1890	165.964	650.557	NaN
1171	1171-1933	2463428.665	3250.006	1586	1975	53.017	1381.977	NaN
1172	1172-1911	882437.541	1318.785	839	1892	115.942	1057.692	NaN
1173	1173-1943	6799597.304	3681.575	1360	1904	130.764	2912.440	NaN
1174	1174-1896	50336.949	317.292	1882	1893	135.000	224.359	NaN
1175	1175-1899	78073.636	407.946	470	1895	135.000	288.462	NaN
1176	1176-1898	57527.942	340.710	494	1895	138.814	224.359	NaN
1177	1177-1905	276339.579	838.862	1783	1896	133.452	567.588	NaN
1178	1178-1901	50336.949	317.292	626	1898	135.000	224.359	NaN
1179	1179-1907	159229.126	648.989	2561	1899	122.905	352.564	NaN
1180	1180-1918	1039612.097	1583.541	869	1933	35.942	1153.846	NaN
1181	1181-1903	50336.949	317.292	2199	1900	135.000	224.359	NaN
1182	1182-1906	164365.549	615.685	2314	1900	141.340	416.667	NaN
1183	1183-1908	71909.928	391.236	1082	1905	145.008	224.359	NaN
1184	1184-1911	110946.746	489.242	1803	1905	121.608	288.462	NaN
1185	1185-1910	89373.767	435.945	2171	1916	53.973	256.410	NaN
1186	1186-1909	81155.490	410.457	2299	1913	38.660	256.410	NaN
1187	1187-1919	386259.040	951.335	1762	1913	147.381	739.010	NaN
1188	1188-1915	198265.943	631.337	1819	1906	113.962	416.667	NaN
1189	1189-1909	50336.949	317.292	2604	1906	135.000	224.359	NaN
1190	1190-2049	41350262.985	15225.202	598	1910	143.733	5949.542	NaN
1191	1191-1968	15934212.689	8497.036	2425	2003	20.075	3587.606	NaN
1192	1192-1912	57527.942	340.710	824	1909	138.814	224.359	NaN
1193	1193-1913	72937.212	385.949	2193	1918	48.366	256.410	NaN
1194	1194-1936	2098742.604	2205.724	487	1910	144.462	1448.471	NaN
1195	1195-1929	509533.202	1209.485	1835	1913	122.005	888.234	NaN
1196	1196-1919	104783.037	498.601	2159	1925	45.000	339.955	NaN
1197	1197-1930	559870.151	1201.389	2294	1944	46.081	768.290	NaN
1198	1198-1923	147928.994	525.680	2583	1917	127.569	384.615	NaN
1199	1199-1923	82182.774	407.946	1201	1919	135.000	288.462	NaN
1200	1200-1922	50336.949	317.292	1304	1919	135.000	224.359	NaN
1201	1201-1926	123274.162	500.657	2543	1932	50.194	352.564	NaN
1202	1202-1931	166420.118	673.840	590	1941	64.654	384.615	NaN
1203	1203-1930	125328.731	551.431	1800	1937	54.462	384.615	NaN
1204	1204-1928	113001.315	480.769	2185	1932	36.870	320.513	NaN
1205	1205-1974	10491658.448	5907.617	269	1941	154.964	2633.910	NaN
1206	1206-1933	250657.462	725.238	895	1941	45.000	512.821	NaN
1207	1207-1930	77046.351	407.946	371	1935	45.000	288.462	NaN
1208	1208-1931	50336.949	317.292	551	1928	135.000	224.359	NaN
1209	1209-1934	71909.928	365.441	1819	1930	127.875	256.410	NaN
1210	1210-1935	50336.949	317.292	1953	1932	135.000	224.359	NaN
1211	1211-1941	231139.053	831.482	561	1947	27.553	433.718	NaN
1212	1212-1937	50336.949	317.292	1212	1934	135.000	224.359	NaN
1213	1213-1945	269148.586	884.174	2162	1956	46.469	512.968	NaN
1214	1214-1941	64718.935	362.619	1099	1937	135.000	256.410	NaN
1215	1215-1941	64718.935	365.441	1787	1937	127.875	224.359	NaN
1216	1216-1943	122246.877	480.769	1275	1948	36.870	352.564	NaN
1217	1217-1946	82182.774	410.457	1800	1941	128.660	256.410	NaN
1218	1218-1949	159229.126	604.742	1897	1944	147.995	352.564	NaN
1219	1219-1969	2466510.519	2585.051	851	1985	19.558	1525.270	NaN
1220	1220-1955	164365.549	666.944	1779	1964	54.782	405.420	NaN
1221	1221-1954	203402.367	803.203	78	1960	28.610	349.021	NaN
1222	1222-1953	118137.738	545.814	1840	1959	40.236	352.564	NaN
1223	1223-1955	78073.636	410.457	1857	1951	141.340	256.410	NaN
1224	1224-1956	89373.767	431.206	1870	1961	41.987	288.462	NaN
1225	1225-1957	80128.205	385.949	1322	1953	131.634	288.462	NaN
1226	1226-1967	329758.383	1224.678	1946	1953	132.879	589.256	NaN
1227	1227-1959	138683.432	545.814	1306	1965	40.236	352.564	NaN
1228	1228-1998	6021942.801	4959.567	521	1969	153.104	2435.183	NaN
1229	1229-1963	64718.935	362.619	1253	1959	135.000	256.410	NaN
1230	1230-1964	79100.920	417.898	98	1961	147.529	224.359	NaN
1231	1231-1967	242439.185	831.482	119	1961	152.447	397.545	NaN
1232	1232-1966	94510.191	435.945	1938	1963	143.973	288.462	NaN
1233	1233-1981	686226.167	1543.794	2128	2001	48.366	804.736	NaN
1234	1234-2001	2375082.183	2604.845	2277	2040	71.342	1465.913	NaN
1235	1235-1969	82182.774	407.946	1976	1974	45.000	288.462	NaN
1236	1236-1983	540351.742	1391.557	1827	1971	151.074	738.039	NaN
1237	1237-2030	6848906.969	4691.436	445	1987	135.277	2005.770	NaN
1238	1238-1990	1547090.730	2071.465	52	1997	8.005	1185.897	NaN
1239	1239-1979	165392.834	612.339	146	1972	132.879	447.882	NaN
1240	1240-2002	4608399.080	4250.633	184	1980	156.915	1753.390	NaN
1241	1241-2000	1377588.757	2237.629	1786	1973	128.019	1618.187	NaN
1242	1242-1978	57527.942	340.710	1313	1974	131.186	224.359	NaN
1243	1243-1978	57527.942	340.710	1321	1975	138.814	224.359	NaN
1244	1244-1982	192102.235	827.147	1899	1975	144.462	401.874	NaN
1245	1245-1997	1048857.659	2766.455	1968	2020	26.862	1065.363	NaN
1246	1246-2028	6192472.058	4359.917	1086	1977	131.424	2506.953	NaN
1247	1247-2024	3898545.365	3325.465	1581	1978	116.318	2069.218	NaN
1248	1248-1988	96564.760	462.250	1923	1982	123.690	256.410	NaN
1249	1249-1987	81155.490	410.457	1144	1991	38.660	256.410	NaN
1250	1250-1990	79100.920	385.949	1548	1987	138.366	288.462	NaN
1251	1251-1991	71909.928	385.949	1024	1995	41.634	256.410	NaN
1252	1252-1997	278394.149	782.472	1938	1987	124.992	570.214	NaN
1253	1253-1993	50336.949	317.292	1871	1990	135.000	224.359	NaN
1254	1254-1993	50336.949	317.292	1885	1990	135.000	224.359	NaN
1255	1255-2081	16799186.391	6091.515	100	2171	71.279	4380.559	NaN
1256	1256-2033	7282421.105	4239.017	955	1996	159.647	2692.308	NaN
1257	1257-1998	299967.127	1005.920	1954	2004	22.479	448.718	NaN
1258	1258-2005	222920.776	976.907	836	1995	138.991	445.063	NaN
1259	1259-1999	107864.892	480.769	942	2004	36.870	288.462	NaN
1260	1260-1999	50336.949	317.292	1427	1996	135.000	224.359	NaN
1261	1261-2004	235248.192	693.375	2004	1998	146.310	448.718	NaN
1262	1262-2006	184911.243	730.882	2315	1999	142.125	424.280	NaN
1263	1263-2002	50336.949	317.292	2399	1999	135.000	224.359	NaN
1264	1264-2015	223948.060	703.670	2054	2025	59.931	480.769	NaN
1265	1265-2010	50336.949	317.292	1402	2007	135.000	224.359	NaN
1266	1266-2011	50336.949	317.292	437	2008	135.000	224.359	NaN
1267	1267-2013	63691.650	362.619	2457	2017	45.000	256.410	NaN
1268	1268-2017	138683.432	570.657	1432	2012	141.843	352.564	NaN
1269	1269-2019	118137.738	500.657	1217	2015	140.194	352.564	NaN
1270	1270-2038	1480317.226	2107.844	313	2017	151.876	1137.856	NaN
1271	1271-2108	28351002.630	9203.686	571	2045	147.804	5165.038	NaN
1272	1272-2024	170529.257	688.170	2065	2030	27.759	352.564	NaN
1273	1273-2025	102728.468	476.477	1463	2020	137.726	320.513	NaN
1274	1274-2032	375986.193	936.095	1989	2023	141.953	716.688	NaN
1275	1275-2026	135601.578	544.872	1482	2023	151.928	288.462	NaN
1276	1276-2025	71909.928	391.236	2025	2022	145.008	224.359	NaN
1277	1277-2032	179774.819	645.020	1511	2023	116.565	382.707	NaN
1278	1278-2080	7434459.237	3862.412	1205	2136	49.038	3162.278	NaN
1279	1279-2031	50336.949	317.292	2316	2028	135.000	224.359	NaN
1280	1280-2068	5630547.337	4040.115	377	2040	148.958	2195.982	NaN
1281	1281-2040	103755.753	462.250	1198	2034	123.690	288.462	NaN
1282	1282-2037	57527.942	340.710	2183	2034	138.814	224.359	NaN
1283	1283-2039	50336.949	317.292	1277	2036	135.000	224.359	NaN
1284	1284-2049	253739.316	952.953	2041	2060	47.726	467.949	NaN
1285	1285-2101	13825197.239	5308.141	213	2046	137.447	3429.309	NaN
1286	1286-2045	57527.942	340.710	1569	2042	138.814	224.359	NaN
1287	1287-2058	281476.003	827.147	1958	2069	54.462	549.279	NaN
1288	1288-2075	1339579.224	1852.608	1070	2096	52.734	1234.784	NaN
1289	1289-2059	161283.695	622.323	1521	2067	55.491	384.615	NaN
1290	1290-2058	179774.819	636.200	1543	2065	40.914	448.718	NaN
1291	1291-2058	50336.949	317.292	1819	2055	135.000	224.359	NaN
1292	1292-2071	1072485.207	2160.789	1977	2063	159.146	1013.506	NaN
1293	1293-2061	89373.767	431.206	1559	2066	48.013	288.462	NaN
1294	1294-2065	289694.280	793.552	1674	2058	136.637	608.974	NaN
1295	1295-2095	2375082.183	2668.546	1300	2134	65.898	1417.116	NaN
1296	1296-2069	327703.813	911.069	1936	2059	129.289	631.281	NaN
1297	1297-2063	57527.942	340.710	1426	2059	131.186	224.359	NaN
1298	1298-2127	9896860.618	4666.737	1326	2181	37.185	3180.873	NaN
1299	1299-2069	143819.855	648.989	1654	2078	57.095	323.310	NaN
1300	1300-2068	83210.059	431.206	1917	2073	48.013	288.462	NaN
1301	1301-2092	2585675.542	2858.859	1090	2120	19.654	1542.716	NaN
1302	1302-2082	760190.664	1686.884	1491	2066	141.170	940.506	NaN
1303	1303-2077	429404.997	1280.849	1444	2068	148.299	615.065	NaN
1304	1304-2070	73964.497	385.949	2124	2066	138.366	256.410	NaN
1305	1305-2072	103755.753	435.945	1567	2068	143.973	320.513	NaN
1306	1306-2072	57527.942	340.710	1395	2068	131.186	224.359	NaN
1307	1307-2076	186965.812	666.944	1619	2082	35.218	416.667	NaN
1308	1308-2084	340031.229	931.695	1848	2072	130.815	664.220	NaN
1309	1309-2080	156147.272	632.150	2134	2089	59.534	381.645	NaN
1310	1310-2078	104783.037	455.534	1589	2073	129.289	320.513	NaN
1311	1311-2078	92455.621	431.206	2045	2073	131.987	288.462	NaN
1312	1312-2106	2600057.528	2854.184	1007	2081	145.061	1404.540	NaN
1313	1313-2081	126356.016	506.775	2011	2075	124.695	320.513	NaN
1314	1314-2096	931747.206	1967.959	1641	2080	163.926	1120.166	NaN
1315	1315-2083	50336.949	317.292	2322	2080	135.000	224.359	NaN
1316	1316-2086	50336.949	317.292	376	2083	135.000	224.359	NaN
1317	1317-2087	50336.949	317.292	1847	2084	135.000	224.359	NaN
1318	1318-2089	71909.928	385.949	1992	2085	138.366	256.410	NaN
1319	1319-2092	151010.848	702.939	2078	2085	136.848	423.213	NaN
1320	1320-2089	50336.949	317.292	2229	2086	135.000	224.359	NaN
1321	1321-2090	50336.949	317.292	1838	2087	135.000	224.359	NaN
1322	1322-2091	57527.942	340.710	2096	2087	131.186	224.359	NaN
1323	1323-2092	88346.483	410.457	1577	2096	38.660	288.462	NaN
1324	1324-2094	64718.935	365.441	1456	2091	142.125	224.359	NaN
1325	1325-2097	127383.300	521.757	1484	2103	42.510	352.564	NaN
1326	1326-2096	50336.949	317.292	1846	2093	135.000	224.359	NaN
1327	1327-2098	64718.935	362.619	2244	2094	135.000	256.410	NaN
1328	1328-2101	85264.629	410.457	2286	2097	141.340	288.462	NaN
1329	1329-2102	64718.935	365.441	362	2099	142.125	224.359	NaN
1330	1330-2103	57527.942	340.710	2230	2099	131.186	224.359	NaN
1331	1331-2149	7333785.339	4705.539	1375	2197	31.633	2602.024	NaN
1332	1332-2103	57527.942	340.710	1528	2100	138.814	224.359	NaN
1333	1333-2103	50336.949	317.292	1629	2100	135.000	224.359	NaN
1334	1334-2108	147928.994	596.188	1646	2115	53.746	352.564	NaN
1335	1335-2107	160256.410	567.045	2159	2114	47.291	416.667	NaN
1336	1336-2105	57527.942	340.710	2221	2101	131.186	224.359	NaN
1337	1337-2107	209566.075	747.558	2316	2113	30.964	384.615	NaN
1338	1338-2132	1658037.475	2154.838	2119	2111	149.621	1413.844	NaN
1339	1339-2107	153065.417	560.668	2430	2102	149.036	352.564	NaN
1340	1340-2106	50336.949	317.292	2343	2103	135.000	224.359	NaN
1341	1341-2133	1210141.354	2629.377	2427	2163	45.988	1201.175	NaN
1342	1342-2107	50336.949	317.292	1558	2104	135.000	224.359	NaN
1343	1343-2108	64718.935	362.619	1606	2112	45.000	256.410	NaN
1344	1344-2151	12901668.310	5636.653	345	2146	162.801	2980.769	NaN
1345	1345-2108	50336.949	317.292	1512	2105	135.000	224.359	NaN
1346	1346-2109	72937.212	385.949	2196	2113	41.634	256.410	NaN
1347	1347-2113	252712.032	907.114	2365	2105	147.995	494.721	NaN
1348	1348-2152	8344633.465	5002.054	511	2117	149.162	2743.128	NaN
1349	1349-2153	3408530.572	3629.162	1516	2197	51.814	1924.846	NaN
1350	1350-2111	50336.949	317.292	1738	2108	135.000	224.359	NaN
1351	1351-2112	57527.942	340.710	2306	2108	131.186	224.359	NaN
1352	1352-2153	7576224.523	3919.834	1100	2135	150.081	2852.564	NaN
1353	1353-2123	533160.750	1244.647	2198	2138	34.509	784.782	NaN
1354	1354-2114	104783.037	480.769	2256	2110	143.130	288.462	NaN
1355	1355-2120	190047.666	632.150	1265	2126	30.466	416.667	NaN
1356	1356-2145	802309.336	1982.521	2102	2118	124.461	864.792	NaN
1357	1357-2126	116083.169	498.601	2497	2121	135.000	352.564	NaN
1358	1358-2154	2819896.450	2615.667	988	2131	143.973	1943.170	NaN
1359	1359-2128	246548.323	817.151	2525	2123	154.440	416.667	NaN
1360	1360-2135	311267.258	764.542	1606	2145	56.976	576.923	NaN
1361	1361-2135	275312.295	771.897	2563	2127	138.366	622.619	NaN
1362	1362-2131	95537.475	453.274	1651	2136	45.000	320.513	NaN
1363	1363-2138	271203.156	924.500	2406	2126	123.690	441.321	NaN
1364	1364-2163	8129930.966	4991.158	113	2177	174.472	2297.333	NaN
1365	1365-2150	761217.949	1591.629	2086	2128	115.017	863.003	NaN
1366	1366-2133	88346.483	417.898	2389	2128	122.471	256.410	NaN
1367	1367-2141	209566.075	657.637	1270	2135	133.025	472.666	NaN
1368	1368-2158	1491617.357	2107.844	1781	2135	135.616	1223.839	NaN
1369	1369-2165	1233768.902	2224.507	1669	2193	53.791	880.402	NaN
1370	1370-2139	64718.935	365.441	1958	2136	142.125	224.359	NaN
1371	1371-2168	2027859.961	2039.479	1218	2140	120.192	1483.418	NaN
1372	1372-2169	8449416.502	6352.706	2408	2186	177.397	1858.974	NaN
1373	1373-2145	57527.942	340.710	2246	2141	131.186	224.359	NaN
1374	1374-2150	205456.936	737.876	2385	2160	55.620	412.000	NaN
1375	1375-2149	220866.206	702.939	1871	2142	155.772	448.718	NaN
1376	1376-2146	65746.220	362.619	2193	2142	135.000	256.410	NaN
1377	1377-2156	416050.296	1043.514	1066	2168	47.490	745.237	NaN
1378	1378-2148	57527.942	340.710	1747	2144	131.186	224.359	NaN
1379	1379-2161	822855.030	1506.751	1938	2146	141.911	865.097	NaN
1380	1380-2171	2094633.465	2176.185	1696	2197	46.193	1634.615	NaN
1381	1381-2150	65746.220	362.619	2045	2146	135.000	256.410	NaN
1382	1382-2151	97592.045	431.206	2065	2146	131.987	320.513	NaN
1383	1383-2152	79100.920	407.946	2035	2148	135.000	288.462	NaN
1384	1384-2173	1343688.363	2130.868	1759	2149	133.781	1104.611	NaN
1385	1385-2154	144847.140	530.543	1967	2149	154.983	352.564	NaN
1386	1386-2155	106837.607	476.477	1653	2160	42.274	320.513	NaN
1387	1387-2156	103755.753	476.477	1986	2151	137.726	320.513	NaN
1388	1388-2155	71909.928	391.236	2640	2152	145.008	224.359	NaN
1389	1389-2176	2891806.377	3699.807	1834	2186	175.030	1378.205	NaN
1390	1390-2162	265039.448	875.417	2348	2166	23.749	448.718	NaN
1391	1391-2159	80128.205	385.949	2402	2155	131.634	288.462	NaN
1392	1392-2176	1366288.626	1596.784	1275	2196	51.520	1314.103	NaN
1393	1393-2159	50336.949	317.292	1609	2156	135.000	224.359	NaN
1394	1394-2163	124301.446	570.657	2007	2170	51.843	338.999	NaN
1395	1395-2162	57527.942	340.710	2160	2158	131.186	224.359	NaN
1396	1396-2166	145874.425	596.188	2259	2174	53.746	352.564	NaN
1397	1397-2163	50336.949	317.292	2168	2160	135.000	224.359	NaN
1398	1398-2163	50336.949	317.292	2274	2160	135.000	224.359	NaN
1399	1399-2178	430432.281	1006.431	1071	2189	52.765	673.077	NaN
1400	1400-2169	72937.212	385.949	2247	2173	41.634	256.410	NaN
1401	1401-2182	1589209.402	2119.508	891	2175	159.647	993.590	NaN
1402	1402-2180	258875.740	1110.752	2155	2168	136.169	415.462	NaN
1403	1403-2184	373931.624	1005.920	2355	2170	120.651	608.974	NaN
1404	1404-2176	79100.920	391.236	1585	2171	124.992	256.410	NaN
1405	1405-2179	132519.724	533.440	2129	2172	122.735	352.564	NaN
1406	1406-2177	57527.942	340.710	2244	2174	138.814	224.359	NaN
1407	1407-2184	493096.647	1307.441	2184	2187	11.310	544.872	NaN
1408	1408-2187	730399.408	1439.813	277	2194	16.821	633.226	NaN
1409	1409-2188	274285.010	801.282	825	2179	126.870	502.862	NaN
1410	1410-2186	132519.724	596.188	2084	2192	36.254	352.564	NaN
1411	1411-2190	215729.783	726.653	850	2183	138.576	480.769	NaN
1412	1412-2193	287639.711	1034.616	1015	2190	163.811	384.615	NaN
1413	1413-2192	218811.637	774.554	2372	2187	155.556	352.564	NaN
1414	1414-2192	73964.497	385.949	2272	2188	138.366	256.410	NaN
1415	1415-2193	111974.030	489.242	88	2198	31.608	288.462	NaN
1416	1416-2193	57527.942	340.710	334	2190	138.814	224.359	NaN
1417	1417-2193	50336.949	317.292	1005	2190	135.000	224.359	NaN
1418	1418-2194	57527.942	340.710	2042	2190	131.186	224.359	NaN
1419	1419-2194	50336.949	317.292	1323	2191	135.000	224.359	NaN
