 	Label	Area	Feret	FeretX	FeretY	FeretAngle	MinFeret	Central Nuclei	Total Myonuclei	Perinuclei
1	0002-0133	1088.591	45.816	212	151	53.881	32.009	1	1	0
2	0003-0162	2341.271	78.469	11	125	107.049	45.087	0	0	0
3	0005-0144	173.094	20.254	67	136	122.905	12.003	0	0	0
4	0006-0163	488.265	37.587	418	180	64.799	18.832	0	0	0
5	0007-0163	218.118	21.030	62	154	115.346	13.004	0	1	1
6	0008-0184	1442.783	66.230	316	154	115.017	33.498	1	2	1
7	0009-0197	1646.894	58.608	379	172	117.440	39.011	1	1	0
8	0010-0222	2902.576	96.073	418	269	75.530	45.434	3	6	3
9	0011-0236	2405.306	100.631	11	186	96.277	34.481	0	1	1
10	0012-0213	1299.706	54.833	255	240	75.203	37.725	0	2	2
11	0013-0205	549.298	34.938	295	222	76.759	19.005	1	1	0
12	0015-0217	530.288	41.773	42	237	73.301	20.005	1	1	0
13	0016-0232	1161.631	58.710	97	203	98.820	25.007	0	2	2
14	0017-0245	1715.932	80.675	115	283	70.442	36.311	0	1	1
15	0018-0238	268.146	31.393	276	252	59.349	12.824	1	0	-1
16	0019-0242	515.280	37.132	383	226	117.255	19.005	0	0	0
17	0020-0251	859.467	52.407	290	275	66.371	25.456	2	2	0
18	0021-0257	805.437	47.521	61	278	59.657	25.621	1	1	0
19	0022-0268	1213.659	57.722	450	240	98.973	31.198	1	1	0
20	0023-0274	1164.632	64.422	25	302	64.231	23.697	3	3	0
21	0024-0268	882.479	45.619	372	246	105.255	25.007	0	1	1
22	0025-0280	1325.720	65.988	254	312	75.964	31.359	3	4	1
23	0026-0296	1828.993	78.622	52	328	53.276	34.965	1	2	1
24	0027-0295	1380.750	65.760	124	324	63.825	32.901	0	0	0
25	0028-0277	56.030	10.633	404	273	131.186	7.002	1	1	0
26	0029-0293	523.284	42.071	419	275	118.393	19.928	0	0	0
27	0030-0315	1819.988	78.111	305	354	80.417	32.009	0	0	0
28	0031-0298	452.246	42.732	271	318	69.444	16.290	1	2	1
29	0032-0328	2773.506	100.685	366	375	69.044	41.979	0	0	0
30	0033-0308	896.487	50.233	356	333	77.347	25.007	1	1	0
31	0034-0326	1326.720	69.876	86	358	66.371	25.972	0	0	0
32	0035-0323	1180.641	50.024	449	299	101.535	33.995	0	2	2
33	0036-0343	2473.343	87.597	410	387	83.443	41.964	0	2	2
34	0038-0329	1004.545	54.098	231	307	123.690	29.219	2	2	0
35	0039-0333	913.496	53.866	14	356	58.671	26.347	0	0	0
36	0041-0369	2429.319	93.170	261	414	75.069	42.220	3	5	2
37	0042-0337	226.123	21.219	58	331	135.000	17.005	0	0	0
38	0043-0365	1680.913	59.497	13	379	26.996	46.162	1	1	0
39	0044-0391	2321.260	97.935	138	429	55.823	41.710	2	3	1
40	0047-0377	518.281	40.011	64	394	53.130	21.022	0	1	1
41	0048-0402	605.329	44.397	205	424	75.651	16.004	0	2	2
42	0049-0412	977.531	51.802	367	387	100.008	26.640	1	1	0
43	0051-0417	626.340	37.132	456	401	117.255	25.007	0	0	0
44	0052-0413	286.155	22.678	115	419	41.424	18.005	0	0	0
45	0053-0429	795.432	39.228	480	448	70.641	27.994	1	2	1
46	0054-0451	1428.776	74.706	235	485	63.778	27.902	1	5	4
47	0055-0444	595.323	44.734	313	422	100.305	21.579	0	0	0
48	0056-0445	707.384	44.306	344	426	118.301	21.769	1	2	1
49	0057-0442	582.316	34.795	112	426	108.435	22.006	0	0	0
50	0058-0464	1407.764	72.221	196	497	59.172	31.435	2	3	1
51	0059-0465	874.475	53.325	141	490	66.801	25.682	1	2	1
52	0060-0477	1346.731	60.100	263	506	71.565	32.633	1	1	0
53	0061-0476	500.272	41.988	126	497	77.619	14.935	0	0	0
54	0252-0237	1780.967	68.329	225.500	286	84.540	34.309	0	2	2
55	0337-0215	1532.832	75.844	213	374.500	84.703	27.007	1	1	0
56	0385-0239	2219.205	93.505	233	339.500	98.303	31.976	1	3	2
57	0417-0291	1508.819	63.478	292	449	80.018	34.086	1	3	2
58	0389-0335	2959.607	75.403	324	352.500	98.775	55.298	0	0	0
59	0458-0193	716.389	54.908	186	484	69.749	17.677	0	1	1
60	0424-0181	1802.979	75.453	174.500	461	75.411	35.563	0	2	2
61	0178-0241	2408.307	71.106	216.500	204	46.425	48.531	1	1	0
62	0111-0268	1769.961	69.951	252	77	110.508	41.821	1	2	1
63	0082-0279	1723.936	73.112	264	48	110.418	32.208	3	8	5
64	0056-0298	658.357	44.419	296	34	97.765	17.981	0	2	2
65	0159-0288	825.448	45.413	285.500	181	73.361	24.507	0	3	3
66	0101-0318	3265.773	106.823	307.500	154.500	83.008	43.479	0	4	4
67	0056-0344	543.295	38.650	343.500	37	100.437	18.267	0	2	2
68	0028-0318	860.467	44.456	313.500	7	107.008	27.310	1	3	2
69	0074-0228	1989.080	76.906	221.500	36.500	104.307	34.365	1	3	2
70	0217-0363	1061.576	53.175	359.500	191.500	106.390	26.767	2	2	0
71	0255-0341	2725.480	86.247	324	213.500	104.439	44.030	0	0	0
72	0325-0339	1103.599	53.026	327.500	300.500	115.115	28.415	0	3	3
73	0399-0398	1213.659	55.515	396.500	372.500	108.925	28.292	1	1	0
74	0382-0442	907.493	50.024	440.500	407	78.465	27.084	1	2	1
75	0349-0110	731.397	56.595	99	376	64.341	16.067	0	2	2
76	0364-0131	2215.203	87.259	110.500	403.500	64.904	35.714	0	1	1
77	0409-0084	1637.889	70.535	66.500	442	66.161	35.027	0	2	2
78	0474-0051	1271.690	60.747	41	502.500	67.235	30.530	1	2	1
79	0181-0130	1709.928	61.207	111	203	46.655	36.701	0	1	1
80	0205-0075	1665.904	79.282	60.500	243	73.508	36.466	2	3	1
81	0161-0101	1676.910	66.116	86.500	129	100.460	40.511	4	7	3
82	0115-0076	577.313	45.413	74.500	93	101.434	21.248	0	2	2
83	0096-0097	1986.078	66.520	100	63	99.958	39.433	0	0	0
84	0049-0074	1207.656	57.234	71.500	20.500	95.013	28.209	2	4	2
85	0111-0039	1063.577	65.640	34.500	80.500	107.745	29.821	1	2	1
86	0073-0055	1355.736	71.316	51.500	38	95.231	29.345	2	5	3
87	0168-0362	972.528	42.749	359	189.500	83.956	28.494	1	2	1
88	0107-0363	2217.204	88.093	350	148.500	71.462	32.132	0	0	0
89	0080-0409	2977.617	108.021	391	29.500	108.351	45.943	0	1	1
90	0166-0468	3528.916	93.450	454.500	123	112.997	52.242	0	0	0
91	0103-0471	1521.826	56.798	469.500	75	102.200	36.260	1	1	0
92	0132-0395	2160.173	70.733	382	168	85.539	43.353	0	1	1
