 	Label	Area	Feret	FeretX	FeretY	FeretAngle	MinFeret	Perinuclei
1	0001-0061	5428172.255	4024.829	920	121	72.864	2135.732	NaN
2	0002-0007	70882.643	385.949	2194	3	138.366	256.410	NaN
3	0003-0047	2053542.078	2413.017	555	83	73.009	1238.297	NaN
4	0004-0014	50336.949	317.292	1965	11	135.000	224.359	NaN
5	0005-0122	13533448.389	7104.259	1111	233	85.601	2948.718	NaN
6	0006-0061	4537516.437	3212.332	2289	12	102.095	1958.706	NaN
7	0007-0021	50336.949	317.292	2046	18	135.000	224.359	NaN
8	0008-0084	9986234.385	4776.071	2546	145	52.361	3087.465	NaN
9	0009-0093	8366206.443	4877.906	1257	19	101.753	2371.795	NaN
10	0010-0038	209566.075	730.882	2179	47	52.125	428.528	NaN
11	0011-0096	5127177.844	3984.814	1719	158	85.849	1749.732	NaN
12	0012-0048	505424.063	1125.452	1476	59	19.983	660.006	NaN
13	0013-0044	103755.753	435.945	2195	50	53.973	320.513	NaN
14	0014-0050	50336.949	317.292	524	47	135.000	224.359	NaN
15	0015-0118	10997082.512	4602.122	2215	49	104.520	3429.487	NaN
16	0016-0065	465359.961	1325.002	491	83	57.848	576.225	NaN
17	0017-0109	7910092.045	4010.639	2034	171	79.408	2916.667	NaN
18	0018-0055	78073.636	385.949	2176	51	131.634	288.462	NaN
19	0019-0082	1872739.974	2136.164	2094	113	62.281	1378.205	NaN
20	0020-0107	8731919.790	3786.937	708	81	146.041	3246.637	NaN
21	0021-0084	2120315.582	1921.206	2332	56	117.848	1459.194	NaN
22	0022-0127	6481139.053	4584.230	1321	198	80.340	2084.491	NaN
23	0023-0142	9384245.562	5313.267	1782	60	95.539	2734.769	NaN
24	0024-0065	79100.920	385.949	533	61	131.634	288.462	NaN
25	0025-0140	8926076.594	5013.337	1020	218	82.284	2667.197	NaN
26	0026-0083	704717.291	1315.275	1616	68	136.975	957.317	NaN
27	0027-0127	7396449.704	4007.436	1435	75	120.256	2993.037	NaN
28	0028-0119	3653024.326	3061.694	434	72	100.251	2008.382	NaN
29	0029-0129	7048200.197	3708.127	507	76	112.353	2588.192	NaN
30	0030-0078	117110.454	500.657	1472	84	50.194	352.564	NaN
31	0031-0078	100673.899	480.769	1506	72	126.870	288.462	NaN
32	0032-0082	123274.162	533.440	416	75	122.735	288.462	NaN
33	0033-0113	3769107.495	2774.242	828	134	40.314	1977.689	NaN
34	0034-0094	807445.759	1289.243	1393	110	55.125	897.436	NaN
35	0035-0112	2320636.095	2262.058	589	78	110.746	1442.308	NaN
36	0036-0083	50336.949	317.292	2154	80	135.000	224.359	NaN
37	0037-0142	9506492.439	4396.987	2408	81	135.591	3648.785	NaN
38	0038-0255	24994863.577	11313.013	1563	81	99.622	3540.883	NaN
39	0039-0099	369822.485	1292.028	1489	108	29.745	521.651	NaN
40	0040-0092	70882.643	385.949	1475	88	131.634	256.410	NaN
41	0041-0135	4389587.442	2870.335	655	100	119.427	2307.692	NaN
42	0042-0101	97592.045	480.769	427	107	53.130	288.462	NaN
43	0043-0119	1246096.318	1635.872	1617	105	145.376	1219.839	NaN
44	0044-0130	1535790.598	1978.112	2098	149	49.600	1368.293	NaN
45	0045-0150	5518573.307	4505.913	2281	194	39.806	2562.028	NaN
46	0046-0108	72937.212	385.949	409	112	41.634	256.410	NaN
47	0047-0122	118137.738	500.657	387	128	39.806	384.615	NaN
48	0048-0214	12168187.048	6030.839	1351	303	72.047	3032.400	NaN
49	0049-0156	2551775.148	2815.592	335	137	157.230	1868.552	NaN
50	0050-0132	50336.949	317.292	2643	129	135.000	224.359	NaN
51	0051-0164	1509081.197	2131.109	949	131	102.155	1029.576	NaN
52	0052-0147	197238.659	660.754	1670	155	39.094	507.562	NaN
53	0053-0210	3292447.403	3960.117	905	150	101.674	1270.835	NaN
54	0054-0208	6048652.202	3773.077	821	151	106.280	2492.331	NaN
55	0055-0231	10681706.114	5198.339	1163	152	101.379	2833.962	NaN
56	0056-0215	5891477.646	4572.675	1229	152	117.104	2069.952	NaN
57	0057-0155	50336.949	317.292	2360	152	135.000	224.359	NaN
58	0058-0159	108892.176	500.657	2657	154	140.194	320.513	NaN
59	0059-0216	6176035.503	4094.794	325	156	108.719	2281.584	NaN
60	0060-0158	50336.949	317.292	2000	155	135.000	224.359	NaN
61	0061-0162	117110.454	506.775	1924	169	55.305	320.513	NaN
62	0062-0229	8173076.923	5017.331	631	159	115.747	2443.939	NaN
63	0063-0223	6659886.588	4619.834	1697	161	119.055	2067.692	NaN
64	0064-0178	837237.015	1494.085	2340	168	144.605	882.699	NaN
65	0065-0253	11622698.882	5888.109	576	344	82.179	3360.486	NaN
66	0066-0165	57527.942	340.710	2545	162	138.814	224.359	NaN
67	0067-0226	9182897.765	4400.490	401	269	33.111	2910.828	NaN
68	0068-0212	3062335.634	2902.367	1528	257	83.660	1529.282	NaN
69	0069-0172	87319.198	407.946	1860	167	135.000	288.462	NaN
70	0070-0231	5588428.665	3962.451	2531	170	99.310	2037.853	NaN
71	0071-0266	12948923.406	6133.865	735	180	109.855	2920.543	NaN
72	0072-0281	13614603.879	7080.505	1650	172	97.543	3012.821	NaN
73	0073-0202	1148504.274	1886.402	1432	231	80.218	882.367	NaN
74	0074-0248	11421351.085	5223.179	1933	175	113.891	3492.974	NaN
75	0075-0181	94510.191	455.534	566	186	39.289	288.462	NaN
76	0076-0215	2508629.191	2374.825	2063	249	68.629	1634.615	NaN
77	0077-0191	379068.047	983.196	2175	197	19.026	544.872	NaN
78	0078-0224	2591839.250	2655.618	1876	192	119.659	1474.359	NaN
79	0079-0203	299967.127	974.802	288	190	117.408	424.280	NaN
80	0080-0197	65746.220	362.619	2148	193	135.000	256.410	NaN
81	0081-0269	8975386.259	4936.522	1457	344	75.332	2712.448	NaN
82	0082-0312	15129848.784	7447.562	1055	196	93.207	3658.881	NaN
83	0083-0202	86291.913	431.206	2386	197	131.987	288.462	NaN
84	0084-0207	258875.740	817.151	2339	217	48.180	538.000	NaN
85	0085-0286	9189061.473	5621.323	962	373	82.794	2481.725	NaN
86	0086-0233	4286858.974	2794.901	2420	209	143.393	2209.808	NaN
87	0087-0267	7124219.264	4546.540	1804	331	65.422	2529.101	NaN
88	0088-0205	71909.928	391.236	2361	202	145.008	224.359	NaN
89	0089-0206	57527.942	340.710	2486	202	131.186	224.359	NaN
90	0090-0237	1392998.028	2219.884	2146	270	72.350	1057.692	NaN
91	0091-0214	229084.484	750.986	2211	207	140.194	512.821	NaN
92	0092-0211	91428.337	498.601	2230	217	45.000	317.292	NaN
93	0093-0210	50336.949	317.292	2177	207	135.000	224.359	NaN
94	0094-0217	90401.052	410.457	2380	212	128.660	288.462	NaN
95	0095-0219	104783.037	476.477	2299	224	42.274	320.513	NaN
96	0096-0225	207511.506	702.939	2193	215	114.228	416.667	NaN
97	0097-0219	57527.942	340.710	2351	216	138.814	224.359	NaN
98	0098-0239	1311842.538	2672.585	213	254	22.567	993.280	NaN
99	0099-0226	146901.709	632.150	2234	232	30.466	387.012	NaN
100	0100-0230	159229.126	590.996	2329	225	139.399	416.667	NaN
101	0101-0229	136628.863	506.775	2375	233	34.695	352.564	NaN
102	0102-0260	1851166.995	2194.518	884	226	96.710	1244.426	NaN
103	0103-0277	5584319.527	3553.069	239	258	166.967	2607.646	NaN
104	0104-0268	2491165.352	2433.577	2025	231	102.938	1485.977	NaN
105	0105-0246	265039.448	931.695	2262	235	130.815	562.235	NaN
106	0106-0266	1788502.630	2246.564	2586	238	132.109	1330.656	NaN
107	0107-0244	108892.176	455.534	2282	240	140.711	320.513	NaN
108	0108-0253	213675.214	810.840	2360	241	108.435	320.513	NaN
109	0109-0244	86291.913	445.271	2381	241	149.744	224.359	NaN
110	0110-0247	71909.928	385.949	2121	251	41.634	256.410	NaN
111	0111-0250	92455.621	455.534	2336	246	140.711	288.462	NaN
112	0112-0284	1935404.339	2417.695	1126	247	104.589	1373.088	NaN
113	0113-0356	8105276.134	7352.609	132	464	69.590	2101.423	NaN
114	0114-0259	121219.592	521.757	2118	254	137.490	352.564	NaN
115	0115-0272	922501.644	1276.430	2073	264	141.116	1057.692	NaN
116	0116-0268	265039.448	788.357	2307	279	63.435	512.821	NaN
117	0117-0366	13272518.080	6739.997	497	261	92.998	2713.855	NaN
118	0118-0269	124301.446	570.657	2251	274	38.157	360.401	NaN
119	0119-0269	72937.212	385.949	2266	265	138.366	256.410	NaN
120	0120-0271	57527.942	340.710	2491	268	138.814	224.359	NaN
121	0121-0277	256821.170	841.308	2155	282	17.745	416.667	NaN
122	0122-0275	50336.949	317.292	617	272	135.000	224.359	NaN
123	0123-0278	115055.884	489.242	2321	272	121.608	288.462	NaN
124	0124-0281	189020.381	615.685	2237	288	51.340	448.718	NaN
125	0125-0283	178747.535	645.020	243	292	63.435	448.718	NaN
126	0126-0324	3621178.501	3214.250	1711	276	106.809	1617.303	NaN
127	0127-0306	3271901.709	2817.962	1836	332	19.259	1719.696	NaN
128	0128-0282	50336.949	317.292	1518	279	135.000	224.359	NaN
129	0129-0313	2360700.197	2312.140	2473	347	46.123	1634.513	NaN
130	0130-0359	8392915.845	5254.944	816	439	75.879	2640.162	NaN
131	0131-0288	143819.855	573.351	2297	296	63.435	320.513	NaN
132	0132-0283	57527.942	340.710	2419	280	138.814	224.359	NaN
133	0133-0285	50336.949	317.292	2456	282	135.000	224.359	NaN
134	0134-0286	71909.928	391.236	185	283	145.008	224.359	NaN
135	0135-0296	637943.787	1348.060	2383	290	151.607	865.385	NaN
136	0136-0366	9297953.649	5227.897	374	447	83.311	2500.000	NaN
137	0137-0307	977975.016	1529.085	656	286	123.024	1315.238	NaN
138	0138-0319	2633957.922	2629.377	1226	353	45.988	1414.915	NaN
139	0139-0298	380095.332	1181.993	2116	286	139.399	669.316	NaN
140	0140-0293	63691.650	362.619	2192	297	45.000	256.410	NaN
141	0141-0292	64718.935	365.441	2310	289	142.125	224.359	NaN
142	0142-0342	3509204.471	3240.985	909	392	81.469	1595.386	NaN
143	0143-0317	1325197.239	1743.778	1303	296	143.973	1291.963	NaN
144	0144-0297	64718.935	365.441	2443	293	127.875	224.359	NaN
145	0145-0317	776627.219	1546.786	2281	297	124.019	867.437	NaN
146	0146-0382	8026175.214	5457.101	720	300	104.281	2093.891	NaN
147	0147-0341	3190746.220	2787.725	1495	383	72.607	1794.872	NaN
148	0148-0310	333867.521	1006.431	2079	301	142.765	549.781	NaN
149	0149-0304	77046.351	407.946	2231	300	135.000	288.462	NaN
150	0150-0304	72937.212	385.949	2424	309	48.366	256.410	NaN
151	0151-0326	890655.819	1721.545	2635	351	65.821	1132.368	NaN
152	0152-0309	100673.899	489.242	2330	316	58.392	256.410	NaN
153	0153-0348	7783736.029	3957.782	2501	377	24.905	2853.678	NaN
154	0154-0403	9975961.538	6522.495	623	305	103.353	2329.627	NaN
155	0155-0347	2313445.102	2666.235	2381	306	99.689	1826.923	NaN
156	0156-0315	261957.594	771.897	2443	325	48.366	544.872	NaN
157	0157-0316	107864.892	476.477	2318	322	47.726	320.513	NaN
158	0158-0315	50336.949	317.292	1107	312	135.000	224.359	NaN
159	0159-0318	87319.198	417.898	1766	313	122.471	256.410	NaN
160	0160-0319	107864.892	489.242	2352	324	31.608	288.462	NaN
161	0161-0344	1948759.040	2153.884	2025	317	126.529	1337.136	NaN
162	0162-0319	50336.949	317.292	2419	316	135.000	224.359	NaN
163	0163-0402	12478427.022	5604.944	1262	487	76.441	3341.442	NaN
164	0164-0337	1081730.769	1407.340	2172	319	120.069	1121.795	NaN
165	0165-0322	64718.935	362.619	254	326	45.000	256.410	NaN
166	0166-0338	573224.852	1419.333	2068	319	115.408	614.660	NaN
167	0167-0387	8872657.791	4370.742	1170	455	85.795	2744.212	NaN
168	0168-0356	2637039.776	2522.906	1366	323	117.216	1734.596	NaN
169	0169-0322	50336.949	317.292	2269	319	135.000	224.359	NaN
170	0170-0338	427350.427	1043.514	676	349	47.490	699.622	NaN
171	0171-0349	906065.089	1748.779	1099	325	116.095	789.893	NaN
172	0172-0367	2601084.813	2828.151	245	408	66.631	1253.160	NaN
173	0173-0343	637943.787	1261.453	2097	361	62.784	961.538	NaN
174	0174-0329	50336.949	317.292	2258	326	135.000	224.359	NaN
175	0175-0330	50336.949	317.292	2445	327	135.000	224.359	NaN
176	0176-0377	4251931.295	3193.569	1941	328	100.408	2355.149	NaN
177	0177-0377	3371548.323	2692.689	1779	419	81.098	1966.117	NaN
178	0178-0368	3470167.653	3179.545	1830	397	37.216	1700.911	NaN
179	0179-0428	10348865.878	5971.697	297	520	79.173	2712.979	NaN
180	0180-0344	129437.870	521.757	2139	339	137.490	384.615	NaN
181	0181-0353	805391.190	1391.557	1978	340	141.546	877.227	NaN
182	0182-0423	6798570.020	5168.313	548	343	93.200	1684.206	NaN
183	0183-0346	50336.949	317.292	2311	343	135.000	224.359	NaN
184	0184-0355	592743.261	1165.363	1317	348	148.496	737.179	NaN
185	0185-0350	57527.942	340.710	242	347	138.814	224.359	NaN
186	0186-0415	8224441.157	4432.473	1431	348	102.529	2782.836	NaN
187	0187-0352	70882.643	385.949	2439	348	131.634	256.410	NaN
188	0188-0354	57527.942	340.710	2232	351	138.814	224.359	NaN
189	0189-0362	285585.141	989.964	2446	370	29.055	506.217	NaN
190	0190-0366	461250.822	1329.645	2290	369	15.376	594.138	NaN
191	0191-0360	50336.949	317.292	2487	357	135.000	224.359	NaN
192	0192-0364	145874.425	567.045	2267	371	42.709	416.667	NaN
193	0193-0385	1475180.802	1806.282	2615	410	62.526	1378.205	NaN
194	0194-0372	319485.536	946.463	2216	367	151.699	568.923	NaN
195	0195-0370	79100.920	410.457	2173	374	38.660	256.410	NaN
196	0196-0373	79100.920	410.457	2191	378	51.340	256.410	NaN
197	0197-0373	50336.949	317.292	2103	370	135.000	224.359	NaN
198	0198-0419	2875369.822	3070.573	1356	373	103.891	1416.496	NaN
199	0199-0378	57527.942	340.710	2415	375	138.814	224.359	NaN
200	0200-0380	50336.949	317.292	2649	377	135.000	224.359	NaN
201	0201-0438	4110166.009	3887.729	683	379	105.297	1691.888	NaN
202	0202-0384	159229.126	570.657	2348	379	141.843	352.564	NaN
203	0203-0473	15439061.473	6889.907	1987	399	135.377	3463.751	NaN
204	0204-0383	50336.949	317.292	2315	380	135.000	224.359	NaN
205	0205-0417	2895915.516	2548.430	2087	385	129.898	1794.872	NaN
206	0206-0511	20637121.959	8608.022	1687	400	120.671	3697.140	NaN
207	0207-0401	440705.128	1176.767	2430	385	119.358	659.353	NaN
208	0208-0391	80128.205	410.457	1109	386	128.660	256.410	NaN
209	0209-0409	830046.022	1536.123	2176	432	66.644	917.917	NaN
210	0210-0400	487960.224	1182.427	2228	408	32.829	743.201	NaN
211	0211-0509	16390327.087	8125.427	2488	390	110.794	3326.308	NaN
212	0212-0398	154092.702	525.680	2353	392	127.569	384.615	NaN
213	0213-0397	102728.468	435.945	2462	393	143.973	320.513	NaN
214	0214-0400	96564.760	462.250	2302	406	56.310	256.410	NaN
215	0215-0436	3078772.189	2640.294	1510	396	100.491	1592.562	NaN
216	0216-0399	50336.949	317.292	2156	396	135.000	224.359	NaN
217	0217-0477	12267833.662	5122.794	918	555	75.877	4106.356	NaN
218	0218-0446	2010396.121	3111.617	2272	400	108.622	1185.897	NaN
219	0219-0505	12122986.522	6660.037	970	408	111.750	3003.699	NaN
220	0220-0457	3102399.737	3008.385	427	412	104.184	1667.316	NaN
221	0221-0416	70882.643	385.949	2158	412	131.634	256.410	NaN
222	0222-0420	144847.140	648.989	2414	429	57.095	371.381	NaN
223	0223-0445	1499835.634	2250.447	222	414	116.200	1022.450	NaN
224	0224-0435	393450.033	1145.357	2428	418	107.928	637.732	NaN
225	0225-0422	50336.949	317.292	2229	419	135.000	224.359	NaN
226	0226-0423	64718.935	362.619	2447	427	45.000	256.410	NaN
227	0227-0501	7162228.797	5224.261	1105	420	96.340	1870.917	NaN
228	0228-0426	86291.913	435.945	2247	432	53.973	256.410	NaN
229	0229-0428	180802.104	602.189	2366	432	25.201	416.667	NaN
230	0230-0457	1620027.942	2513.115	2198	427	127.747	1147.579	NaN
231	0231-0506	9205498.028	5185.577	596	426	98.531	2921.958	NaN
232	0232-0430	170529.257	690.406	1767	426	158.199	288.462	NaN
233	0233-0449	626643.655	1459.654	1332	428	109.231	641.026	NaN
234	0234-0492	10079717.291	4194.312	1596	552	59.712	3751.784	NaN
235	0235-0437	64718.935	365.441	2402	433	127.875	224.359	NaN
236	0236-0441	141765.286	612.339	2248	435	137.121	385.283	NaN
237	0237-0488	5085059.172	3626.897	142	533	56.170	2266.797	NaN
238	0238-0510	11820964.826	5396.145	2154	438	123.124	3502.224	NaN
239	0239-0451	71909.928	391.236	2378	446	124.992	224.359	NaN
240	0240-0460	72937.212	385.949	116	456	131.634	256.410	NaN
241	0241-0492	1608727.811	2162.690	1143	526	83.191	1185.897	NaN
242	0242-0500	3483522.354	2687.916	1819	464	120.847	2010.840	NaN
243	0243-0578	14838099.934	7810.260	1203	461	106.204	2683.882	NaN
244	0244-0513	3367439.185	3177.606	1680	562	81.298	1601.783	NaN
245	0245-0470	143819.855	641.026	2329	477	36.870	410.929	NaN
246	0246-0509	1799802.761	2854.184	361	553	77.681	979.457	NaN
247	0247-0471	87319.198	417.898	483	467	147.529	256.410	NaN
248	0248-0471	57527.942	340.710	1353	468	138.814	224.359	NaN
249	0249-0576	37715729.783	9321.690	1302	495	165.056	6734.392	NaN
250	0250-0474	149983.563	567.045	2411	480	42.709	384.615	NaN
251	0251-0479	50336.949	317.292	2354	476	135.000	224.359	NaN
252	0252-0480	64718.935	365.441	2374	477	142.125	224.359	NaN
253	0253-0591	15102112.097	7267.164	768	704	82.906	2948.718	NaN
254	0254-0600	10771079.882	7937.466	814	480	103.307	2031.701	NaN
255	0255-0486	90401.052	431.206	2385	482	138.013	288.462	NaN
256	0256-0519	2134697.567	2394.426	396	485	117.937	1346.154	NaN
257	0257-0488	50336.949	317.292	2408	485	135.000	224.359	NaN
258	0258-0565	12204142.012	5504.335	474	486	117.013	3112.380	NaN
259	0259-0495	72937.212	385.949	1464	491	138.366	256.410	NaN
260	0260-0499	250657.462	821.539	2379	494	159.444	377.367	NaN
261	0261-0565	7295775.805	4600.783	964	497	112.098	2301.586	NaN
262	0262-0504	142792.571	506.775	2292	498	124.695	384.615	NaN
263	0263-0504	50336.949	317.292	253	501	135.000	224.359	NaN
264	0264-0546	1540927.022	2810.662	2451	503	97.206	945.888	NaN
265	0265-0519	364686.062	1138.159	69	504	122.347	556.184	NaN
266	0266-0534	1316978.961	1944.591	1177	504	98.531	990.116	NaN
267	0267-0586	13953607.824	5567.060	2308	668	69.791	3317.882	NaN
268	0268-0511	142792.571	577.813	2273	516	33.690	349.811	NaN
269	0269-0573	2527120.316	4269.082	1272	508	102.575	947.109	NaN
270	0270-0587	9971852.400	5210.281	682	665	72.457	3030.516	NaN
271	0271-0513	50336.949	317.292	2039	510	135.000	224.359	NaN
272	0272-0541	1387861.604	1902.669	1878	516	122.619	1391.391	NaN
273	0273-0614	12501027.285	6160.520	202	708	77.989	2750.292	NaN
274	0274-0570	3182527.942	3093.239	318	618	79.854	1524.157	NaN
275	0275-0556	1004684.418	1822.419	2415	530	113.860	879.690	NaN
276	0276-0610	10279010.519	4554.103	93	547	110.603	3651.703	NaN
277	0277-0573	1982659.435	2214.092	1644	541	112.109	1274.352	NaN
278	0278-0609	3728016.108	4309.318	266	542	94.693	1444.105	NaN
279	0279-0613	9113042.406	4904.684	1853	544	114.723	3105.269	NaN
280	0280-0554	50336.949	317.292	1925	551	135.000	224.359	NaN
281	0281-0562	126356.016	543.928	2401	568	45.000	384.615	NaN
282	0282-0610	4201594.346	3387.443	893	565	122.638	1799.230	NaN
283	0283-0631	7838182.117	4401.307	420	699	82.047	2588.067	NaN
284	0284-0611	4142011.834	3148.539	1713	564	104.744	1846.908	NaN
285	0285-0570	153065.417	525.680	2134	575	37.569	416.667	NaN
286	0286-0620	4244740.302	3570.519	1152	567	106.157	1672.448	NaN
287	0287-0577	231139.053	705.856	2383	583	39.472	512.821	NaN
288	0288-0662	17539858.646	6018.562	1605	572	105.442	4244.287	NaN
289	0289-0614	2244617.028	2709.234	372	573	100.911	1376.001	NaN
290	0290-0585	147928.994	567.045	2151	579	132.709	416.667	NaN
291	0291-0583	65746.220	362.619	2477	579	135.000	256.410	NaN
292	0292-0661	14278229.783	5232.317	2171	581	99.520	3851.143	NaN
293	0293-0606	853673.570	1328.099	2389	626	70.253	993.280	NaN
294	0294-0596	143819.855	622.323	1272	588	124.509	352.564	NaN
295	0295-0599	405777.449	865.978	2423	588	128.991	673.077	NaN
296	0296-0683	15353796.844	6031.264	1090	590	96.407	3300.317	NaN
297	0297-0710	16368754.109	6952.247	2471	615	117.156	3368.773	NaN
298	0298-0618	50336.949	317.292	1684	615	135.000	224.359	NaN
299	0299-0622	63691.650	362.619	1967	618	135.000	256.410	NaN
300	0300-0695	5692184.418	4885.482	29	623	107.959	2045.626	NaN
301	0301-0650	942020.053	1652.118	1309	675	71.917	1185.897	NaN
302	0302-0630	50336.949	317.292	950	627	135.000	224.359	NaN
303	0303-0720	14092291.256	5959.126	2377	647	121.809	2942.915	NaN
304	0304-0752	14051199.869	8118.533	583	630	105.573	2488.647	NaN
305	0305-0672	2801405.325	2702.400	1955	634	123.879	1708.686	NaN
306	0306-0719	7340976.331	5471.014	2595	635	98.083	2051.282	NaN
307	0307-0673	2785996.055	2558.086	1487	704	52.125	1818.324	NaN
308	0308-0715	6005506.246	4720.361	2000	789	86.496	2564.103	NaN
309	0309-0648	64718.935	362.619	982	644	135.000	256.410	NaN
310	0310-0697	4337195.924	3412.521	1011	750	84.611	1822.027	NaN
311	0311-0696	4014628.534	3320.055	1818	645	96.096	1923.077	NaN
312	0312-0693	3449621.959	2954.982	341	649	114.341	1711.425	NaN
313	0313-0705	3769107.495	3522.289	307	651	97.319	1560.907	NaN
314	0314-0704	3725961.538	3120.189	1693	660	123.690	1803.470	NaN
315	0315-0795	22675254.767	8732.136	515	931	84.101	3680.389	NaN
316	0316-0698	2383300.460	2443.687	1763	734	73.229	1407.346	NaN
317	0317-0737	8457634.780	4892.101	910	680	125.669	2429.720	NaN
318	0318-0676	168474.688	634.583	638	669	135.000	440.258	NaN
319	0319-0675	72937.212	385.949	1323	679	41.634	256.410	NaN
320	0320-0714	4192348.784	2846.616	1419	675	125.838	2230.950	NaN
321	0321-0768	11797337.278	6195.190	659	675	106.841	2528.989	NaN
322	0322-0770	12265779.093	6369.744	2299	677	110.624	2594.088	NaN
323	0323-0751	9806459.566	4617.610	1198	681	103.650	2972.148	NaN
324	0324-0767	10502958.580	5462.370	1870	683	97.417	2507.067	NaN
325	0325-0687	50336.949	317.292	1339	684	135.000	224.359	NaN
326	0326-0720	1982659.435	2232.114	1297	688	111.038	1294.349	NaN
327	0327-0786	11705908.941	6254.272	822	689	96.178	2474.883	NaN
328	0328-0748	5042940.500	3582.009	248	693	96.680	2115.385	NaN
329	0329-0788	13457429.323	6216.709	2214	879	73.527	2980.769	NaN
330	0330-0709	541379.027	1211.606	1351	695	142.524	929.487	NaN
331	0331-0723	1806993.754	1851.777	115	750	66.541	1506.410	NaN
332	0332-0758	4501561.473	4116.812	2059	820	73.258	1740.256	NaN
333	0333-0712	411941.157	934.447	729	719	22.166	673.077	NaN
334	0334-0771	4989521.696	4280.136	1923	708	112.917	1875.834	NaN
335	0335-0729	1268696.581	1814.510	1498	723	162.525	1168.180	NaN
336	0336-0715	50336.949	317.292	2656	712	135.000	224.359	NaN
337	0337-0750	3212319.198	2666.428	161	713	115.641	1995.931	NaN
338	0338-0774	8903476.331	4161.856	364	824	57.901	3161.175	NaN
339	0339-0721	80128.205	385.949	1963	717	138.366	288.462	NaN
340	0340-0723	111974.030	489.242	760	719	148.392	288.462	NaN
341	0341-0770	3508177.186	3024.561	1050	724	102.858	1878.452	NaN
342	0342-0756	2060733.070	2364.855	737	726	122.829	1379.033	NaN
343	0343-0799	7416995.398	4982.918	885	728	113.102	2667.401	NaN
344	0344-0754	1336497.370	1699.020	1351	775	54.211	1313.735	NaN
345	0345-0786	4350550.625	3496.088	1681	738	121.504	2088.167	NaN
346	0346-0754	478714.661	968.988	83	766	34.216	760.163	NaN
347	0347-0893	22112302.761	9837.238	1744	1043	78.727	3615.179	NaN
348	0348-0804	8675419.132	4337.357	1570	745	120.165	3089.965	NaN
349	0349-0754	57527.942	340.710	1480	751	138.814	224.359	NaN
350	0350-0787	2654503.616	2255.919	1124	787	157.443	1949.422	NaN
351	0351-0760	50336.949	317.292	1330	757	135.000	224.359	NaN
352	0352-0874	25063691.650	7798.018	1395	992	74.993	5097.253	NaN
353	0353-0801	2291872.124	2727.374	1485	760	109.926	1178.287	NaN
354	0354-0841	9361645.299	5332.663	130	762	107.128	2950.081	NaN
355	0355-0769	175665.680	612.339	1291	775	42.879	445.962	NaN
356	0356-0778	429404.997	1116.287	1538	765	129.174	638.537	NaN
357	0357-0789	668762.327	1429.430	1514	768	109.654	765.936	NaN
358	0358-0778	71909.928	365.441	2193	774	142.125	256.410	NaN
359	0359-0874	13130752.794	6387.138	283	972	79.592	3322.476	NaN
360	0360-0845	7630670.611	4460.774	29	911	70.263	2601.790	NaN
361	0361-0790	50336.949	317.292	1189	787	135.000	224.359	NaN
362	0362-0823	3225673.899	2854.724	1247	843	28.867	1910.982	NaN
363	0363-0829	1948759.040	2729.068	2394	791	123.503	1488.801	NaN
364	0364-0819	1483399.080	1842.600	2009	801	130.061	1184.691	NaN
365	0365-0826	2046351.085	2363.986	2496	797	139.399	1446.771	NaN
366	0366-0825	1442307.692	2000.832	191	850	54.782	1294.300	NaN
367	0367-0900	17653887.245	6544.508	1003	1002	83.815	4018.471	NaN
368	0368-0803	93482.906	455.534	2085	799	140.711	288.462	NaN
369	0369-0816	452005.260	890.541	1101	804	120.256	769.231	NaN
370	0370-0822	509533.202	1231.370	177	839	51.340	856.826	NaN
371	0371-0829	915310.651	1652.118	763	805	108.083	829.356	NaN
372	0372-0832	1117685.733	1621.681	1534	856	71.565	1068.345	NaN
373	0373-0813	50336.949	317.292	1531	810	135.000	224.359	NaN
374	0374-0887	5848331.690	4796.247	2579	961	79.216	2368.534	NaN
375	0375-0821	101701.183	480.769	2472	815	126.870	288.462	NaN
376	0376-0851	1504972.058	2039.731	1991	883	81.870	1057.692	NaN
377	0377-0837	400641.026	1040.063	1130	824	123.690	631.149	NaN
378	0378-0871	5197033.202	3087.755	1196	919	80.440	2273.915	NaN
379	0379-0831	129437.870	500.657	2455	837	39.806	384.615	NaN
380	0380-0832	105810.322	480.769	2075	826	126.870	288.462	NaN
381	0381-0831	50336.949	317.292	2433	828	135.000	224.359	NaN
382	0382-0880	5321334.648	3300.037	1673	830	101.201	2325.311	NaN
383	0383-0858	918392.505	1560.999	2466	881	70.821	1057.692	NaN
384	0384-0871	2789077.909	2808.285	1086	836	128.047	1348.213	NaN
385	0385-0968	17838798.488	9791.654	399	847	125.407	3071.662	NaN
386	0386-0842	87319.198	431.206	2429	847	48.013	288.462	NaN
387	0387-0850	383177.186	904.846	1943	848	157.068	641.026	NaN
388	0388-0883	1615918.803	2925.810	362	842	114.600	870.316	NaN
389	0389-0888	4595044.379	3253.797	1567	842	116.313	2214.439	NaN
390	0390-0885	1963141.026	2768.496	2108	845	110.323	1217.949	NaN
391	0391-0893	3770134.780	2851.123	2304	850	111.084	2025.896	NaN
392	0392-0935	16521819.527	6013.097	1863	866	127.420	4256.951	NaN
393	0393-0893	1720701.841	2429.563	1498	856	98.344	976.047	NaN
394	0394-0860	64718.935	365.441	586	857	142.125	224.359	NaN
395	0395-0864	175665.680	666.944	2032	871	35.218	410.997	NaN
396	0396-0945	17246055.227	6849.832	673	867	132.725	4030.797	NaN
397	0397-0951	16733440.171	6011.047	2497	863	109.304	3891.883	NaN
398	0398-0901	4046474.359	2587.235	1256	866	131.987	2211.538	NaN
399	0399-0872	170529.257	636.200	2060	878	40.914	439.655	NaN
400	0400-0875	204429.652	711.654	1963	866	125.838	448.718	NaN
401	0401-0918	5026503.945	3406.495	873	868	109.799	2057.508	NaN
402	0402-0893	566033.859	1621.681	1531	869	108.435	526.222	NaN
403	0403-0878	175665.680	660.754	335	870	129.094	448.718	NaN
404	0404-0910	2141888.560	2422.577	604	876	115.887	1426.226	NaN
405	0405-0893	746835.963	1750.833	2383	879	156.251	778.153	NaN
406	0406-0883	50336.949	317.292	2094	880	135.000	224.359	NaN
407	0407-0884	50336.949	317.292	1846	881	135.000	224.359	NaN
408	0408-0998	17755588.429	9141.754	2216	885	127.593	3768.398	NaN
409	0409-0890	50336.949	317.292	1838	887	135.000	224.359	NaN
410	0410-0972	7912146.614	6092.273	1982	887	115.891	2865.662	NaN
411	0411-0900	336949.375	817.151	2003	893	138.180	641.026	NaN
412	0412-0932	2344263.642	2628.205	828	892	102.680	1300.192	NaN
413	0413-0978	10626232.742	5750.772	343	893	110.556	2896.951	NaN
414	0414-0917	731426.693	1476.448	2046	938	62.879	1248.718	NaN
415	0415-0984	8900394.477	6052.178	1077	900	118.465	2516.174	NaN
416	0416-0915	174638.396	636.200	2069	907	130.914	416.667	NaN
417	0417-0913	57527.942	340.710	1803	909	131.186	224.359	NaN
418	0418-0937	1748438.527	2027.101	2371	919	145.305	1531.807	NaN
419	0419-0984	4929939.185	4743.698	1148	917	112.233	1443.795	NaN
420	0420-0926	50336.949	317.292	1315	923	135.000	224.359	NaN
421	0421-0999	6916707.758	5218.850	1627	932	122.714	1992.394	NaN
422	0422-0993	5395299.145	4174.672	660	930	104.676	2051.282	NaN
423	0423-0933	71909.928	391.236	2067	930	145.008	224.359	NaN
424	0424-0984	3280119.987	3507.822	1228	931	102.131	1519.380	NaN
425	0425-0936	50336.949	317.292	588	933	135.000	224.359	NaN
426	0426-1003	9440746.220	4616.386	526	951	125.676	3316.834	NaN
427	0427-0955	818745.891	1431.225	2090	934	124.046	1200.235	NaN
428	0428-0942	50336.949	317.292	1840	939	135.000	224.359	NaN
429	0429-1044	10997082.512	6707.300	1798	1148	83.690	2519.750	NaN
430	0430-1042	13895052.597	7247.418	1563	941	119.399	3055.056	NaN
431	0431-0949	162310.980	666.944	1522	943	144.782	375.184	NaN
432	0432-1111	79764546.351	14688.092	1141	1270	40.398	10585.661	NaN
433	0433-0987	2449046.680	2623.706	1502	949	115.313	1498.350	NaN
434	0434-0965	110946.746	489.242	2118	970	31.608	288.462	NaN
435	0435-0967	50336.949	317.292	2236	964	135.000	224.359	NaN
436	0436-1057	10511176.857	6401.356	913	966	113.613	2636.636	NaN
437	0437-0996	1535790.598	1864.768	867	970	114.362	1190.977	NaN
438	0438-1040	4942266.601	4532.736	2419	970	98.130	2076.951	NaN
439	0439-1058	6155489.809	5292.636	260	977	101.174	1784.133	NaN
440	0440-1090	17002588.757	7571.772	2061	1203	72.255	3883.899	NaN
441	0441-1007	1343688.363	2083.333	295	984	126.870	989.718	NaN
442	0442-1027	1748438.527	2250.447	2585	1062	79.330	1376.285	NaN
443	0443-1116	20464538.133	8083.344	1044	994	106.351	5000.618	NaN
444	0444-1004	64718.935	362.619	1222	1008	45.000	256.410	NaN
445	0445-1005	50336.949	317.292	633	1002	135.000	224.359	NaN
446	0446-1127	14970619.658	8589.803	723	1004	112.834	2437.980	NaN
447	0447-1054	3249301.446	3417.334	840	1005	113.199	1667.810	NaN
448	0448-1051	1534763.314	2215.251	1537	1025	121.390	1176.875	NaN
449	0449-1064	2230235.043	3127.423	1084	1020	114.201	1128.665	NaN
450	0450-1116	13996753.780	6893.485	1845	1209	58.305	3223.110	NaN
451	0451-1086	3168145.957	3782.187	1844	1143	73.254	1282.951	NaN
452	0452-1118	10849153.517	5675.340	1977	1206	81.229	2643.334	NaN
453	0453-1127	9721194.938	5842.132	638	1218	86.855	2500.350	NaN
454	0454-1124	4986439.842	5761.836	798	1042	112.571	1658.083	NaN
455	0455-1047	50336.949	317.292	1980	1044	135.000	224.359	NaN
456	0456-1131	13708086.785	6030.839	2484	1045	113.159	3655.111	NaN
457	0457-1085	3723906.969	2773.686	2625	1045	112.416	2083.333	NaN
458	0458-1157	14331648.586	7550.237	447	1050	113.518	2767.490	NaN
459	0459-1067	486932.939	1292.028	320	1085	60.255	679.490	NaN
460	0460-1057	63691.650	362.619	918	1053	135.000	256.410	NaN
461	0461-1101	2853796.844	2915.257	908	1057	104.647	1404.436	NaN
462	0462-1137	8639464.168	5081.215	1736	1059	97.977	3020.381	NaN
463	0463-1073	145874.425	543.928	690	1067	135.000	384.615	NaN
464	0464-1131	7599852.071	4175.287	369	1074	114.007	2748.824	NaN
465	0465-1095	293803.419	918.369	330	1108	60.751	559.017	NaN
466	0466-1160	5843195.266	4821.029	702	1090	111.448	1872.255	NaN
467	0467-1147	1768984.221	2667.198	1582	1108	110.395	1201.728	NaN
468	0468-1112	50336.949	317.292	333	1109	135.000	224.359	NaN
469	0469-1133	1660092.045	2062.519	541	1110	134.370	1469.648	NaN
470	0470-1125	121219.592	604.742	2102	1117	122.005	295.396	NaN
471	0471-1218	11864110.782	6517.768	2419	1320	86.617	4091.433	NaN
472	0472-1131	297912.558	788.357	309	1136	26.565	609.804	NaN
473	0473-1173	6208908.613	3379.397	2579	1136	144.652	2788.462	NaN
474	0474-1149	64718.935	365.441	1829	1146	142.125	224.359	NaN
475	0475-1164	695471.729	1148.939	296	1181	67.011	897.436	NaN
476	0476-1215	6975262.985	3984.814	902	1153	94.151	2515.717	NaN
477	0477-1237	21496959.237	7957.630	290	1203	158.499	4857.029	NaN
478	0478-1174	374958.909	1049.894	436	1160	121.264	576.923	NaN
479	0479-1177	481796.515	1054.287	1657	1162	109.537	691.848	NaN
480	0480-1173	379068.047	820.913	1799	1184	38.660	705.128	NaN
481	0481-1178	106837.607	480.769	1626	1172	126.870	320.513	NaN
482	0482-1194	393450.033	1282.852	1133	1175	102.995	448.718	NaN
483	0483-1213	1840894.149	2308.137	678	1181	115.498	1479.964	NaN
484	0484-1263	15376397.107	6030.839	1488	1344	60.029	3801.026	NaN
485	0485-1185	63691.650	362.619	2131	1181	135.000	256.410	NaN
486	0486-1209	1349852.071	1679.561	1995	1222	41.906	1305.349	NaN
487	0487-1199	211620.644	750.986	1805	1208	50.194	475.937	NaN
488	0488-1218	1508053.912	1787.128	2123	1192	122.550	1282.051	NaN
489	0489-1261	12606837.607	4757.430	1831	1264	14.036	4018.388	NaN
490	0490-1232	2186061.801	2323.663	2080	1265	65.556	1649.941	NaN
491	0491-1267	3268819.855	4065.589	1608	1329	75.854	1667.147	NaN
492	0492-1272	4975139.711	4274.492	2294	1207	100.804	1990.247	NaN
493	0493-1213	110946.746	455.534	984	1208	129.289	320.513	NaN
494	0494-1217	189020.381	567.045	969	1222	42.709	448.718	NaN
495	0495-1226	134574.293	570.657	1717	1219	128.157	366.143	NaN
496	0496-1251	1889176.529	2118.539	2569	1284	79.540	1356.153	NaN
497	0497-1329	18581525.312	7004.874	243	1438	83.168	4147.211	NaN
498	0498-1227	57527.942	340.710	1780	1223	131.186	224.359	NaN
499	0499-1231	196211.374	636.200	1809	1238	40.914	448.718	NaN
500	0500-1230	50336.949	317.292	2422	1227	135.000	224.359	NaN
501	0501-1234	170529.257	590.996	1735	1229	139.399	416.667	NaN
502	0502-1234	64718.935	365.441	2041	1230	127.875	224.359	NaN
503	0503-1330	20849769.888	6721.071	989	1236	113.019	4546.849	NaN
504	0504-1332	13075279.421	6830.834	625	1235	113.799	2990.712	NaN
505	0505-1262	2378164.037	2176.185	1990	1239	136.193	1689.180	NaN
506	0506-1347	26980604.865	7547.039	1664	1237	112.208	5374.224	NaN
507	0507-1297	8327169.625	3834.652	750	1356	77.939	3053.467	NaN
508	0508-1243	72937.212	385.949	1705	1239	138.366	256.410	NaN
509	0509-1276	1745356.673	2422.577	952	1242	115.887	1277.994	NaN
510	0510-1352	12295570.348	6825.644	583	1249	104.689	2587.525	NaN
511	0511-1253	64718.935	365.441	1816	1249	127.875	224.359	NaN
512	0512-1322	13690622.945	4802.347	2094	1279	168.840	4401.128	NaN
513	0513-1270	608152.531	1292.028	842	1253	119.745	807.160	NaN
514	0514-1291	1754602.235	2108.818	1352	1261	114.228	1472.348	NaN
515	0515-1264	71909.928	391.236	2532	1261	145.008	224.359	NaN
516	0516-1275	64718.935	362.619	1630	1279	45.000	256.410	NaN
517	0517-1319	4478961.210	3024.561	1975	1273	99.762	2318.453	NaN
518	0518-1287	317430.966	952.953	1809	1279	137.726	581.238	NaN
519	0519-1402	13026997.041	8493.650	924	1277	108.708	2614.089	NaN
520	0520-1282	64718.935	365.441	1334	1279	142.125	224.359	NaN
521	0521-1346	5395299.145	4310.748	2060	1280	98.552	1801.545	NaN
522	0522-1303	627670.940	1446.220	1571	1325	77.196	738.490	NaN
523	0523-1318	2260026.298	2395.284	1427	1355	77.638	1311.258	NaN
524	0524-1367	6614686.062	5806.946	52	1287	117.979	1720.104	NaN
525	0525-1311	1038584.813	1550.434	2259	1332	60.255	960.879	NaN
526	0526-1304	315376.397	947.006	870	1318	66.038	416.667	NaN
527	0527-1337	2856878.698	2941.044	829	1293	106.460	1562.381	NaN
528	0528-1307	144847.140	567.045	1813	1301	132.709	416.667	NaN
529	0529-1321	532133.465	1371.855	1859	1303	127.405	639.892	NaN
530	0530-1368	3187664.366	4079.462	1131	1431	81.870	1332.055	NaN
531	0531-1455	24519230.769	9353.045	334	1598	65.719	4293.715	NaN
532	0532-1426	15517135.108	7013.667	490	1535	85.019	3594.363	NaN
533	0533-1324	88346.483	431.206	874	1319	131.987	288.462	NaN
534	0534-1414	12809212.689	5946.355	1802	1505	78.811	3237.179	NaN
535	0535-1352	1684746.877	1849.556	1351	1358	8.973	1531.447	NaN
536	0536-1357	1264587.442	1906.445	1522	1384	63.004	1281.167	NaN
537	0537-1382	5056295.201	3332.255	1535	1418	46.169	2035.395	NaN
538	0538-1371	2532256.739	2755.106	2284	1334	119.249	1568.942	NaN
539	0539-1343	104783.037	489.242	2239	1339	148.392	256.410	NaN
540	0540-1361	938938.199	1637.441	2192	1380	49.764	963.499	NaN
541	0541-1383	2869206.114	2777.202	1916	1343	108.853	1618.680	NaN
542	0542-1385	3400312.295	2487.849	794	1347	104.931	1892.518	NaN
543	0543-1352	85264.629	431.206	884	1347	131.987	288.462	NaN
544	0544-1428	10017052.926	5174.570	1464	1348	94.263	2688.750	NaN
545	0545-1390	1215277.778	2496.093	1888	1352	102.609	894.888	NaN
546	0546-1368	465359.961	1067.361	2232	1380	48.652	670.845	NaN
547	0547-1397	2494247.206	2520.666	200	1359	101.739	1334.199	NaN
548	0548-1411	4365959.895	3257.584	2015	1361	103.079	1955.128	NaN
549	0549-1386	984138.725	1602.564	1388	1406	53.130	1019.866	NaN
550	0550-1373	81155.490	410.457	1151	1368	128.660	256.410	NaN
551	0551-1373	88346.483	431.206	1345	1368	131.987	288.462	NaN
552	0552-1373	50336.949	317.292	175	1370	135.000	224.359	NaN
553	0553-1383	113001.315	506.775	630	1390	55.305	288.462	NaN
554	0554-1383	57527.942	340.710	873	1379	131.186	224.359	NaN
555	0555-1385	81155.490	407.946	863	1381	135.000	288.462	NaN
556	0556-1393	218811.637	732.286	1359	1383	113.199	448.718	NaN
557	0557-1391	232166.338	788.357	2111	1387	153.435	404.540	NaN
558	0558-1392	130465.155	551.431	2144	1385	125.538	320.513	NaN
559	0559-1437	3848208.416	3189.223	336	1487	84.232	1730.769	NaN
560	0560-1417	1751520.381	1912.900	2197	1388	98.673	1273.201	NaN
561	0561-1392	50336.949	317.292	903	1389	135.000	224.359	NaN
562	0562-1394	81155.490	385.949	884	1390	131.634	288.462	NaN
563	0563-1402	372904.339	1022.632	2149	1414	32.196	695.183	NaN
564	0564-1400	169501.972	705.856	2229	1409	50.528	407.691	NaN
565	0565-1412	691362.590	1348.060	860	1394	118.393	902.851	NaN
566	0566-1423	1450525.970	2048.275	1617	1393	110.136	1250.000	NaN
567	0567-1444	2488083.498	3180.999	734	1493	77.784	1365.872	NaN
568	0568-1442	2909270.217	3000.178	654	1398	108.048	1570.513	NaN
569	0569-1406	143819.855	588.383	2098	1414	60.642	320.513	NaN
570	0570-1459	6799597.304	4578.288	2211	1517	45.567	2879.247	NaN
571	0571-1409	80128.205	410.457	166	1414	51.340	256.410	NaN
572	0572-1509	13046515.450	6468.088	832	1610	84.883	2969.465	NaN
573	0573-1453	2141888.560	2738.463	82	1413	110.556	1384.477	NaN
574	0574-1419	71909.928	385.949	2165	1423	41.634	256.410	NaN
575	0575-1445	1105358.317	1946.967	1084	1474	69.775	1057.692	NaN
576	0576-1492	15685609.796	5347.188	2066	1562	50.106	4025.969	NaN
577	0577-1448	1473126.233	2009.030	2049	1476	56.056	1188.077	NaN
578	0578-1427	64718.935	362.619	1539	1431	45.000	256.410	NaN
579	0579-1455	2324745.233	2699.357	1530	1483	42.594	1582.411	NaN
580	0580-1478	3216428.337	3375.138	765	1528	71.737	1366.329	NaN
581	0581-1433	64718.935	362.619	159	1437	45.000	256.410	NaN
582	0582-1436	64718.935	365.441	1930	1432	127.875	224.359	NaN
583	0583-1452	651298.488	1298.769	1913	1472	74.249	801.282	NaN
584	0584-1446	390368.179	819.034	894	1453	30.579	641.026	NaN
585	0585-1440	57527.942	340.710	1160	1436	131.186	224.359	NaN
586	0586-1447	215729.783	791.608	1938	1459	68.629	379.868	NaN
587	0587-1501	5821622.288	4691.436	1029	1437	119.017	2068.473	NaN
588	0588-1443	88346.483	431.206	1011	1439	138.013	288.462	NaN
589	0589-1483	4994658.120	3123.479	1965	1440	128.752	2610.856	NaN
590	0590-1536	13610494.740	6112.390	1641	1623	70.710	3156.348	NaN
591	0591-1500	5431254.109	3903.683	240	1451	122.255	2010.036	NaN
592	0592-1451	64718.935	362.619	1064	1447	135.000	256.410	NaN
593	0593-1483	2391518.738	2392.065	1128	1447	107.949	1469.206	NaN
594	0594-1460	513642.341	1035.609	184	1453	158.199	705.128	NaN
595	0595-1452	57527.942	340.710	2205	1449	138.814	224.359	NaN
596	0596-1458	64718.935	362.619	1900	1454	135.000	256.410	NaN
597	0597-1542	17871671.598	5701.616	2346	1455	102.005	4696.263	NaN
598	0598-1485	1378616.042	2017.195	1752	1515	72.429	993.590	NaN
599	0599-1490	1972386.588	2243.819	600	1458	111.801	1379.197	NaN
600	0600-1548	16083168.968	6116.087	1535	1618	55.894	3428.597	NaN
601	0601-1505	3021244.247	3017.590	149	1459	102.265	1376.584	NaN
602	0602-1465	64718.935	365.441	2320	1462	142.125	224.359	NaN
603	0603-1473	310239.974	903.141	903	1479	27.474	560.668	NaN
604	0604-1491	1631328.074	2471.276	1829	1520	46.577	1045.367	NaN
605	0605-1475	186965.812	737.876	949	1466	124.380	412.256	NaN
606	0606-1478	126356.016	612.339	2309	1485	42.879	382.977	NaN
607	0607-1600	19742357.002	8215.451	217	1473	95.822	4221.913	NaN
608	0608-1552	10457758.054	5118.681	1877	1630	72.132	3273.426	NaN
609	0609-1481	71909.928	385.949	311	1477	131.634	256.410	NaN
610	0610-1480	50336.949	317.292	986	1477	135.000	224.359	NaN
611	0611-1518	1971359.303	2549.840	2280	1557	75.440	1245.857	NaN
612	0612-1506	583497.699	1470.522	700	1484	106.460	619.381	NaN
613	0613-1490	50336.949	317.292	2255	1487	135.000	224.359	NaN
614	0614-1574	11477851.742	5380.226	937	1491	95.812	3409.278	NaN
615	0615-1559	5560691.979	4016.014	1498	1621	81.741	1888.149	NaN
616	0616-1540	1830621.302	2743.148	665	1583	83.290	1047.894	NaN
617	0617-1506	50336.949	317.292	1768	1503	135.000	224.359	NaN
618	0618-1515	261957.594	936.095	893	1527	51.953	493.997	NaN
619	0619-1535	881410.256	1829.171	649	1563	78.887	801.282	NaN
620	0620-1513	113001.315	500.657	523	1518	39.806	320.513	NaN
621	0621-1634	23673775.477	8530.520	494	1758	69.318	4516.487	NaN
622	0622-1516	78073.636	410.457	116	1512	141.340	256.410	NaN
623	0623-1531	1048857.659	1565.271	1765	1549	42.510	1134.916	NaN
624	0624-1602	13288954.635	5789.228	729	1514	101.497	3607.239	NaN
625	0625-1526	253739.316	764.542	94	1532	33.024	474.289	NaN
626	0626-1524	50336.949	317.292	910	1521	135.000	224.359	NaN
627	0627-1539	848537.147	1279.645	2019	1558	67.932	961.538	NaN
628	0628-1555	1042693.951	2087.028	1016	1523	100.620	736.154	NaN
629	0629-1542	693417.160	1248.355	2231	1530	131.878	936.946	NaN
630	0630-1532	76019.066	410.457	114	1536	38.660	256.410	NaN
631	0631-1625	14695307.364	6419.305	396	1721	73.465	3625.075	NaN
632	0632-1576	3836908.284	3125.945	2193	1529	105.461	1843.849	NaN
633	0633-1557	1291296.844	1679.255	519	1583	76.759	1250.000	NaN
634	0634-1535	50336.949	317.292	627	1532	135.000	224.359	NaN
635	0635-1561	2173734.385	1928.411	1947	1561	164.578	1474.359	NaN
636	0636-1549	257848.455	820.913	892	1559	51.340	512.206	NaN
637	0637-1579	2390491.453	2650.972	1048	1539	104.708	1346.154	NaN
638	0638-1556	565006.575	1133.184	1122	1542	118.740	759.035	NaN
639	0639-1563	1488535.503	1822.419	78	1576	23.860	1438.112	NaN
640	0640-1595	6022970.085	3288.187	1317	1646	83.845	2740.961	NaN
641	0641-1590	4957675.871	3196.302	2637	1637	68.839	2424.737	NaN
642	0642-1562	680062.459	1501.971	1258	1576	39.806	800.048	NaN
643	0643-1549	50336.949	317.292	1305	1546	135.000	224.359	NaN
644	0644-1551	80128.205	407.946	1160	1556	45.000	288.462	NaN
645	0645-1581	1458744.247	2018.213	1443	1552	110.450	1005.724	NaN
646	0646-1571	661571.335	1155.625	1784	1586	56.310	922.373	NaN
647	0647-1564	144847.140	641.026	144	1558	143.130	348.873	NaN
648	0648-1565	103755.753	489.242	132	1572	58.392	256.410	NaN
649	0649-1602	2902079.224	2997.952	1711	1643	61.243	1506.305	NaN
650	0650-1721	35886135.766	10830.204	1942	1880	69.742	5421.330	NaN
651	0651-1628	10773134.451	4571.102	2100	1694	67.751	3617.835	NaN
652	0652-1589	1579963.840	1923.077	2250	1568	126.870	1360.564	NaN
653	0653-1595	2324745.233	2045.515	1191	1615	35.433	1834.722	NaN
654	0654-1576	252712.032	711.654	478	1567	125.838	566.583	NaN
655	0655-1613	4655654.175	3124.959	1102	1568	111.038	2552.138	NaN
656	0656-1597	1653928.337	2009.030	1387	1577	146.056	1413.419	NaN
657	0657-1619	3336620.644	2624.489	1806	1660	81.573	1848.667	NaN
658	0658-1616	3965318.869	2980.942	2394	1636	16.876	1925.746	NaN
659	0659-1586	50336.949	317.292	2487	1583	135.000	224.359	NaN
660	0660-1596	206484.221	771.897	150	1604	41.634	423.963	NaN
661	0661-1618	1842948.718	2020.248	484	1646	48.215	1506.410	NaN
662	0662-1687	10417693.951	5253.771	301	1768	81.227	3188.886	NaN
663	0663-1708	15356878.698	6432.414	1248	1808	82.556	3196.205	NaN
664	0664-1618	321540.105	947.006	1387	1624	23.962	576.923	NaN
665	0665-1616	79100.920	410.457	679	1621	51.340	256.410	NaN
666	0666-1648	1394025.312	2369.411	867	1614	113.097	1185.723	NaN
667	0667-1621	95537.475	431.206	1127	1626	41.987	320.513	NaN
668	0668-1651	3198964.497	2400.211	2573	1622	124.114	1813.094	NaN
669	0669-1665	3623233.070	2969.547	2239	1620	103.736	1890.916	NaN
670	0670-1627	137656.147	567.045	844	1634	47.291	384.615	NaN
671	0671-1627	148956.279	641.026	1013	1622	143.130	364.232	NaN
672	0672-1627	224975.345	803.842	1505	1632	23.499	402.598	NaN
673	0673-1662	4130711.703	3476.345	2450	1657	157.218	2112.880	NaN
674	0674-1636	234220.907	666.944	2299	1644	54.782	480.769	NaN
675	0675-1718	21551405.325	7165.236	1716	1800	49.899	5187.832	NaN
676	0676-1633	79100.920	417.898	2323	1628	122.471	224.359	NaN
677	0677-1740	17615877.712	7398.919	1318	1852	71.565	3276.198	NaN
678	0678-1648	878328.402	1352.245	154	1630	121.430	1057.692	NaN
679	0679-1707	11229248.849	5237.615	1052	1632	111.541	3296.020	NaN
680	0680-1640	408859.303	924.500	1465	1630	146.310	644.705	NaN
681	0681-1685	4040310.651	3479.447	1173	1631	95.816	1803.366	NaN
682	0682-1821	33000493.097	13207.695	1287	2012	67.605	4516.587	NaN
683	0683-1712	8026175.214	5368.661	611	1789	68.643	2401.786	NaN
684	0684-1639	50336.949	317.292	1013	1636	135.000	224.359	NaN
685	0685-1646	249630.178	906.547	1506	1656	45.000	508.806	NaN
686	0686-1658	2338099.934	2322.115	1531	1641	159.814	1442.308	NaN
687	0687-1671	3455785.667	2725.678	1621	1698	41.186	1860.521	NaN
688	0688-1644	71909.928	385.949	843	1640	138.366	256.410	NaN
689	0689-1705	9745849.770	4448.667	2161	1770	66.205	3240.935	NaN
690	0690-1651	219838.922	693.375	498	1660	56.310	480.769	NaN
691	0691-1688	9087360.289	4666.737	2300	1715	15.945	2850.696	NaN
692	0692-1656	417077.581	951.335	466	1669	57.381	641.026	NaN
693	0693-1656	183883.958	725.238	810	1664	45.000	427.285	NaN
694	0694-1652	71909.928	385.949	877	1648	131.634	256.410	NaN
695	0695-1666	146901.709	545.814	996	1660	130.236	352.564	NaN
696	0696-1751	8560363.248	5884.619	1664	1840	75.812	2655.630	NaN
697	0697-1668	57527.942	340.710	1016	1664	131.186	224.359	NaN
698	0698-1700	2587730.112	2561.096	820	1669	134.493	1551.068	NaN
699	0699-1750	13604331.032	5464.626	913	1671	107.053	3908.051	NaN
700	0700-1710	4115302.433	2845.172	2057	1668	112.521	2252.564	NaN
701	0701-1685	1384779.750	1839.252	146	1676	157.457	961.538	NaN
702	0702-1683	434541.420	1022.632	2555	1672	147.804	660.703	NaN
703	0703-1715	2319608.810	2753.427	705	1673	102.095	1442.308	NaN
704	0704-1752	11124465.812	5565.491	1504	1825	57.225	3022.390	NaN
705	0705-1683	72937.212	385.949	1604	1687	41.634	256.410	NaN
706	0706-1701	776627.219	1440.526	1503	1720	57.724	892.600	NaN
707	0707-1690	144847.140	615.685	1488	1698	51.340	344.010	NaN
708	0708-1715	3082881.328	2422.577	2442	1696	154.113	1927.235	NaN
709	0709-1687	50336.949	317.292	2642	1684	135.000	224.359	NaN
710	0710-1784	19450608.153	6282.378	795	1687	98.213	4719.592	NaN
711	0711-1691	88346.483	435.945	2606	1687	143.973	256.410	NaN
712	0712-1691	50336.949	317.292	1007	1688	135.000	224.359	NaN
713	0713-1698	50336.949	317.292	2643	1695	135.000	224.359	NaN
714	0714-1724	1588182.117	2675.850	2534	1749	34.261	1210.824	NaN
715	0715-1707	143819.855	570.657	130	1702	141.843	384.615	NaN
716	0716-1707	72937.212	385.949	205	1703	131.634	256.410	NaN
717	0717-1715	117110.454	500.657	194	1709	129.806	352.564	NaN
718	0718-1720	279421.433	720.263	167	1714	147.724	544.872	NaN
719	0719-1758	3591387.245	3196.302	409	1725	136.219	1882.116	NaN
720	0720-1739	1127958.580	1550.434	2589	1760	60.255	1121.795	NaN
721	0721-1732	342085.799	1084.546	132	1722	145.840	557.692	NaN
722	0722-1754	891683.103	1898.345	681	1783	78.311	701.802	NaN
723	0723-1730	71909.928	391.236	573	1727	145.008	224.359	NaN
724	0724-1733	110946.746	462.250	2528	1739	56.310	320.513	NaN
725	0725-1732	70882.643	385.949	47	1728	138.366	256.410	NaN
726	0726-1824	18733563.445	7735.788	2201	1916	42.481	4135.118	NaN
727	0727-1746	314349.112	968.988	582	1735	124.216	508.991	NaN
728	0728-1757	2017587.114	1999.805	2396	1744	158.369	1634.615	NaN
729	0729-1739	118137.738	506.775	1023	1744	34.695	320.513	NaN
730	0730-1759	1779257.068	1791.721	175	1740	132.825	1533.713	NaN
731	0731-1771	2237426.036	2361.594	1600	1806	71.811	1554.983	NaN
732	0732-1771	2100797.173	2270.217	105	1741	120.548	1587.374	NaN
733	0733-1743	50336.949	317.292	2650	1740	135.000	224.359	NaN
734	0734-1766	1285133.136	2102.720	2105	1750	142.431	1014.919	NaN
735	0735-1744	50336.949	317.292	2667	1741	135.000	224.359	NaN
736	0736-1788	3510231.755	3095.065	340	1833	68.749	1800.942	NaN
737	0737-1776	2129561.144	2290.041	1018	1748	133.299	1350.229	NaN
738	0738-1749	72937.212	385.949	1873	1753	41.634	256.410	NaN
739	0739-1770	1739192.965	2072.457	2179	1787	39.352	1418.971	NaN
740	0740-1781	1383752.465	2239.006	1154	1747	103.241	1275.172	NaN
741	0741-1760	427350.427	1218.370	2515	1750	153.435	578.306	NaN
742	0742-1781	2343236.358	2095.134	246	1753	119.310	1593.286	NaN
743	0743-1756	131492.439	489.242	2625	1753	148.392	352.564	NaN
744	0744-1865	17611768.573	6804.012	391	1759	92.970	3782.051	NaN
745	0745-1814	7708744.247	3869.852	2067	1763	121.452	3248.074	NaN
746	0746-1781	478714.661	1141.314	2475	1768	141.843	731.507	NaN
747	0747-1790	1353961.210	1557.705	503	1771	126.634	1282.051	NaN
748	0748-1809	2102851.742	2573.101	688	1848	76.310	1282.051	NaN
749	0749-1798	2853796.844	3303.771	2517	1827	30.296	1416.695	NaN
750	0750-1787	675953.320	1176.767	995	1771	119.358	970.143	NaN
751	0751-1801	1201923.077	1915.852	546	1830	72.474	1100.954	NaN
752	0752-1792	940992.768	1543.794	1124	1806	41.634	969.296	NaN
753	0753-1780	104783.037	480.769	2635	1786	53.130	288.462	NaN
754	0754-1781	79100.920	410.457	2412	1776	128.660	256.410	NaN
755	0755-1795	380095.332	1176.767	2496	1811	60.642	558.618	NaN
756	0756-1800	643080.210	1419.695	2442	1820	61.699	907.972	NaN
757	0757-1945	29694690.993	10366.893	166	1784	93.013	4656.334	NaN
758	0758-1816	1924104.208	2558.086	2581	1848	52.125	1359.821	NaN
759	0759-1790	50336.949	317.292	2469	1787	135.000	224.359	NaN
760	0760-1831	2763395.792	2520.666	642	1793	101.739	1645.223	NaN
761	0761-1795	50336.949	317.292	1704	1792	135.000	224.359	NaN
762	0762-1798	85264.629	435.945	2129	1793	126.027	256.410	NaN
763	0763-1815	604043.393	1346.535	985	1801	141.766	823.283	NaN
764	0764-1913	14737426.036	7173.332	1070	2025	85.130	3134.348	NaN
765	0765-1813	195184.089	761.850	2417	1824	67.751	352.564	NaN
766	0766-1810	159229.126	693.375	2474	1804	146.310	349.309	NaN
767	0767-1812	143819.855	551.431	1791	1805	125.538	416.667	NaN
768	0768-1811	64718.935	362.619	1644	1815	45.000	256.410	NaN
769	0769-1816	206484.221	711.654	1203	1808	144.162	506.643	NaN
770	0770-1874	7572115.385	4439.536	854	1940	71.042	2441.099	NaN
771	0771-1816	178747.535	615.685	2382	1824	51.340	473.014	NaN
772	0772-1813	72937.212	385.949	2644	1818	48.366	256.410	NaN
773	0773-1819	465359.961	1088.329	1861	1819	166.373	585.497	NaN
774	0774-1889	6998890.533	5380.417	300	1811	111.675	2548.624	NaN
775	0775-1814	50336.949	317.292	1835	1811	135.000	224.359	NaN
776	0776-1856	2982207.429	3173.724	480	1815	123.048	1660.521	NaN
777	0777-1848	2055596.647	2281.277	2148	1879	65.956	1533.805	NaN
778	0778-1819	73964.497	385.949	272	1815	138.366	256.410	NaN
779	0779-1818	50336.949	317.292	2398	1815	135.000	224.359	NaN
780	0780-1819	50336.949	317.292	1602	1816	135.000	224.359	NaN
781	0781-1850	2189143.655	2604.845	554	1884	55.528	1407.410	NaN
782	0782-1823	57527.942	340.710	1840	1820	138.814	224.359	NaN
783	0783-1827	63691.650	362.619	1618	1823	135.000	256.410	NaN
784	0784-1832	135601.578	560.668	1207	1825	120.964	320.513	NaN
785	0785-1876	2956525.312	3251.112	1123	1827	99.648	1447.401	NaN
786	0786-1872	4283777.120	3153.429	1237	1827	116.565	1955.128	NaN
787	0787-1837	250657.462	819.034	1725	1826	120.579	480.769	NaN
788	0788-1928	17349810.980	6531.938	1579	2029	82.387	3329.657	NaN
789	0789-1833	85264.629	410.457	2478	1838	38.660	288.462	NaN
790	0790-1834	50336.949	317.292	1744	1831	135.000	224.359	NaN
791	0791-1840	209566.075	673.840	1825	1850	64.654	416.667	NaN
792	0792-1835	80128.205	410.457	2155	1831	141.340	256.410	NaN
793	0793-1850	1404298.159	1781.083	2426	1865	30.256	1217.949	NaN
794	0794-1931	24193581.525	7433.479	2429	2026	55.008	5232.111	NaN
795	0795-1836	179774.819	750.301	1468	1832	160.017	288.462	NaN
796	0796-1837	64718.935	362.619	1853	1833	135.000	256.410	NaN
797	0797-1843	292776.134	886.495	956	1852	40.601	576.923	NaN
798	0798-1851	678007.890	1179.383	1176	1867	42.797	929.487	NaN
799	0799-1903	4825156.147	4333.447	1494	1970	82.349	1616.323	NaN
800	0800-1858	1556336.292	2238.318	2355	1874	29.134	1304.373	NaN
801	0801-1842	73964.497	385.949	1809	1838	131.634	256.410	NaN
802	0802-1874	1871712.689	3269.231	1831	1909	28.072	1436.782	NaN
803	0803-1845	50336.949	317.292	1739	1842	135.000	224.359	NaN
804	0804-1852	221893.491	666.944	1691	1844	125.218	480.769	NaN
805	0805-1874	1857330.703	1925.746	114	1845	108.435	1520.286	NaN
806	0806-1851	250657.462	841.308	1852	1849	162.255	384.615	NaN
807	0807-1862	593770.546	1133.184	1452	1847	118.740	766.269	NaN
808	0808-1864	663625.904	1204.378	1665	1847	115.201	858.098	NaN
809	0809-1949	19865631.164	6630.976	1740	2049	76.300	4818.295	NaN
810	0810-1880	1334442.801	2246.564	2568	1906	42.109	1158.450	NaN
811	0811-1935	15454470.743	5207.026	689	1860	114.356	4088.217	NaN
812	0812-1871	766354.372	1301.535	953	1857	142.001	916.410	NaN
813	0813-1900	3367439.185	2848.239	1208	1858	109.047	1739.560	NaN
814	0814-1884	1118713.018	1717.961	481	1859	126.656	991.795	NaN
815	0815-1867	164365.549	577.813	598	1862	146.310	352.564	NaN
816	0816-1867	109919.461	455.534	1718	1862	140.711	320.513	NaN
817	0817-1867	78073.636	410.457	1832	1872	51.340	256.410	NaN
818	0818-1906	5057322.485	3435.921	2261	1936	36.656	2355.698	NaN
819	0819-1868	143819.855	533.440	2186	1864	147.265	352.564	NaN
820	0820-1870	109919.461	489.242	2390	1866	148.392	288.462	NaN
821	0821-1872	50336.949	317.292	1889	1869	135.000	224.359	NaN
822	0822-1881	615343.524	1287.249	2057	1886	18.886	801.282	NaN
823	0823-1889	970784.024	1475.752	1963	1870	124.380	1173.077	NaN
824	0824-1877	87319.198	431.206	2407	1882	48.013	288.462	NaN
825	0825-1880	104783.037	489.242	2383	1884	31.608	256.410	NaN
826	0826-1883	50336.949	317.292	2020	1880	135.000	224.359	NaN
827	0827-1885	50336.949	317.292	1903	1882	135.000	224.359	NaN
828	0828-1890	210593.360	660.754	2126	1885	157.166	448.718	NaN
829	0829-1900	526997.041	1049.894	927	1914	58.736	705.128	NaN
830	0830-1893	93482.906	445.271	1459	1887	120.256	256.410	NaN
831	0831-1896	119165.023	533.440	1819	1889	122.735	288.462	NaN
832	0832-1898	336949.375	1033.623	2353	1907	29.745	548.035	NaN
833	0833-1893	50336.949	317.292	1806	1890	135.000	224.359	NaN
834	0834-1894	50336.949	317.292	2190	1891	135.000	224.359	NaN
835	0835-1912	737590.401	1334.273	806	1931	65.898	897.436	NaN
836	0836-1898	50336.949	317.292	2014	1895	135.000	224.359	NaN
837	0837-1964	9578402.367	4562.103	2370	2029	70.292	3359.083	NaN
838	0838-1900	64718.935	362.619	99	1904	45.000	256.410	NaN
839	0839-1977	10148545.365	5255.042	611	2058	79.101	2828.418	NaN
840	0840-1901	64718.935	365.441	973	1898	142.125	224.359	NaN
841	0841-1902	82182.774	407.946	987	1898	135.000	288.462	NaN
842	0842-1907	179774.819	590.996	1163	1899	130.601	416.667	NaN
843	0843-1912	553706.443	1111.214	565	1921	33.232	780.538	NaN
844	0844-1909	217784.352	702.939	1449	1918	43.152	497.509	NaN
845	0845-1951	4462524.655	3447.562	1906	2002	69.880	1965.411	NaN
846	0846-1975	6631122.617	4713.282	1974	2045	72.181	2179.516	NaN
847	0847-1988	15499671.269	5458.325	2126	2072	69.011	4198.718	NaN
848	0848-1911	57527.942	340.710	2069	1907	131.186	224.359	NaN
849	0849-1990	8856221.236	5357.264	262	2072	77.211	2552.157	NaN
850	0850-1919	80128.205	385.949	2022	1915	131.634	288.462	NaN
851	0851-1951	3836908.284	3565.192	456	1971	22.184	1725.994	NaN
852	0852-1919	50336.949	317.292	2035	1916	135.000	224.359	NaN
853	0853-1925	191074.951	612.339	1849	1932	47.121	416.667	NaN
854	0854-1923	144847.140	703.670	2226	1929	30.069	364.878	NaN
855	0855-1935	759163.379	1233.037	966	1918	117.897	922.606	NaN
856	0856-1940	545488.166	1220.476	1158	1959	76.329	761.349	NaN
857	0857-1930	57527.942	340.710	1863	1927	138.814	224.359	NaN
858	0858-1973	3206155.490	2980.942	912	1929	106.876	1706.809	NaN
859	0859-1962	961538.462	2125.317	1417	1994	66.915	840.742	NaN
860	0860-1942	334894.806	1096.323	2239	1932	142.125	567.596	NaN
861	0861-1961	1509081.197	1877.943	1112	1988	62.560	1185.897	NaN
862	0862-1953	560897.436	1256.966	1531	1972	70.641	576.923	NaN
863	0863-1940	88346.483	410.457	1850	1936	141.340	288.462	NaN
864	0864-1963	609179.816	1815.642	1448	1990	69.326	596.914	NaN
865	0865-1945	126356.016	500.657	1970	1939	129.806	384.615	NaN
866	0866-1942	50336.949	317.292	2230	1939	135.000	224.359	NaN
867	0867-1957	607125.247	1179.383	803	1968	42.797	820.665	NaN
868	0868-1945	50336.949	317.292	1870	1942	135.000	224.359	NaN
869	0869-1946	64718.935	365.441	1887	1942	127.875	224.359	NaN
870	0870-2034	12715729.783	5620.318	517	2119	75.805	3676.507	NaN
871	0871-2001	3897518.080	3435.921	2056	2053	75.964	1982.788	NaN
872	0872-1955	64718.935	362.619	2227	1959	45.000	256.410	NaN
873	0873-2019	9275353.386	4634.154	1192	1954	114.083	2911.285	NaN
874	0874-2056	18621589.415	6553.841	842	2158	86.074	4222.134	NaN
875	0875-1964	87319.198	410.457	1855	1961	141.340	288.462	NaN
876	0876-2000	1331360.947	2619.984	671	1961	104.886	1057.692	NaN
877	0877-1974	57527.942	340.710	137	1970	131.186	224.359	NaN
878	0878-2084	21933555.227	7306.708	357	1971	95.285	5530.378	NaN
879	0879-2017	2726413.544	2798.024	423	1974	99.894	1488.532	NaN
880	0880-1982	148956.279	622.323	438	1974	124.509	384.615	NaN
881	0881-1983	200320.513	659.976	1670	1992	60.945	416.667	NaN
882	0882-1979	50336.949	317.292	1873	1976	135.000	224.359	NaN
883	0883-2042	6090770.874	4233.925	1148	1977	97.394	2294.900	NaN
884	0884-1982	64718.935	365.441	2285	1979	142.125	224.359	NaN
885	0885-1989	98619.329	521.757	1876	1984	137.490	335.373	NaN
886	0886-2005	531106.180	1491.332	952	2026	61.783	628.489	NaN
887	0887-1992	128410.585	551.431	1861	1988	144.462	352.564	NaN
888	0888-1995	65746.220	362.619	1430	1991	135.000	256.410	NaN
889	0889-2008	437623.274	1192.807	778	2024	59.300	597.995	NaN
890	0890-2086	13522148.258	6101.877	997	1992	99.067	3311.094	NaN
891	0891-2003	356467.784	1020.117	1448	1992	136.273	606.030	NaN
892	0892-1996	64718.935	365.441	155	1993	142.125	224.359	NaN
893	0893-1997	50336.949	317.292	475	1994	135.000	224.359	NaN
894	0894-1999	57527.942	340.710	450	1995	131.186	224.359	NaN
895	0895-2022	2051487.508	2281.277	1307	2029	24.044	1414.406	NaN
896	0896-1998	50336.949	317.292	1474	1995	135.000	224.359	NaN
897	0897-2004	107864.892	636.200	1881	1998	139.086	333.333	NaN
898	0898-2032	2399737.015	2250.447	2240	2063	54.273	1687.983	NaN
899	0899-2017	586579.553	1231.370	131	2003	141.340	814.258	NaN
900	0900-2054	5887368.508	3642.160	1497	2002	114.986	2599.981	NaN
901	0901-2005	50336.949	317.292	2285	2002	135.000	224.359	NaN
902	0902-2007	71909.928	385.949	1695	2003	131.634	256.410	NaN
903	0903-2009	101701.183	455.534	1647	2015	50.711	320.513	NaN
904	0904-2070	8868548.652	4115.814	1392	2010	109.564	3373.754	NaN
905	0905-2015	50336.949	317.292	1837	2012	135.000	224.359	NaN
906	0906-2083	5972633.136	4756.674	2268	2153	69.489	2102.389	NaN
907	0907-2022	132519.724	577.813	1891	2015	123.690	320.513	NaN
908	0908-2061	6065088.757	3398.796	1631	2050	164.129	2899.544	NaN
909	0909-2097	15232577.252	5667.279	714	2026	126.027	3680.669	NaN
910	0910-2033	237302.761	756.437	1859	2024	126.384	512.821	NaN
911	0911-2056	2850714.990	2909.790	1885	2086	40.533	1761.056	NaN
912	0912-2031	65746.220	362.619	1877	2027	135.000	256.410	NaN
913	0913-2113	22346523.669	7668.834	2365	2194	30.101	4779.755	NaN
914	0914-2036	50336.949	317.292	1892	2033	135.000	224.359	NaN
915	0915-2077	3820471.729	3122.328	1979	2118	58.431	1794.085	NaN
916	0916-2042	87319.198	431.206	1586	2047	41.987	288.462	NaN
917	0917-2061	994411.571	1583.217	1595	2084	68.629	1175.021	NaN
918	0918-2041	50336.949	317.292	1802	2038	135.000	224.359	NaN
919	0919-2054	839291.584	1352.625	1277	2041	143.673	929.487	NaN
920	0920-2105	6820142.998	4647.878	2136	2169	61.137	2260.218	NaN
921	0921-2049	132519.724	500.657	1677	2043	129.806	384.615	NaN
922	0922-2050	129437.870	648.989	1778	2045	147.095	351.466	NaN
923	0923-2124	7485823.471	5152.287	603	2193	60.565	2218.849	NaN
924	0924-2097	3062335.634	3011.627	1093	2052	106.699	1361.708	NaN
925	0925-2072	767381.657	1419.333	1754	2092	64.592	1089.744	NaN
926	0926-2083	1560445.431	2075.676	2081	2052	103.392	1382.728	NaN
927	0927-2066	92455.621	462.250	1811	2070	33.690	256.410	NaN
928	0928-2096	1456689.678	2135.924	571	2126	64.204	1033.886	NaN
929	0929-2104	2644230.769	2971.104	1785	2067	137.186	1633.291	NaN
930	0930-2078	404750.164	997.202	2211	2067	135.000	705.128	NaN
931	0931-2089	675953.320	1419.695	406	2070	118.301	742.957	NaN
932	0932-2134	7124219.264	4246.281	2318	2192	61.113	2221.734	NaN
933	0933-2136	5567882.972	4127.777	442	2198	76.072	2435.897	NaN
934	0934-2079	141765.286	577.813	1818	2074	146.310	352.564	NaN
935	0935-2100	536242.604	1383.784	1274	2079	103.392	695.277	NaN
936	0936-2083	64718.935	362.619	2036	2079	135.000	256.410	NaN
937	0937-2086	216757.068	761.850	1730	2092	22.249	416.667	NaN
938	0938-2140	9077087.442	4032.097	1312	2082	113.916	3514.877	NaN
939	0939-2092	103755.753	445.271	1293	2086	120.256	288.462	NaN
940	0940-2097	218811.637	693.375	1247	2101	33.690	512.821	NaN
941	0941-2094	57527.942	340.710	1587	2091	138.814	224.359	NaN
942	0942-2095	71909.928	365.441	1863	2091	127.875	256.410	NaN
943	0943-2144	7451923.077	3994.212	1870	2194	54.142	2809.999	NaN
944	0944-2141	3988946.417	3208.012	2026	2188	68.305	2098.439	NaN
945	0945-2099	72937.212	385.949	1772	2095	131.634	256.410	NaN
946	0946-2107	294830.703	871.889	1192	2096	126.027	576.923	NaN
947	0947-2131	4214949.047	2809.748	1450	2156	25.688	2247.711	NaN
948	0948-2147	6992726.824	4572.675	1650	2179	27.104	2712.825	NaN
949	0949-2135	2037105.523	2434.632	1048	2171	69.179	1334.281	NaN
950	0950-2151	4211867.193	3360.497	2191	2197	57.068	2046.600	NaN
951	0951-2116	286612.426	911.069	1247	2108	140.711	519.353	NaN
952	0952-2153	6650641.026	3627.463	153	2184	27.924	2916.667	NaN
953	0953-2114	89373.767	410.457	1570	2111	141.340	288.462	NaN
954	0954-2154	3378739.316	3081.760	654	2198	63.435	1672.990	NaN
955	0955-2117	135601.578	506.775	1964	2111	124.695	352.564	NaN
956	0956-2140	886546.680	1360.576	538	2120	105.018	1080.277	NaN
957	0957-2160	3554404.997	2884.615	1161	2197	53.130	2031.134	NaN
958	0958-2128	143819.855	577.813	1573	2123	146.310	384.615	NaN
959	0959-2128	100673.899	455.534	1598	2133	39.289	320.513	NaN
960	0960-2129	80128.205	385.949	1536	2125	131.634	288.462	NaN
961	0961-2140	582470.414	1090.215	1233	2152	24.305	795.119	NaN
962	0962-2166	2373027.613	2632.501	945	2137	132.039	1338.433	NaN
963	0963-2167	2323717.949	2107.844	1968	2139	118.124	1763.578	NaN
964	0964-2156	486932.939	1125.452	574	2173	70.017	598.513	NaN
965	0965-2169	2639094.346	2545.001	1789	2189	174.218	1858.974	NaN
966	0966-2169	2159352.400	2213.628	1738	2191	34.380	1555.562	NaN
967	0967-2170	4385478.304	3608.582	844	2174	167.692	1826.923	NaN
968	0968-2145	57527.942	340.710	2021	2142	138.814	224.359	NaN
969	0969-2146	64718.935	362.619	2610	2150	45.000	256.410	NaN
970	0970-2151	151010.848	604.742	1600	2143	122.005	352.564	NaN
971	0971-2171	1651873.767	2153.884	2059	2198	53.471	1340.101	NaN
972	0972-2154	166420.118	570.657	264	2159	38.157	448.718	NaN
973	0973-2164	532133.465	1022.129	124	2178	48.814	800.679	NaN
974	0974-2174	3098290.598	3500.053	1032	2196	20.925	1570.513	NaN
975	0975-2176	1810075.608	2125.317	1218	2192	23.085	1417.566	NaN
976	0976-2160	50336.949	317.292	45	2157	135.000	224.359	NaN
977	0977-2162	50336.949	317.292	2286	2159	135.000	224.359	NaN
978	0978-2179	1749465.812	2109.062	1384	2198	16.783	1197.308	NaN
979	0979-2180	1243014.464	1698.718	255	2169	148.109	1211.230	NaN
980	0980-2180	2777777.778	3141.189	2524	2197	8.213	1153.846	NaN
981	0981-2182	2092578.895	2724.359	38	2198	8.797	993.590	NaN
982	0982-2174	85264.629	431.206	2117	2169	131.987	288.462	NaN
983	0983-2183	931747.206	1628.319	1608	2197	10.204	865.385	NaN
984	0984-2183	372904.339	846.178	1457	2174	142.696	641.026	NaN
985	0985-2185	555761.012	1066.879	1537	2179	147.265	769.231	NaN
986	0986-2176	50336.949	317.292	1572	2173	135.000	224.359	NaN
987	0987-2185	772518.080	1605.446	2125	2197	26.053	777.382	NaN
988	0988-2186	310239.974	875.417	829	2174	113.749	480.769	NaN
989	0989-2179	87319.198	410.457	1582	2174	128.660	288.462	NaN
990	0990-2187	998520.710	1998.777	2460	2197	15.819	684.762	NaN
991	0991-2189	305103.550	750.986	782	2179	129.806	544.872	NaN
992	0992-2184	57527.942	340.710	303	2180	131.186	224.359	NaN
993	0993-2189	304076.266	881.847	517	2183	160.907	576.923	NaN
994	0994-2190	258875.740	726.653	548	2181	131.424	544.872	NaN
995	0995-2189	168474.688	604.742	2419	2181	122.005	384.615	NaN
996	0996-2190	184911.243	596.188	1501	2183	143.746	448.718	NaN
997	0997-2191	211620.644	631.337	802	2189	156.038	448.718	NaN
998	0998-2191	152038.133	560.668	1483	2199	59.036	352.564	NaN
999	0999-2189	87319.198	417.898	2172	2184	122.471	256.410	NaN
1000	1000-2189	91428.337	476.477	2284	2184	132.274	320.513	NaN
1001	1001-2192	187993.097	666.944	318	2185	144.782	448.718	NaN
1002	1002-2191	348249.507	1084.546	736	2186	161.030	415.744	NaN
1003	1003-2191	88346.483	431.206	2304	2186	131.987	288.462	NaN
1004	1004-2193	71909.928	385.949	395	2197	41.634	256.410	NaN
1005	1005-2193	162310.980	660.754	2252	2189	157.166	288.462	NaN
1006	1006-2193	50336.949	317.292	1935	2190	135.000	224.359	NaN
1007	1007-2195	87319.198	417.898	1265	2191	147.529	256.410	NaN
