 	Label	Area	Feret	FeretX	FeretY	FeretAngle	MinFeret	Perinuclei
1	0001-0007	100673.899	533.440	750	3	147.265	277.363	NaN
2	0002-0041	1609755.095	2610.163	659	78	65.323	1216.495	NaN
3	0003-0011	136628.863	521.757	2580	6	137.490	384.615	NaN
4	0004-0083	12637656.147	5180.919	1550	9	113.711	3711.538	NaN
5	0005-0023	362631.492	1071.204	743	12	141.072	524.476	NaN
6	0006-0041	1262532.873	1984.334	2274	66	58.878	1005.210	NaN
7	0007-0021	103755.753	455.534	2476	27	50.711	320.513	NaN
8	0008-0089	21692143.327	7939.666	803	18	158.199	4430.290	NaN
9	0009-0021	50336.949	317.292	2515	18	135.000	224.359	NaN
10	0010-0027	313321.828	907.114	2341	19	147.995	499.569	NaN
11	0011-0023	57527.942	340.710	2562	20	138.814	224.359	NaN
12	0012-0072	3758834.648	3398.796	710	23	110.999	1856.903	NaN
13	0013-0032	180802.104	590.996	1949	39	40.601	416.667	NaN
14	0014-0034	57527.942	340.710	2506	30	131.186	224.359	NaN
15	0015-0040	271203.156	903.141	1906	31	152.526	554.725	NaN
16	0016-0037	93482.906	462.250	2398	43	56.310	256.410	NaN
17	0017-0037	57527.942	340.710	2309	33	131.186	224.359	NaN
18	0018-0108	10794707.429	4780.908	1227	38	113.299	3421.685	NaN
19	0019-0043	82182.774	407.946	2380	48	45.000	288.462	NaN
20	0020-0081	2973989.152	2769.424	1948	42	113.895	1533.713	NaN
21	0021-0066	695471.729	1553.413	572	89	68.199	934.488	NaN
22	0022-0111	9021614.070	4553.764	1104	177	67.225	2844.522	NaN
23	0023-0074	1668310.322	2078.397	2612	104	63.435	1285.554	NaN
24	0024-0058	282503.287	831.482	2341	47	117.553	480.769	NaN
25	0025-0053	101701.183	462.250	2514	47	123.690	288.462	NaN
26	0026-0056	166420.118	588.383	2411	64	60.642	352.564	NaN
27	0027-0056	102728.468	462.250	648	62	56.310	288.462	NaN
28	0028-0062	202375.082	615.685	2458	67	38.660	448.718	NaN
29	0029-0061	64718.935	362.619	2382	57	135.000	256.410	NaN
30	0030-0069	258875.740	780.500	2528	58	109.179	448.718	NaN
31	0031-0065	111974.030	480.769	2358	61	143.130	320.513	NaN
32	0032-0067	90401.052	410.457	2565	62	128.660	288.462	NaN
33	0033-0141	7658407.298	5138.711	616	63	103.343	2183.206	NaN
34	0034-0124	5072731.755	3848.423	687	184	82.342	1978.968	NaN
35	0035-0085	419132.150	1088.329	2454	69	103.627	576.923	NaN
36	0036-0127	6250000.000	3588.026	2410	72	108.759	2710.603	NaN
37	0037-0124	4264258.711	3773.077	2207	176	61.040	1937.895	NaN
38	0038-0080	155119.987	545.814	2488	85	40.236	416.667	NaN
39	0039-0081	146901.709	588.383	1032	75	150.642	384.615	NaN
40	0040-0089	307158.120	871.889	2555	76	107.103	576.923	NaN
41	0041-0088	456114.398	929.487	2332	100	43.603	737.179	NaN
42	0042-0088	233193.623	865.978	2361	77	128.991	505.914	NaN
43	0043-0087	57527.942	340.710	2282	83	131.186	224.359	NaN
44	0044-0153	10241000.986	5714.124	1281	96	136.818	2840.380	NaN
45	0045-0154	5458990.796	4309.318	1057	87	94.693	2465.965	NaN
46	0046-0112	1051939.513	1777.619	2293	87	115.641	943.107	NaN
47	0047-0129	3152736.686	2681.794	2005	90	114.727	1837.450	NaN
48	0048-0095	64718.935	365.441	2538	92	142.125	224.359	NaN
49	0049-0099	215729.783	702.939	2569	107	43.152	465.147	NaN
50	0050-0137	3433185.404	3243.995	540	182	60.396	2080.526	NaN
51	0051-0101	192102.235	705.856	2518	110	50.528	448.718	NaN
52	0052-0166	8976413.544	4359.446	783	100	107.103	3042.220	NaN
53	0053-0105	63691.650	362.619	2500	109	45.000	256.410	NaN
54	0054-0107	63691.650	362.619	2590	103	135.000	256.410	NaN
55	0055-0109	57527.942	340.710	2560	106	138.814	224.359	NaN
56	0056-0175	7870027.942	4777.362	1413	108	114.158	2436.744	NaN
57	0057-0113	95537.475	506.775	2529	120	55.305	283.794	NaN
58	0058-0112	63691.650	362.619	2355	116	45.000	256.410	NaN
59	0059-0118	57527.942	340.710	1833	115	138.814	224.359	NaN
60	0060-0119	50336.949	317.292	1448	116	135.000	224.359	NaN
61	0061-0140	1047830.375	1520.326	2275	163	71.565	1069.951	NaN
62	0062-0123	64718.935	362.619	2204	127	45.000	256.410	NaN
63	0063-0131	50336.949	317.292	1654	128	135.000	224.359	NaN
64	0064-0172	3407503.287	2932.123	1664	128	105.859	1829.032	NaN
65	0065-0137	86291.913	445.271	2520	131	120.256	224.359	NaN
66	0066-0169	2531229.454	2566.105	2061	133	117.525	1455.818	NaN
67	0067-0147	690335.306	1360.576	2474	133	136.909	788.357	NaN
68	0068-0236	14276175.214	6725.120	1499	142	118.153	3231.082	NaN
69	0069-0186	3316074.951	3125.452	1972	139	103.039	1538.462	NaN
70	0070-0176	1094058.185	2242.674	2309	207	59.036	889.747	NaN
71	0071-0202	7224893.162	3944.392	848	146	114.482	2841.743	NaN
72	0072-0152	50336.949	317.292	2616	149	135.000	224.359	NaN
73	0073-0176	830046.022	1632.100	2253	152	109.502	720.705	NaN
74	0074-0168	265039.448	961.538	496	181	53.130	456.244	NaN
75	0075-0161	79100.920	410.457	518	156	128.660	256.410	NaN
76	0076-0166	275312.295	796.137	2550	174	40.101	490.290	NaN
77	0077-0162	64718.935	362.619	2637	166	45.000	256.410	NaN
78	0078-0210	2502465.483	3205.769	593	161	101.535	1117.594	NaN
79	0079-0179	601988.823	1391.557	2601	196	51.546	807.510	NaN
80	0080-0232	10561513.807	5454.559	1159	163	130.711	2654.075	NaN
81	0081-0169	50336.949	317.292	2496	166	135.000	224.359	NaN
82	0082-0175	137656.147	551.431	2306	182	54.462	352.564	NaN
83	0083-0250	16048241.289	5953.003	913	330	58.878	4129.695	NaN
84	0084-0174	162310.980	602.189	2524	178	25.201	352.564	NaN
85	0085-0238	8081648.586	5517.756	1572	172	131.468	2194.771	NaN
86	0086-0194	1409434.583	1892.112	2157	185	153.869	1159.780	NaN
87	0087-0183	426323.143	946.463	505	191	28.301	679.910	NaN
88	0088-0180	115055.884	525.680	2575	174	127.569	318.717	NaN
89	0089-0178	50336.949	317.292	722	175	135.000	224.359	NaN
90	0090-0180	116083.169	506.775	2281	185	34.695	288.462	NaN
91	0091-0180	64718.935	362.619	2502	184	45.000	256.410	NaN
92	0092-0180	57527.942	340.710	2489	177	138.814	224.359	NaN
93	0093-0180	50336.949	317.292	2595	177	135.000	224.359	NaN
94	0094-0183	64718.935	365.441	2421	179	127.875	224.359	NaN
95	0095-0186	107864.892	476.477	2641	181	132.274	320.513	NaN
96	0096-0189	109919.461	480.769	2558	183	126.870	320.513	NaN
97	0097-0199	668762.327	1147.597	2217	187	144.090	891.924	NaN
98	0098-0222	2726413.544	2643.988	2010	258	59.394	1760.479	NaN
99	0099-0241	8086785.010	4910.859	1247	197	144.028	2479.991	NaN
100	0100-0207	439677.844	1204.378	2442	224	64.799	592.352	NaN
101	0101-0227	1596400.394	2428.506	554	193	112.504	988.775	NaN
102	0102-0207	463305.391	962.073	2468	194	119.982	705.128	NaN
103	0103-0200	94510.191	455.534	2583	195	129.289	288.462	NaN
104	0104-0200	57527.942	340.710	2487	197	138.814	224.359	NaN
105	0105-0254	2449046.680	3671.236	521	198	102.095	1346.593	NaN
106	0106-0201	50336.949	317.292	2634	198	135.000	224.359	NaN
107	0107-0280	13269436.226	6297.078	2075	237	157.874	4808.200	NaN
108	0108-0272	9832141.683	4687.493	699	201	103.846	3242.020	NaN
109	0109-0222	1110494.740	1571.820	2272	205	129.207	1193.992	NaN
110	0110-0206	50336.949	317.292	1884	203	135.000	224.359	NaN
111	0111-0210	105810.322	455.534	2567	214	39.289	320.513	NaN
112	0112-0284	14237138.396	6380.138	1712	211	131.538	3297.877	NaN
113	0113-0278	10284146.943	4688.917	1109	208	105.461	3114.549	NaN
114	0114-0213	123274.162	476.477	2514	207	132.274	352.564	NaN
115	0115-0213	94510.191	435.945	2354	208	126.027	288.462	NaN
116	0116-0215	98619.329	462.250	2630	209	123.690	256.410	NaN
117	0117-0235	1286160.421	1885.313	2145	210	125.311	1030.975	NaN
118	0118-0216	50336.949	317.292	2454	213	135.000	224.359	NaN
119	0119-0266	4121466.141	3512.505	2380	217	115.396	2274.549	NaN
120	0120-0221	63691.650	362.619	2316	217	135.000	256.410	NaN
121	0121-0224	113001.315	489.242	2187	218	121.608	288.462	NaN
122	0122-0277	2706895.135	3761.078	491	336	85.601	1574.085	NaN
123	0123-0224	64718.935	365.441	2600	220	127.875	224.359	NaN
124	0124-0241	445841.552	1155.625	2302	256	56.310	627.778	NaN
125	0125-0229	50336.949	317.292	2464	226	135.000	224.359	NaN
126	0126-0249	600961.538	1655.845	2445	230	132.647	590.983	NaN
127	0127-0236	79100.920	391.236	2495	232	145.008	256.410	NaN
128	0128-0291	8289160.092	5032.153	1383	241	142.765	2501.626	NaN
129	0129-0245	80128.205	407.946	2194	250	45.000	288.462	NaN
130	0130-0270	1513190.335	1796.302	2346	297	74.476	1498.371	NaN
131	0131-0249	73964.497	385.949	2557	245	138.366	256.410	NaN
132	0132-0308	12049022.025	5040.618	771	247	141.454	3694.908	NaN
133	0133-0253	110946.746	506.775	2575	260	55.305	288.462	NaN
134	0134-0251	50336.949	317.292	2626	248	135.000	224.359	NaN
135	0135-0254	50336.949	317.292	2497	251	135.000	224.359	NaN
136	0136-0255	57527.942	340.710	2603	251	131.186	224.359	NaN
137	0137-0312	5668556.870	3879.794	622	371	77.112	2050.323	NaN
138	0138-0258	109919.461	476.477	2508	263	42.274	320.513	NaN
139	0139-0263	210593.360	705.856	1981	270	39.472	448.718	NaN
140	0140-0261	70882.643	385.949	2626	266	48.366	256.410	NaN
141	0141-0293	2590811.966	2282.627	2276	267	128.157	1608.986	NaN
142	0142-0266	77046.351	407.946	2071	271	45.000	288.462	NaN
143	0143-0265	50336.949	317.292	2175	262	135.000	224.359	NaN
144	0144-0267	95537.475	431.206	2570	271	41.987	320.513	NaN
145	0145-0272	314349.112	994.107	2486	269	159.228	465.147	NaN
146	0146-0291	1073512.492	1942.477	1612	266	127.626	1016.163	NaN
147	0147-0272	50336.949	317.292	348	269	135.000	224.359	NaN
148	0148-0273	82182.774	435.945	574	269	143.973	256.410	NaN
149	0149-0278	208538.790	796.137	2456	269	130.101	453.361	NaN
150	0150-0273	50336.949	317.292	1168	270	135.000	224.359	NaN
151	0151-0276	70882.643	385.949	2425	272	138.366	256.410	NaN
152	0152-0279	163338.264	615.685	2436	273	141.340	416.667	NaN
153	0153-0286	227029.915	759.825	376	279	152.354	480.769	NaN
154	0154-0284	50336.949	317.292	586	281	135.000	224.359	NaN
155	0155-0287	77046.351	410.457	555	292	51.340	256.410	NaN
156	0156-0287	50336.949	317.292	2583	284	135.000	224.359	NaN
157	0157-0310	1166995.398	1655.845	2602	335	75.426	993.590	NaN
158	0158-0345	5844222.551	4162.350	342	290	119.526	2486.545	NaN
159	0159-0325	2759286.654	2532.863	1700	293	128.320	1490.453	NaN
160	0160-0297	63691.650	362.619	2477	293	135.000	256.410	NaN
161	0161-0367	20433719.592	7202.630	2216	386	4.594	4420.703	NaN
162	0162-0304	113001.315	500.657	2430	310	50.194	320.513	NaN
163	0163-0303	63691.650	362.619	2544	307	45.000	256.410	NaN
164	0164-0316	702662.722	1432.301	1290	303	139.538	827.400	NaN
165	0165-0331	2143943.130	2330.726	1022	320	148.496	1325.376	NaN
166	0166-0339	2745931.953	2708.476	1221	313	140.281	1512.783	NaN
167	0167-0371	8720619.658	4675.973	1345	312	123.254	2748.624	NaN
168	0168-0361	4038256.082	3168.055	579	313	101.083	1795.696	NaN
169	0169-0316	57527.942	340.710	2559	313	138.814	224.359	NaN
170	0170-0322	80128.205	385.949	2518	327	41.634	288.462	NaN
171	0171-0363	3305802.104	3072.245	2024	319	113.356	1593.137	NaN
172	0172-0327	85264.629	435.945	320	331	36.027	256.410	NaN
173	0173-0397	8844921.105	6232.553	1191	325	134.792	2246.125	NaN
174	0174-0348	825936.884	1677.112	2567	325	116.075	904.379	NaN
175	0175-0417	16622493.425	6828.954	1928	328	122.347	3338.367	NaN
176	0176-0367	3773216.634	2786.066	669	327	113.025	2037.232	NaN
177	0177-0405	12504109.139	5197.548	2466	329	113.245	3286.085	NaN
178	0178-0401	6441074.951	6192.205	214	472	47.307	2360.140	NaN
179	0179-0336	64718.935	365.441	321	333	142.125	224.359	NaN
180	0180-0397	7846400.394	4420.057	915	351	129.114	3083.533	NaN
181	0181-0361	2314472.387	2290.041	1582	354	173.571	1601.274	NaN
182	0182-0356	607125.247	1397.451	1663	339	126.607	753.759	NaN
183	0183-0405	9564020.381	4929.754	1771	438	36.274	3297.373	NaN
184	0184-0434	14458004.602	6493.451	522	342	116.059	3941.254	NaN
185	0185-0371	2239480.605	2327.417	1425	344	157.319	1682.494	NaN
186	0186-0377	2900024.655	2552.256	1522	345	125.287	1683.319	NaN
187	0187-0374	1406352.728	1797.445	1310	348	111.991	1215.817	NaN
188	0188-0394	6595167.653	3354.531	738	360	135.774	2711.529	NaN
189	0189-0368	344140.368	1065.434	2603	353	111.161	466.415	NaN
190	0190-0418	7062582.183	4199.819	1015	354	100.109	2692.308	NaN
191	0191-0460	15695882.643	6883.269	1123	566	79.266	3549.544	NaN
192	0192-0388	1847057.857	2205.724	313	416	35.538	1533.925	NaN
193	0193-0395	2241535.174	2205.724	1709	380	144.462	1688.333	NaN
194	0194-0452	13148216.634	5635.924	2091	368	109.259	3611.618	NaN
195	0195-0397	807445.759	1695.086	468	423	74.650	1037.995	NaN
196	0196-0395	951265.615	1470.522	2565	417	69.590	987.244	NaN
197	0197-0468	15306541.749	6446.691	851	405	138.225	3056.661	NaN
198	0198-0458	12690047.666	4733.292	1481	531	79.071	3998.860	NaN
199	0199-0430	4152284.681	3221.114	620	388	121.159	2096.628	NaN
200	0200-0436	6348619.329	3514.697	1647	396	151.098	2653.802	NaN
201	0201-0426	2185034.517	2534.484	1590	393	122.082	1583.333	NaN
202	0202-0401	64718.935	362.619	1365	397	135.000	256.410	NaN
203	0203-0452	3258547.009	3351.927	1908	400	96.038	1834.065	NaN
204	0204-0431	2395627.876	3297.546	298	455	27.810	1521.282	NaN
205	0205-0416	259903.024	853.431	2215	405	124.287	490.546	NaN
206	0206-0420	126356.016	545.814	2235	427	49.764	384.615	NaN
207	0207-0420	73964.497	385.949	711	416	138.366	256.410	NaN
208	0208-0522	17075525.970	7067.071	2200	417	106.873	4040.432	NaN
209	0209-0428	79100.920	417.898	180	425	147.529	224.359	NaN
210	0210-0459	2156270.546	2169.093	255	491	71.030	1590.583	NaN
211	0211-0434	123274.162	525.680	2246	428	127.569	320.513	NaN
212	0212-0481	5008012.821	4916.295	99	531	39.710	1936.726	NaN
213	0213-0507	16477646.285	5554.867	2312	457	133.363	4852.392	NaN
214	0214-0500	11577498.356	4846.425	375	451	142.524	3531.924	NaN
215	0215-0500	10869699.211	4373.679	1205	437	123.341	3538.891	NaN
216	0216-0497	9118178.830	4500.552	1358	441	127.768	3054.904	NaN
217	0217-0513	14321375.740	6359.091	705	459	142.784	3229.436	NaN
218	0218-0460	356467.784	1022.632	2280	447	122.196	629.925	NaN
219	0219-0451	50336.949	317.292	2296	448	135.000	224.359	NaN
220	0220-0517	10930309.007	4446.819	1762	450	103.335	3722.205	NaN
221	0221-0477	1040639.382	1506.751	1587	460	150.709	1002.047	NaN
222	0222-0472	79100.920	417.898	303	469	147.529	224.359	NaN
223	0223-0488	1197813.938	1591.307	303	487	18.800	1247.222	NaN
224	0224-0512	4310486.522	3440.254	1944	472	146.014	1928.462	NaN
225	0225-0543	13859097.633	5985.958	178	476	136.736	3382.828	NaN
226	0226-0486	65746.220	362.619	231	482	135.000	256.410	NaN
227	0227-0584	11981221.236	6763.732	1646	485	110.238	2716.320	NaN
228	0228-0571	14572033.202	5878.593	656	492	117.962	3738.629	NaN
229	0229-0495	118137.738	455.534	1698	491	140.711	352.564	NaN
230	0230-0609	24000452.005	8059.671	2442	724	67.310	5121.013	NaN
231	0231-0522	1153640.697	1703.549	1307	548	78.056	1076.701	NaN
232	0232-0503	63691.650	362.619	1299	499	135.000	256.410	NaN
233	0233-0589	18214784.681	6053.197	1859	502	114.394	4625.155	NaN
234	0234-0575	10438239.645	4420.870	1033	643	80.401	3723.711	NaN
235	0235-0579	11672008.547	5600.910	1503	546	145.491	3519.162	NaN
236	0236-0560	3498931.624	3205.128	2043	524	126.870	1796.960	NaN
237	0237-0638	11817882.972	8045.383	77	524	114.727	2785.453	NaN
238	0238-0595	8971277.120	5455.313	877	524	126.399	2319.662	NaN
239	0239-0569	2318581.525	3042.847	144	525	113.595	1089.366	NaN
240	0240-0584	7948101.578	4904.684	470	609	24.723	3163.890	NaN
241	0241-0555	498233.070	1046.463	2340	549	139.970	769.584	NaN
242	0242-0592	4556007.561	4152.466	2140	551	137.816	1477.610	NaN
243	0243-0582	4416296.844	3280.210	355	550	146.155	1971.174	NaN
244	0244-0594	7352276.463	4019.849	1327	562	142.125	2628.793	NaN
245	0245-0574	2372000.329	2413.017	1465	551	140.389	1520.512	NaN
246	0246-0571	955374.753	1495.116	2301	553	149.036	1314.103	NaN
247	0247-0580	1809048.323	1992.600	2035	551	115.741	1281.396	NaN
248	0248-0579	956402.038	1946.967	1726	554	122.905	745.318	NaN
249	0249-0590	2990425.707	2705.250	1953	558	126.327	1636.191	NaN
250	0250-0674	26361152.202	7454.111	1225	580	148.360	6243.388	NaN
251	0251-0644	15791420.118	5108.637	1157	723	82.429	4396.480	NaN
252	0252-0573	81155.490	410.457	55	577	38.660	256.410	NaN
253	0253-0576	80128.205	407.946	2355	581	45.000	288.462	NaN
254	0254-0653	8321005.917	4838.470	201	578	96.466	3400.069	NaN
255	0255-0650	12744493.754	5916.306	778	586	133.903	3339.768	NaN
256	0256-0644	5109714.004	3941.786	2335	584	100.305	2891.264	NaN
257	0257-0588	57527.942	340.710	2348	584	131.186	224.359	NaN
258	0258-0588	64718.935	362.619	2360	592	45.000	256.410	NaN
259	0259-0590	86291.913	417.898	46	586	147.529	256.410	NaN
260	0260-0596	254766.601	886.495	2360	607	49.399	477.592	NaN
261	0261-0668	10936472.715	5551.907	2131	588	114.198	2807.855	NaN
262	0262-0594	64718.935	365.441	15	591	142.125	224.359	NaN
263	0263-0611	1124876.726	2107.844	509	592	151.876	1096.074	NaN
264	0264-0603	70882.643	385.949	1765	608	48.366	256.410	NaN
265	0265-0604	86291.913	435.945	2379	610	53.973	256.410	NaN
266	0266-0610	175665.680	716.688	61	620	63.435	320.513	NaN
267	0267-0613	574252.137	1156.070	2651	626	46.123	766.731	NaN
268	0268-0611	300994.412	976.381	2	615	23.199	493.215	NaN
269	0269-0608	104783.037	455.534	332	613	39.289	320.513	NaN
270	0270-0657	4365959.895	3544.965	2379	710	75.336	1826.923	NaN
271	0271-0637	2200443.787	2540.355	2601	603	119.476	1286.638	NaN
272	0272-0637	1499835.634	2130.868	1457	604	96.911	968.947	NaN
273	0273-0616	103755.753	435.945	2010	622	53.973	320.513	NaN
274	0274-0683	14518614.398	5876.583	1492	622	145.443	3622.487	NaN
275	0275-0706	16665639.382	6811.859	619	615	122.120	3765.059	NaN
276	0276-0673	13809787.968	6100.614	305	629	158.422	3573.660	NaN
277	0277-0645	1874794.543	2083.333	1779	614	112.620	1317.616	NaN
278	0278-0627	466387.245	1148.939	15	636	30.141	654.695	NaN
279	0279-0630	307158.120	952.953	512	644	70.346	534.872	NaN
280	0280-0626	388313.609	974.802	2024	635	27.408	641.026	NaN
281	0281-0623	64718.935	365.441	2052	620	142.125	224.359	NaN
282	0282-0693	8549063.116	4885.692	2076	621	109.148	2863.034	NaN
283	0283-0631	108892.176	476.477	1479	636	42.274	320.513	NaN
284	0284-0646	872164.694	1845.664	1965	655	20.323	688.287	NaN
285	0285-0696	4225221.893	3862.279	27	755	72.618	1522.698	NaN
286	0286-0651	477687.377	1386.750	495	639	146.310	567.809	NaN
287	0287-0642	50336.949	317.292	2349	639	135.000	224.359	NaN
288	0288-0644	50336.949	317.292	574	641	135.000	224.359	NaN
289	0289-0644	50336.949	317.292	1018	641	135.000	224.359	NaN
290	0290-0702	5886341.223	4229.069	906	644	117.536	2294.523	NaN
291	0291-0660	487960.224	1089.744	2231	668	28.072	660.703	NaN
292	0292-0653	64718.935	362.619	564	657	45.000	256.410	NaN
293	0293-0746	12150723.208	5849.600	983	831	64.699	3221.787	NaN
294	0294-0684	1663173.899	1940.360	1981	670	149.199	1385.419	NaN
295	0295-0668	50336.949	317.292	176	665	135.000	224.359	NaN
296	0296-0679	443786.982	1209.485	2596	665	147.995	897.662	NaN
297	0297-0690	1337524.655	1831.416	1645	672	147.144	1242.178	NaN
298	0298-0749	10356056.870	5275.528	76	667	94.879	3135.394	NaN
299	0299-0720	8284023.669	4231.012	1858	682	139.917	2980.769	NaN
300	0300-0719	4302268.245	3488.882	1451	677	128.660	1867.948	NaN
301	0301-0714	3858481.262	2801.876	2524	740	35.690	2077.401	NaN
302	0302-0772	21155900.723	8632.333	738	679	138.914	3896.720	NaN
303	0303-0687	151010.848	622.323	2242	695	55.491	416.667	NaN
304	0304-0696	998520.710	1384.155	1806	709	42.184	1057.692	NaN
305	0305-0749	13186226.167	5396.145	232	741	176.254	3103.463	NaN
306	0306-0724	3615014.793	3253.639	2271	682	124.160	1722.440	NaN
307	0307-0685	50336.949	317.292	2364	682	135.000	224.359	NaN
308	0308-0686	50336.949	317.292	1848	683	135.000	224.359	NaN
309	0309-0777	14954183.103	6254.272	518	689	118.798	3032.107	NaN
310	0310-0752	4502588.757	4378.726	1705	817	72.096	2230.865	NaN
311	0311-0693	128410.585	545.814	2622	700	49.764	384.615	NaN
312	0312-0724	346194.938	881.847	1994	715	160.907	638.261	NaN
313	0313-0717	50336.949	317.292	2386	714	135.000	224.359	NaN
314	0314-0742	1503944.773	1780.217	2625	769	76.464	1213.379	NaN
315	0315-0797	6482166.338	5085.257	2355	721	105.350	2458.225	NaN
316	0316-0803	14587442.472	5625.434	2241	722	119.340	3666.509	NaN
317	0317-0752	1754602.235	2032.415	2385	731	127.954	1345.852	NaN
318	0318-0763	2398709.730	2709.424	1794	725	117.474	1451.213	NaN
319	0319-0739	491042.078	1076.942	1824	728	143.471	760.533	NaN
320	0320-0815	34402736.686	11382.718	1354	749	162.126	5613.214	NaN
321	0321-0813	9271244.247	6261.495	1118	730	120.109	2261.748	NaN
322	0322-0766	1591263.971	2316.578	1670	801	75.579	1121.795	NaN
323	0323-0829	15015820.184	6249.425	434	749	123.283	3398.530	NaN
324	0324-0784	5957223.866	3594.891	2450	736	121.139	2900.951	NaN
325	0325-0825	10758752.465	5739.596	2033	742	110.256	2969.507	NaN
326	0326-0782	3849235.700	3558.991	1181	745	141.582	1657.010	NaN
327	0327-0856	11600098.619	7511.223	1990	747	111.529	3105.902	NaN
328	0328-0765	281476.003	891.118	1842	754	127.694	518.907	NaN
329	0329-0828	12139423.077	4929.754	2537	769	126.274	3644.074	NaN
330	0330-0771	655407.627	1141.314	1760	785	51.843	892.580	NaN
331	0331-0780	1130013.149	1678.031	2157	757	118.523	1181.879	NaN
332	0332-0810	6484220.907	3500.053	1854	798	159.075	2808.521	NaN
333	0333-0828	5176487.508	3933.046	1338	770	107.549	2403.470	NaN
334	0334-0798	1082758.054	1738.173	410	773	112.782	920.381	NaN
335	0335-0853	16535174.227	5979.175	962	875	172.608	4414.913	NaN
336	0336-0826	3259574.293	2917.371	647	790	125.611	1810.186	NaN
337	0337-0846	7977892.834	4042.529	1718	832	152.622	2639.814	NaN
338	0338-0851	2531229.454	3949.597	281	803	128.079	1155.848	NaN
339	0339-0897	10965236.686	5934.250	2145	806	100.582	2951.906	NaN
340	0340-0887	14439513.478	5705.218	726	819	143.452	3770.314	NaN
341	0341-0852	1551199.869	2585.249	1834	822	132.990	1010.333	NaN
342	0342-0859	3543104.865	2882.656	366	830	138.155	1950.538	NaN
343	0343-0829	50336.949	317.292	973	826	135.000	224.359	NaN
344	0344-0849	947156.476	1384.155	1222	832	137.816	1046.855	NaN
345	0345-0901	5889423.077	4828.693	1276	846	136.345	1731.826	NaN
346	0346-0879	2815787.311	2319.459	1506	904	11.155	1883.262	NaN
347	0347-0896	2739768.245	2806.821	2212	853	96.557	1444.104	NaN
348	0348-0863	107864.892	480.769	2019	869	53.130	288.462	NaN
349	0349-0865	82182.774	410.457	214	861	141.340	256.410	NaN
350	0350-0888	1532708.744	2067.246	637	865	150.255	1270.973	NaN
351	0351-0941	12988987.508	5972.987	1713	865	131.302	3504.163	NaN
352	0352-0946	17668269.231	6851.782	1904	876	137.654	4716.543	NaN
353	0353-0907	2385355.030	2573.101	591	878	129.440	1525.184	NaN
354	0354-0983	27358645.628	9016.955	882	930	158.085	4540.051	NaN
355	0355-0963	11703854.372	5783.547	2349	876	104.113	2835.365	NaN
356	0356-0913	2907215.648	2738.088	1391	885	141.654	1745.103	NaN
357	0357-0926	4563198.554	2935.624	1685	881	100.697	2317.618	NaN
358	0358-0912	1828566.732	1842.600	1851	884	103.069	1563.794	NaN
359	0359-0942	6060979.619	4855.320	1239	885	132.325	1910.348	NaN
360	0360-0974	12591428.337	5453.241	2247	1058	72.204	3586.261	NaN
361	0361-0894	79100.920	385.949	2550	898	41.634	288.462	NaN
362	0362-0894	50336.949	317.292	2392	891	135.000	224.359	NaN
363	0363-0943	5357289.612	3184.549	1574	909	130.101	2552.738	NaN
364	0364-0901	64718.935	365.441	2188	897	127.875	224.359	NaN
365	0365-0923	1070430.638	2021.265	417	908	152.622	985.219	NaN
366	0366-0978	11931911.571	5509.559	1134	928	136.650	3005.853	NaN
367	0367-0973	10389957.265	4444.046	665	932	154.359	3409.696	NaN
368	0368-0921	1793639.053	2434.632	1475	916	163.951	1040.773	NaN
369	0369-0917	323594.675	942.656	373	923	17.819	510.275	NaN
370	0370-0912	50336.949	317.292	730	909	135.000	224.359	NaN
371	0371-0955	4657708.744	3082.594	557	912	115.233	2077.856	NaN
372	0372-0974	5054240.631	4185.485	2412	915	116.369	1986.128	NaN
373	0373-0936	989275.148	1422.586	2637	958	75.651	961.723	NaN
374	0374-0951	1535790.598	1877.943	403	925	117.440	1347.374	NaN
375	0375-0932	125328.731	567.045	384	926	137.291	350.390	NaN
376	0376-0934	98619.329	431.206	371	929	131.987	320.513	NaN
377	0377-0949	920447.074	1684.447	1066	960	21.194	1001.735	NaN
378	0378-0947	72937.212	385.949	1536	943	138.366	256.410	NaN
379	0379-0997	5599728.797	3886.672	476	949	130.653	1715.816	NaN
380	0380-0979	3393121.302	3050.939	1486	956	148.314	1845.098	NaN
381	0381-1009	9444855.358	4139.085	301	1062	59.265	3314.458	NaN
382	0382-1019	9647230.440	4117.186	840	1082	78.778	3425.556	NaN
383	0383-0993	2715113.412	2743.710	629	960	127.405	1572.727	NaN
384	0384-1173	31871507.232	13807.296	1395	960	97.603	5096.154	NaN
385	0385-1009	4316650.230	3424.091	2096	965	125.475	2008.638	NaN
386	0386-0986	1366288.626	2171.223	1086	967	148.891	1036.573	NaN
387	0387-1000	775599.934	1366.603	215	1016	50.711	1040.271	NaN
388	0388-1056	14702498.356	5554.867	1654	986	133.363	3830.082	NaN
389	0389-1007	971811.308	1578.343	244	985	119.168	1114.816	NaN
390	0390-1006	628698.225	1247.120	2493	1024	64.093	673.077	NaN
391	0391-1070	14713798.488	5742.817	421	992	123.158	3642.859	NaN
392	0392-1013	1079676.200	1760.196	1460	996	146.889	906.547	NaN
393	0393-1037	3663297.173	2743.148	1581	1015	136.420	2008.868	NaN
394	0394-1012	57527.942	340.710	235	1009	138.814	224.359	NaN
395	0395-1048	4065992.768	2769.238	1282	1010	127.003	2137.411	NaN
396	0396-1038	1251232.742	2017.195	1147	1015	134.356	1110.928	NaN
397	0397-1016	50336.949	317.292	1985	1013	135.000	224.359	NaN
398	0398-1072	10798816.568	4797.960	554	1106	20.735	3567.698	NaN
399	0399-1018	65746.220	362.619	2474	1014	135.000	256.410	NaN
400	0400-1042	1690910.585	2037.211	1992	1029	155.854	1211.348	NaN
401	0401-1026	275312.295	956.182	2174	1038	50.440	510.973	NaN
402	0402-1094	9330826.759	5446.172	1811	1030	129.028	2634.736	NaN
403	0403-1022	50336.949	317.292	1573	1019	135.000	224.359	NaN
404	0404-1068	4520052.597	4053.822	1523	1029	146.938	1660.042	NaN
405	0405-1094	9452046.351	4520.254	722	1063	141.911	2896.473	NaN
406	0406-1097	12723948.060	5477.019	2257	1065	152.085	3370.350	NaN
407	0407-1123	8764792.899	6103.645	2427	1030	100.897	2371.357	NaN
408	0408-1068	3402366.864	2515.770	214	1038	124.095	1839.098	NaN
409	0409-1093	12131204.799	5787.453	1892	1036	145.606	3555.129	NaN
410	0410-1058	1462853.386	1749.659	2484	1034	118.443	1205.962	NaN
411	0411-1059	1626191.650	1962.209	2088	1038	141.633	1248.073	NaN
412	0412-1077	2876397.107	2392.065	2192	1111	54.819	1575.792	NaN
413	0413-1115	6750287.640	5238.596	1505	1049	125.538	2115.335	NaN
414	0414-1062	202375.082	853.431	2173	1073	55.713	411.150	NaN
415	0415-1057	86291.913	417.898	2624	1054	147.529	256.410	NaN
416	0416-1058	64718.935	362.619	2062	1062	45.000	256.410	NaN
417	0417-1114	11692554.241	4969.603	2521	1065	137.875	3725.480	NaN
418	0418-1181	23867932.281	10232.344	854	1099	142.125	3936.541	NaN
419	0419-1089	2046351.085	2628.401	1085	1111	37.569	1057.656	NaN
420	0420-1088	1447444.116	1978.112	1236	1070	139.600	1201.175	NaN
421	0421-1152	16385190.664	5595.129	1111	1134	160.942	4255.879	NaN
422	0422-1075	70882.643	385.949	2054	1079	41.634	256.410	NaN
423	0423-1078	155119.987	596.188	2152	1084	36.254	384.615	NaN
424	0424-1134	11372041.420	4378.374	140	1083	126.367	3375.883	NaN
425	0425-1143	16091387.245	5412.872	256	1182	12.308	4230.769	NaN
426	0426-1084	50336.949	317.292	2582	1081	135.000	224.359	NaN
427	0427-1169	11074128.863	5700.625	2094	1103	125.388	3070.865	NaN
428	0428-1103	126356.016	501.682	1046	1096	116.565	320.513	NaN
429	0429-1103	233193.623	705.856	2068	1110	39.472	448.718	NaN
430	0430-1115	807445.759	1427.992	2487	1099	134.091	912.618	NaN
431	0431-1163	9855769.231	4416.220	1797	1097	105.146	3259.649	NaN
432	0432-1127	1107412.886	2027.354	1021	1100	129.226	851.808	NaN
433	0433-1171	13891970.743	5218.850	1618	1119	147.286	3986.873	NaN
434	0434-1114	129437.870	619.013	979	1105	111.251	224.359	NaN
435	0435-1200	16122205.786	6174.178	696	1106	102.593	3542.223	NaN
436	0436-1120	285585.141	931.695	1052	1112	139.185	533.366	NaN
437	0437-1159	4601208.087	3368.436	1298	1112	116.565	2093.493	NaN
438	0438-1225	12596564.760	6756.210	2215	1125	110.842	2675.841	NaN
439	0439-1134	121219.592	521.757	2055	1140	47.490	352.564	NaN
440	0440-1150	441732.413	1297.978	442	1134	122.905	684.881	NaN
441	0441-1149	661571.335	1362.839	2264	1133	131.186	874.360	NaN
442	0442-1199	8386752.137	4587.366	556	1135	115.670	2907.616	NaN
443	0443-1168	1934377.055	1842.600	1488	1140	103.069	1602.564	NaN
444	0444-1175	1918967.784	2322.115	2058	1141	110.186	1145.312	NaN
445	0445-1187	4532380.013	3053.463	2485	1156	129.036	2172.191	NaN
446	0446-1153	115055.884	641.026	2092	1145	126.870	336.214	NaN
447	0447-1162	397559.172	1206.508	2310	1150	140.389	523.000	NaN
448	0448-1257	15336333.005	7523.386	831	1165	128.774	3294.475	NaN
449	0449-1192	4065992.768	2927.916	461	1216	41.894	2346.753	NaN
450	0450-1236	13579676.200	5515.149	1932	1169	131.938	3436.826	NaN
451	0451-1176	356467.784	841.308	2390	1186	49.635	608.974	NaN
452	0452-1203	2846605.851	2593.581	1529	1171	129.987	1539.240	NaN
453	0453-1202	2194280.079	2426.813	383	1218	33.690	1453.816	NaN
454	0454-1206	2241535.174	2675.850	783	1176	133.059	1226.364	NaN
455	0455-1201	894764.957	1609.600	2096	1177	102.653	782.676	NaN
456	0456-1262	12970496.384	5936.500	2287	1180	120.858	3560.562	NaN
457	0457-1249	6751314.924	4753.649	1114	1179	108.068	2341.491	NaN
458	0458-1195	930719.921	1560.999	2571	1187	160.821	1025.641	NaN
459	0459-1211	1217332.347	2539.950	2346	1184	132.955	951.875	NaN
460	0460-1201	719099.277	1422.586	2633	1222	67.479	883.018	NaN
461	0461-1197	388313.609	892.845	1897	1184	111.038	641.026	NaN
462	0462-1220	2288790.270	2222.428	1371	1191	123.232	1583.330	NaN
463	0463-1245	8622000.329	5398.524	238	1200	148.103	2342.452	NaN
464	0464-1200	57527.942	340.710	2377	1197	138.814	224.359	NaN
465	0465-1253	6265409.270	3920.882	1286	1200	122.651	2159.979	NaN
466	0466-1238	2764423.077	2803.159	2404	1206	128.967	1489.744	NaN
467	0467-1291	17386793.228	5493.780	125	1358	55.939	4601.257	NaN
468	0468-1215	116083.169	657.637	2644	1222	43.025	358.974	NaN
469	0469-1233	1440253.123	1948.813	1845	1246	36.304	1332.104	NaN
470	0470-1216	72937.212	385.949	2574	1212	138.366	256.410	NaN
471	0471-1217	50336.949	317.292	1408	1214	135.000	224.359	NaN
472	0472-1278	10667324.129	4745.322	1487	1215	128.418	3446.132	NaN
473	0473-1275	5068622.617	4776.071	2472	1216	127.639	2224.232	NaN
474	0474-1228	187993.097	731.584	2057	1218	118.811	384.615	NaN
475	0475-1253	2374054.898	2209.912	1915	1221	109.486	1602.564	NaN
476	0476-1235	467414.530	1308.226	2597	1224	149.036	727.050	NaN
477	0477-1253	2133670.283	2037.211	1608	1222	102.724	1572.859	NaN
478	0478-1259	2791132.479	3106.991	1765	1223	132.910	1419.619	NaN
479	0479-1226	50336.949	317.292	2564	1223	135.000	224.359	NaN
480	0480-1267	3090072.321	2798.758	2126	1225	103.241	1600.284	NaN
481	0481-1230	94510.191	453.274	2577	1225	135.000	320.513	NaN
482	0482-1286	13190335.306	5929.574	444	1239	146.911	3352.017	NaN
483	0483-1248	817718.606	1276.028	2065	1266	64.722	946.162	NaN
484	0484-1235	57527.942	340.710	408	1231	131.186	224.359	NaN
485	0485-1315	12529791.256	6112.474	777	1234	121.273	3067.427	NaN
486	0486-1299	15077457.265	5694.675	1664	1260	148.815	4110.582	NaN
487	0487-1332	15470907.298	8183.126	1196	1234	133.889	3098.122	NaN
488	0488-1241	235248.192	791.608	2562	1238	158.629	352.564	NaN
489	0489-1260	892710.388	1390.449	403	1280	64.026	1046.365	NaN
490	0490-1256	118137.738	455.534	1322	1261	39.289	352.564	NaN
491	0491-1331	13464620.316	5269.293	2576	1251	126.591	3772.208	NaN
492	0492-1256	57527.942	340.710	2542	1252	131.186	224.359	NaN
493	0493-1268	264012.163	974.802	1000	1257	133.668	487.094	NaN
494	0494-1288	1457716.963	2392.709	2162	1259	129.019	1083.357	NaN
495	0495-1296	2074087.771	2470.445	979	1265	134.474	1447.966	NaN
496	0496-1268	50336.949	317.292	1867	1265	135.000	224.359	NaN
497	0497-1357	15055884.287	6100.614	643	1269	111.578	3632.299	NaN
498	0498-1322	7836127.548	3938.267	265	1270	123.043	2672.924	NaN
499	0499-1338	5862713.675	4286.372	1398	1272	96.009	2244.148	NaN
500	0500-1289	993384.287	1523.701	1851	1298	14.621	993.590	NaN
501	0501-1288	407832.018	817.151	2070	1277	115.560	724.155	NaN
502	0502-1302	881410.256	1628.319	2427	1280	126.193	1110.325	NaN
503	0503-1289	173611.111	705.856	944	1298	50.528	448.462	NaN
504	0504-1294	361604.208	1065.434	1027	1282	136.219	533.366	NaN
505	0505-1315	1353961.210	1749.659	1890	1339	61.557	1139.438	NaN
506	0506-1330	2771614.070	3286.937	2473	1293	136.185	1514.506	NaN
507	0507-1395	16131451.348	6413.861	381	1494	81.667	3776.007	NaN
508	0508-1318	661571.335	1662.037	764	1298	129.523	658.041	NaN
509	0509-1351	5243261.012	4182.170	1182	1304	130.649	1933.351	NaN
510	0510-1311	503369.494	981.104	1614	1324	51.633	737.179	NaN
511	0511-1379	8060075.608	5722.209	1944	1300	118.431	2057.330	NaN
512	0512-1316	735535.832	1477.491	2090	1305	155.659	754.051	NaN
513	0513-1395	8551117.686	6001.811	737	1305	104.853	2564.103	NaN
514	0514-1344	2305226.824	2303.459	1837	1311	111.209	1639.925	NaN
515	0515-1359	5447690.664	3249.690	2009	1338	157.989	2361.691	NaN
516	0516-1385	9756122.617	4959.256	1112	1312	110.426	2711.016	NaN
517	0517-1321	50336.949	317.292	1824	1318	135.000	224.359	NaN
518	0518-1429	19621137.410	6974.008	2154	1538	85.783	3670.856	NaN
519	0519-1356	2494247.206	2167.435	1022	1344	141.605	1844.065	NaN
520	0520-1378	3353057.199	3871.843	1647	1330	126.585	1455.674	NaN
521	0521-1342	622534.517	1720.052	2223	1330	153.435	556.296	NaN
522	0522-1344	492069.362	995.655	2284	1356	56.821	705.128	NaN
523	0523-1361	1762820.513	2067.246	2392	1390	60.255	1456.311	NaN
524	0524-1358	444814.267	1429.430	483	1337	109.654	647.435	NaN
525	0525-1431	11978139.382	6287.282	2436	1337	106.587	3146.324	NaN
526	0526-1346	212647.929	636.200	987	1339	139.086	448.718	NaN
527	0527-1364	470496.384	1334.273	466	1345	114.102	571.694	NaN
528	0528-1434	18912310.980	6841.654	1439	1405	161.141	4375.549	NaN
529	0529-1397	3875945.102	3784.224	1613	1352	128.811	1589.221	NaN
530	0530-1363	208538.790	693.375	1905	1373	56.310	480.769	NaN
531	0531-1396	2895915.516	2862.450	2328	1358	124.046	1335.578	NaN
532	0532-1403	5400435.569	3644.274	519	1359	129.289	2461.866	NaN
533	0533-1454	16011259.040	6538.462	2233	1361	118.072	3728.442	NaN
534	0534-1400	3209237.344	2482.889	244	1369	129.237	1967.661	NaN
535	0535-1383	452005.260	1192.807	2490	1368	120.700	650.486	NaN
536	0536-1440	15678418.803	7424.906	928	1375	153.324	3196.222	NaN
537	0537-1440	15089784.681	4950.860	1743	1381	131.326	4230.769	NaN
538	0538-1395	401668.310	1166.684	2547	1412	69.075	473.014	NaN
539	0539-1415	3112672.584	3096.393	173	1387	143.842	1638.568	NaN
540	0540-1383	72937.212	385.949	2519	1388	48.366	256.410	NaN
541	0541-1454	13280736.358	5671.628	1878	1384	129.267	3576.882	NaN
542	0542-1387	50336.949	317.292	1729	1384	135.000	224.359	NaN
543	0543-1415	2291872.124	2295.194	1196	1388	144.090	1659.425	NaN
544	0544-1412	1684746.877	2038.472	870	1429	16.440	1247.163	NaN
545	0545-1394	84237.344	435.945	2522	1400	53.973	256.410	NaN
546	0546-1442	4239603.879	3226.372	2086	1393	103.208	2067.904	NaN
547	0547-1518	30115877.712	8093.250	475	1397	104.917	6414.243	NaN
548	0548-1472	11278558.514	4910.650	125	1401	111.038	3273.768	NaN
549	0549-1410	176692.965	705.856	2562	1418	39.472	471.433	NaN
550	0550-1427	939965.483	1419.695	816	1408	118.301	935.052	NaN
551	0551-1414	50336.949	317.292	1419	1411	135.000	224.359	NaN
552	0552-1418	50336.949	317.292	2033	1415	135.000	224.359	NaN
553	0553-1444	1719674.556	2001.089	2523	1419	121.908	1250.113	NaN
554	0554-1422	100673.899	453.274	1288	1417	135.000	320.513	NaN
555	0555-1431	88346.483	435.945	250	1435	36.027	256.410	NaN
556	0556-1436	89373.767	431.206	2567	1441	41.987	288.462	NaN
557	0557-1466	3415721.565	3013.502	913	1447	156.161	1628.391	NaN
558	0558-1492	7947074.293	3753.149	1299	1434	97.853	3120.719	NaN
559	0559-1453	631780.079	1319.953	1422	1435	119.055	722.123	NaN
560	0560-1471	3344838.922	2764.969	1349	1446	145.389	2052.822	NaN
561	0561-1465	2691485.865	3589.887	608	1445	156.869	1141.882	NaN
562	0562-1532	17713469.757	6173.929	853	1441	113.238	4656.124	NaN
563	0563-1472	2777777.778	2347.633	268	1445	128.904	1585.959	NaN
564	0564-1485	2440828.402	3723.747	2369	1450	138.489	1037.798	NaN
565	0565-1471	1896367.521	2458.147	2568	1442	129.710	1344.971	NaN
566	0566-1452	166420.118	641.026	1230	1444	126.870	415.556	NaN
567	0567-1457	286612.426	978.483	1708	1444	121.608	420.854	NaN
568	0568-1469	611234.385	1321.508	2057	1449	104.036	628.401	NaN
569	0569-1492	3390039.448	3719.330	1458	1450	132.905	1407.463	NaN
570	0570-1474	1345742.932	1647.448	1658	1458	142.907	1244.323	NaN
571	0571-1512	5465154.504	3652.299	73	1568	79.380	2251.451	NaN
572	0572-1515	3405448.718	2719.641	2358	1557	81.870	1817.510	NaN
573	0573-1528	6462647.929	3677.108	188	1559	14.642	2907.038	NaN
574	0574-1499	1219386.917	1802.012	2006	1520	51.499	948.362	NaN
575	0575-1481	70882.643	385.949	613	1486	48.366	256.410	NaN
576	0576-1527	3424967.127	3187.935	2519	1478	99.841	1580.151	NaN
577	0577-1569	15443170.611	6744.872	1148	1488	131.340	3061.700	NaN
578	0578-1488	79100.920	407.946	16	1493	45.000	288.462	NaN
579	0579-1500	565006.575	934.447	793	1504	22.166	835.606	NaN
580	0580-1523	4345414.201	3042.847	590	1546	23.595	2175.249	NaN
581	0581-1494	50336.949	317.292	2559	1491	135.000	224.359	NaN
582	0582-1522	2662721.893	2229.811	1599	1514	161.565	1816.006	NaN
583	0583-1522	2706895.135	2523.110	976	1508	154.411	1518.630	NaN
584	0584-1506	372904.339	1110.752	1733	1494	133.831	509.944	NaN
585	0585-1525	2938034.188	2956.025	314	1530	9.360	1774.241	NaN
586	0586-1519	1450525.970	1967.959	739	1501	149.676	1144.837	NaN
587	0587-1557	5627465.483	4003.460	1685	1618	75.630	2356.367	NaN
588	0588-1512	546515.450	1066.879	1864	1498	122.735	829.713	NaN
589	0589-1575	10458785.339	4910.545	2560	1652	87.007	3067.416	NaN
590	0590-1521	1141313.281	1407.340	2075	1503	120.069	1185.897	NaN
591	0591-1521	1028311.966	1328.099	1424	1529	19.747	1070.746	NaN
592	0592-1512	50336.949	317.292	2038	1509	135.000	224.359	NaN
593	0593-1544	3440376.397	2687.916	1330	1564	30.847	1790.431	NaN
594	0594-1586	12803048.981	5769.676	1060	1546	147.016	3153.057	NaN
595	0595-1567	5017258.383	3680.877	697	1512	106.699	2054.670	NaN
596	0596-1565	3686924.721	3013.502	950	1522	128.089	2084.740	NaN
597	0597-1545	1928213.346	2067.246	1784	1533	7.125	1498.918	NaN
598	0598-1588	5400435.569	4014.479	1743	1529	109.592	2658.892	NaN
599	0599-1566	2553829.717	2464.825	2040	1529	102.771	1685.009	NaN
600	0600-1581	5682938.856	3380.613	2420	1529	95.440	2445.166	NaN
601	0601-1539	209566.075	711.654	1466	1548	54.162	480.769	NaN
602	0602-1571	5582264.957	3343.488	1910	1542	150.732	2583.082	NaN
603	0603-1555	1338551.940	2381.520	1562	1539	151.020	900.887	NaN
604	0604-1564	2980152.860	2232.574	2181	1543	140.826	1851.651	NaN
605	0605-1541	70882.643	385.949	2111	1545	41.634	256.410	NaN
606	0606-1582	2891806.377	3116.894	2473	1540	120.256	1315.661	NaN
607	0607-1644	14110782.380	6933.752	1860	1543	109.440	2969.603	NaN
608	0608-1550	149983.563	657.637	307	1543	136.975	378.933	NaN
609	0609-1562	764299.803	1247.120	1490	1545	115.907	1082.022	NaN
610	0610-1548	50336.949	317.292	1770	1545	135.000	224.359	NaN
611	0611-1631	15746219.592	5728.578	1419	1546	106.914	3744.100	NaN
612	0612-1580	3871835.963	2924.229	2085	1565	153.997	1987.179	NaN
613	0613-1610	9029832.347	4981.990	48	1665	40.042	2672.177	NaN
614	0614-1555	79100.920	407.946	1761	1551	135.000	288.462	NaN
615	0615-1623	10622123.603	5246.238	1542	1555	125.049	3344.177	NaN
616	0616-1559	64718.935	362.619	302	1563	45.000	256.410	NaN
617	0617-1603	7740590.072	3629.020	2256	1567	144.345	3076.923	NaN
618	0618-1611	10503985.865	4999.178	586	1559	139.160	3251.396	NaN
619	0619-1580	1562500.000	1849.001	750	1556	123.690	1314.493	NaN
620	0620-1571	388313.609	1032.131	304	1566	154.231	562.972	NaN
621	0621-1575	147928.994	560.668	282	1579	30.964	352.564	NaN
622	0622-1612	2750041.091	2560.294	1311	1577	124.287	1618.810	NaN
623	0623-1653	13397846.811	5283.020	186	1585	121.858	3595.172	NaN
624	0624-1583	57527.942	340.710	362	1580	138.814	224.359	NaN
625	0625-1585	50336.949	317.292	1630	1582	135.000	224.359	NaN
626	0626-1592	339003.945	903.141	1785	1584	152.526	512.821	NaN
627	0627-1614	1107412.886	1906.445	1515	1588	116.996	961.538	NaN
628	0628-1667	14088182.117	6619.191	280	1598	136.177	3154.036	NaN
629	0629-1685	12484590.730	6252.301	1029	1597	114.857	2944.233	NaN
630	0630-1608	218811.637	841.308	2371	1618	49.635	447.882	NaN
631	0631-1693	17856262.327	6866.234	2081	1600	121.835	3896.755	NaN
632	0632-1623	567061.144	1197.535	1795	1605	105.524	673.077	NaN
633	0633-1698	18256903.353	6128.420	1972	1790	74.219	4372.233	NaN
634	0634-1625	1085839.908	1391.557	2196	1608	141.546	1153.846	NaN
635	0635-1617	195184.089	817.151	1654	1608	131.820	399.113	NaN
636	0636-1639	2054569.362	3041.496	415	1609	151.004	1485.556	NaN
637	0637-1613	87319.198	435.945	2140	1617	36.027	256.410	NaN
638	0638-1661	4530325.444	3420.039	2640	1609	100.257	2015.249	NaN
639	0639-1614	50336.949	317.292	2397	1611	135.000	224.359	NaN
640	0640-1698	16511546.680	6251.890	717	1664	151.858	3999.162	NaN
641	0641-1631	268121.302	803.842	2365	1620	113.499	512.821	NaN
642	0642-1710	18306213.018	7391.070	887	1640	139.749	3570.986	NaN
643	0643-1639	751972.387	1292.028	2384	1621	113.385	906.547	NaN
644	0644-1628	76019.066	410.457	2469	1624	141.340	256.410	NaN
645	0645-1648	731426.693	1478.881	1812	1668	60.101	820.836	NaN
646	0646-1638	50336.949	317.292	483	1635	135.000	224.359	NaN
647	0647-1727	12468154.175	6150.005	2452	1812	64.370	2878.641	NaN
648	0648-1654	256821.170	1026.142	2279	1644	141.340	480.535	NaN
649	0649-1686	3069526.627	2635.231	2434	1727	71.565	1761.134	NaN
650	0650-1725	14148791.913	5403.375	2216	1654	120.672	3373.313	NaN
651	0651-1740	17022107.166	6095.645	1332	1662	118.586	3980.986	NaN
652	0652-1662	332840.237	853.431	1664	1672	34.287	608.130	NaN
653	0653-1658	108892.176	489.242	1724	1655	148.392	288.462	NaN
654	0654-1722	8089866.864	4941.825	2333	1657	120.390	2231.784	NaN
655	0655-1732	17523422.091	6373.130	462	1680	140.305	4118.441	NaN
656	0656-1672	694444.444	1211.606	1281	1664	142.524	932.829	NaN
657	0657-1742	11126520.381	5676.788	1751	1659	107.412	3766.725	NaN
658	0658-1679	1200895.792	1610.557	1202	1667	137.420	1110.520	NaN
659	0659-1690	1601536.818	2254.096	1139	1659	119.846	1197.554	NaN
660	0660-1743	14073800.131	5412.493	2564	1826	79.422	3487.576	NaN
661	0661-1694	2883588.100	2757.156	76	1680	162.408	1744.220	NaN
662	0662-1710	1701183.432	3116.894	1841	1668	120.256	896.780	NaN
663	0663-1733	13131780.079	7246.851	596	1674	147.645	2772.796	NaN
664	0664-1679	64718.935	362.619	1728	1675	135.000	256.410	NaN
665	0665-1710	2021696.252	2590.013	1256	1680	130.986	1192.308	NaN
666	0666-1763	11437787.640	5100.184	308	1686	103.076	3298.050	NaN
667	0667-1723	4501561.473	4002.819	10	1696	155.898	2160.158	NaN
668	0668-1693	132519.724	545.814	1299	1699	40.236	352.564	NaN
669	0669-1720	2780859.632	2554.469	1483	1734	17.526	1529.668	NaN
670	0670-1707	371877.055	989.445	1739	1721	65.095	608.974	NaN
671	0671-1705	239357.331	737.876	1195	1699	145.620	477.719	NaN
672	0672-1792	14152901.052	7303.333	173	1705	128.228	2728.625	NaN
673	0673-1778	12023339.908	5965.759	1588	1702	124.715	3088.253	NaN
674	0674-1757	2665803.748	3583.442	2319	1707	116.565	1501.146	NaN
675	0675-1711	57527.942	340.710	1720	1708	138.814	224.359	NaN
676	0676-1804	14096400.394	5991.618	1179	1727	120.543	3212.403	NaN
677	0677-1725	98619.329	431.206	1685	1729	41.987	320.513	NaN
678	0678-1761	3008916.831	3013.843	909	1722	122.845	1654.449	NaN
679	0679-1788	5342907.627	3393.957	1518	1753	129.251	2445.682	NaN
680	0680-1750	108892.176	500.657	1713	1745	140.194	320.513	NaN
681	0681-1750	71909.928	391.236	150	1747	145.008	224.359	NaN
682	0682-1787	4412187.705	3199.033	420	1758	142.326	2075.725	NaN
683	0683-1767	788954.635	1380.811	1155	1747	111.801	929.487	NaN
684	0684-1752	69855.358	385.949	41	1748	138.366	256.410	NaN
685	0685-1789	5305925.378	3604.166	633	1749	133.919	2274.166	NaN
686	0686-1782	1751520.381	2487.849	1288	1753	128.199	1059.344	NaN
687	0687-1752	57527.942	340.710	1906	1749	138.814	224.359	NaN
688	0688-1755	57527.942	340.710	1735	1751	131.186	224.359	NaN
689	0689-1756	79100.920	410.457	72	1760	38.660	256.410	NaN
690	0690-1757	127383.300	521.757	1472	1752	137.490	352.564	NaN
691	0691-1839	18765409.270	7795.317	22	1771	142.518	4303.863	NaN
692	0692-1766	90401.052	431.206	1486	1771	48.013	288.462	NaN
693	0693-1793	2811678.172	2721.341	1854	1822	32.005	1806.063	NaN
694	0694-1800	1594345.825	2028.368	1708	1770	121.430	1361.708	NaN
695	0695-1808	2143943.130	2554.871	815	1771	109.799	1516.511	NaN
696	0696-1780	64718.935	365.441	2097	1776	127.875	224.359	NaN
697	0697-1796	439677.844	924.500	1101	1784	123.690	737.179	NaN
698	0698-1828	5234015.450	3715.876	876	1789	145.899	1973.230	NaN
699	0699-1835	3499958.909	3410.262	1128	1791	126.978	1504.129	NaN
700	0700-1797	107864.892	455.534	2192	1793	140.711	320.513	NaN
701	0701-1884	21115836.621	6155.932	1469	1796	110.416	5030.647	NaN
702	0702-1840	5957223.866	3723.747	2090	1799	138.489	2476.719	NaN
703	0703-1832	2632930.638	2660.449	978	1797	121.201	1615.553	NaN
704	0704-1871	9917406.312	4666.737	1065	1800	105.945	3005.820	NaN
705	0705-1805	159229.126	604.742	2391	1800	147.995	352.564	NaN
706	0706-1858	8622000.329	4381.189	1991	1810	138.262	2995.562	NaN
707	0707-1853	9461291.913	5676.788	635	1830	162.588	2931.617	NaN
708	0708-1812	63691.650	362.619	1935	1808	135.000	256.410	NaN
709	0709-1816	285585.141	875.417	2405	1812	156.251	461.155	NaN
710	0710-1815	86291.913	417.898	801	1811	147.529	256.410	NaN
711	0711-1819	88346.483	435.945	2230	1815	143.973	256.410	NaN
712	0712-1846	2129561.144	2071.713	1952	1816	124.919	1602.564	NaN
713	0713-1852	2866124.260	3180.999	554	1822	139.086	1608.783	NaN
714	0714-1823	64718.935	362.619	2337	1819	135.000	256.410	NaN
715	0715-1884	10039653.189	4310.272	330	1877	159.544	3645.551	NaN
716	0716-1828	72937.212	385.949	1807	1832	41.634	256.410	NaN
717	0717-1829	63691.650	362.619	2618	1833	45.000	256.410	NaN
718	0718-1843	752999.671	1220.476	1306	1826	113.199	897.436	NaN
719	0719-1911	13669049.967	5670.541	2311	1996	73.921	3325.251	NaN
720	0720-1831	126356.016	604.742	2502	1836	32.005	312.880	NaN
721	0721-1838	302021.696	911.069	1906	1849	50.711	530.349	NaN
722	0722-1908	17957963.511	7576.926	455	1845	143.082	3643.125	NaN
723	0723-1857	1545036.160	1952.762	2207	1829	113.199	1153.846	NaN
724	0724-1886	4493343.195	3702.582	2255	1831	106.082	1992.741	NaN
725	0725-1833	50336.949	317.292	2524	1830	135.000	224.359	NaN
726	0726-1835	50336.949	317.292	1930	1832	135.000	224.359	NaN
727	0727-1835	50336.949	317.292	2397	1832	135.000	224.359	NaN
728	0728-1838	92455.621	500.657	2580	1844	50.194	307.818	NaN
729	0729-1837	57527.942	340.710	1399	1833	131.186	224.359	NaN
730	0730-1840	57527.942	340.710	1616	1836	131.186	224.359	NaN
731	0731-1871	1422789.283	2489.293	1341	1838	124.509	886.208	NaN
732	0732-1851	416050.296	1156.070	2510	1864	43.877	730.769	NaN
733	0733-1844	96564.760	453.274	1627	1839	135.000	320.513	NaN
734	0734-1935	9310281.065	6135.958	2632	2031	86.106	2443.421	NaN
735	0735-1914	5173405.654	4707.503	1868	1841	96.254	1902.616	NaN
736	0736-1854	513642.341	1091.627	2423	1867	49.764	819.808	NaN
737	0737-1855	384204.471	934.447	1385	1869	67.834	534.460	NaN
738	0738-1858	612261.670	1307.834	1915	1875	53.973	821.857	NaN
739	0739-1880	1829594.017	2544.194	1407	1843	109.120	1112.720	NaN
740	0740-1939	18559952.334	6788.897	1713	1867	127.519	4016.609	NaN
741	0741-1846	57527.942	340.710	2096	1843	138.814	224.359	NaN
742	0742-1848	57527.942	340.710	87	1844	131.186	224.359	NaN
743	0743-1918	8302514.793	4829.651	2448	1992	74.211	2401.041	NaN
744	0744-1851	50336.949	317.292	1816	1848	135.000	224.359	NaN
745	0745-1925	12519518.409	5979.519	835	1857	130.435	3150.269	NaN
746	0746-1915	6911571.335	4205.685	2520	1979	75.434	2533.876	NaN
747	0747-1939	14473413.872	6525.329	55	1871	139.582	3135.004	NaN
748	0748-1868	111974.030	500.657	332	1874	50.194	352.564	NaN
749	0749-1872	202375.082	827.147	1632	1864	144.462	461.385	NaN
750	0750-1868	72937.212	385.949	1941	1864	131.634	256.410	NaN
751	0751-1926	7585470.085	4202.020	1310	1865	111.477	2950.463	NaN
752	0752-1894	1908694.938	2313.472	964	1869	137.246	1227.108	NaN
753	0753-1900	2772641.354	2534.484	252	1867	122.082	1668.313	NaN
754	0754-1873	98619.329	455.534	1616	1868	129.289	288.462	NaN
755	0755-1891	1407380.013	1715.867	2171	1914	57.200	1282.051	NaN
756	0756-1875	88346.483	410.457	1929	1872	141.340	288.462	NaN
757	0757-1894	726290.270	1430.866	2420	1916	74.407	695.608	NaN
758	0758-1877	50336.949	317.292	1389	1874	135.000	224.359	NaN
759	0759-1880	57527.942	340.710	1629	1876	131.186	224.359	NaN
760	0760-1908	3279092.702	2493.417	1189	1896	162.031	1840.644	NaN
761	0761-1890	144847.140	645.020	1619	1881	116.565	441.480	NaN
762	0762-1889	87319.198	417.898	1649	1886	147.529	256.410	NaN
763	0763-1915	2855851.414	2544.799	1955	1885	130.914	1716.490	NaN
764	0764-1965	15508916.831	5910.312	641	1890	143.379	4328.452	NaN
765	0765-1910	680062.459	1523.701	1914	1932	67.751	769.231	NaN
766	0766-1893	96564.760	435.945	2127	1888	126.027	288.462	NaN
767	0767-1900	242439.185	874.830	2143	1888	118.443	433.567	NaN
768	0768-1913	709853.715	1679.255	820	1889	113.629	739.344	NaN
769	0769-1925	1511135.766	2234.643	805	1891	98.246	1368.908	NaN
770	0770-1927	1837812.295	2053.785	322	1898	112.964	1315.587	NaN
771	0771-1932	2479865.220	2482.889	1654	1908	140.763	1863.390	NaN
772	0772-1927	1472098.948	1956.966	2109	1901	121.608	1141.026	NaN
773	0773-1905	71909.928	391.236	1274	1902	145.008	224.359	NaN
774	0774-1930	1071457.922	1818.186	2221	1908	139.289	1019.866	NaN
775	0775-1946	3228755.753	2702.210	1108	1962	22.306	1959.835	NaN
776	0776-1933	536242.604	1519.988	1030	1917	137.564	566.592	NaN
777	0777-1974	6570512.821	3812.890	1593	2031	73.393	2476.303	NaN
778	0778-1927	108892.176	480.769	1859	1933	53.130	320.513	NaN
779	0779-1935	536242.604	1263.081	2060	1925	144.293	745.356	NaN
780	0780-1927	57527.942	340.710	1948	1923	131.186	224.359	NaN
781	0781-1948	1653928.337	2243.590	2169	1926	143.130	1150.499	NaN
782	0782-1956	1541954.306	2404.060	1393	1929	132.839	1068.212	NaN
783	0783-2005	14700443.787	5544.964	220	1936	143.461	4028.215	NaN
784	0784-1935	57527.942	340.710	1654	1932	138.814	224.359	NaN
785	0785-2018	16522846.811	5771.456	1860	2066	35.279	4260.831	NaN
786	0786-1956	1448471.400	1609.281	2031	1938	135.807	1269.166	NaN
787	0787-1939	96564.760	453.274	858	1934	135.000	320.513	NaN
788	0788-2024	26014957.265	8732.666	412	1961	155.034	4613.657	NaN
789	0789-1987	6121589.415	3283.966	1001	1939	108.789	2775.700	NaN
790	0790-1942	50336.949	317.292	1372	1939	135.000	224.359	NaN
791	0791-1956	247575.608	774.554	841	1945	114.444	416.667	NaN
792	0792-1948	50336.949	317.292	1386	1945	135.000	224.359	NaN
793	0793-1955	196211.374	679.910	867	1947	135.000	451.412	NaN
794	0794-1958	330785.667	880.098	2255	1970	56.889	626.487	NaN
795	0795-1990	1984714.004	2778.312	369	1948	101.310	1050.698	NaN
796	0796-1956	280448.718	890.541	1236	1962	30.256	466.415	NaN
797	0797-1986	2544584.155	2578.485	2545	2019	55.125	1576.715	NaN
798	0798-1960	118137.738	525.680	1225	1954	127.569	320.513	NaN
799	0799-2001	10065335.306	5192.802	2079	1985	165.706	2567.857	NaN
800	0800-1991	2458292.242	2314.138	1244	1979	143.448	1586.458	NaN
801	0801-1984	792036.489	1647.448	1660	2005	52.907	861.220	NaN
802	0802-1999	3668433.596	2533.876	2391	1964	124.695	2243.590	NaN
803	0803-1981	970784.024	1734.623	830	1978	163.909	846.648	NaN
804	0804-1978	164365.549	679.910	1173	1986	45.000	389.362	NaN
805	0805-2002	1831648.586	2069.232	1384	1971	106.189	1244.639	NaN
806	0806-1988	506451.348	1166.684	2498	1971	105.945	576.923	NaN
807	0807-2059	15837647.929	6494.637	36	2001	138.601	3394.363	NaN
808	0808-1984	153065.417	590.996	1207	1978	139.399	384.615	NaN
809	0809-1992	265039.448	1051.360	1717	1979	127.569	481.822	NaN
810	0810-2061	12417817.226	6938.788	1096	1981	133.128	2893.141	NaN
811	0811-1988	92455.621	462.250	2520	1994	56.310	256.410	NaN
812	0812-2008	1452580.539	1613.106	2036	2031	69.044	1250.000	NaN
813	0813-2070	11785009.862	5392.718	1456	1998	114.585	3563.418	NaN
814	0814-1998	208538.790	659.976	404	1989	119.055	416.667	NaN
815	0815-1993	70882.643	385.949	2241	1998	48.366	256.410	NaN
816	0816-1998	124301.446	596.188	795	2006	53.746	318.862	NaN
817	0817-2019	936883.629	1696.297	1317	1995	112.203	875.376	NaN
818	0818-2002	199293.228	645.020	2464	2006	26.565	416.267	NaN
819	0819-2012	834155.161	1791.721	852	2002	153.435	688.021	NaN
820	0820-2018	812582.183	1641.827	1345	1998	128.660	797.538	NaN
821	0821-2022	1165968.113	1751.420	1697	2001	124.563	1053.464	NaN
822	0822-2014	619452.663	1111.214	2339	2029	56.768	833.333	NaN
823	0823-2048	3338675.214	4102.689	1216	2003	143.578	1976.410	NaN
824	0824-2009	241411.900	747.558	2279	2016	30.964	442.434	NaN
825	0825-2022	1149531.558	1501.287	1059	2026	163.887	1219.808	NaN
826	0826-2011	50336.949	317.292	409	2008	135.000	224.359	NaN
827	0827-2016	88346.483	462.250	507	2022	56.310	256.410	NaN
828	0828-2057	5692184.418	3172.429	2568	2104	71.748	2627.924	NaN
829	0829-2030	1403270.874	1677.112	1745	2048	45.000	1218.555	NaN
830	0830-2069	13466674.885	5292.636	749	2102	16.899	3491.882	NaN
831	0831-2031	1300542.406	2337.987	919	2014	151.327	842.382	NaN
832	0832-2042	1801857.331	1995.691	1632	2060	29.859	1468.881	NaN
833	0833-2051	2412064.431	2107.844	2513	2084	81.254	1666.667	NaN
834	0834-2026	78073.636	410.457	1559	2021	128.660	256.410	NaN
835	0835-2028	82182.774	407.946	2483	2024	135.000	288.462	NaN
836	0836-2044	863946.417	1436.598	672	2027	128.660	989.030	NaN
837	0837-2057	2039160.092	2523.924	2438	2034	139.635	1509.320	NaN
838	0838-2046	510560.487	1102.862	2285	2061	54.462	802.025	NaN
839	0839-2036	50336.949	317.292	1613	2033	135.000	224.359	NaN
840	0840-2040	57527.942	340.710	2423	2036	131.186	224.359	NaN
841	0841-2042	91428.337	476.477	201	2037	132.274	320.513	NaN
842	0842-2081	4039283.366	3919.441	401	2042	140.974	1528.373	NaN
843	0843-2077	3343811.637	2671.624	2230	2113	59.744	1773.162	NaN
844	0844-2042	64718.935	365.441	2405	2039	142.125	224.359	NaN
845	0845-2055	305103.550	962.073	1567	2042	119.982	478.988	NaN
846	0846-2047	156147.272	560.668	1589	2043	149.036	352.564	NaN
847	0847-2065	1191650.230	1737.286	1668	2070	29.876	1325.227	NaN
848	0848-2095	14733316.897	6682.827	1999	2095	6.886	3380.873	NaN
849	0849-2120	14990138.067	6007.970	1725	2061	133.487	3881.538	NaN
850	0850-2050	120192.308	525.680	1392	2057	52.431	320.513	NaN
851	0851-2064	893737.673	1532.105	1000	2045	127.349	1083.053	NaN
852	0852-2058	642052.926	1272.400	1333	2071	40.914	857.159	NaN
853	0853-2051	50336.949	317.292	1406	2048	135.000	224.359	NaN
854	0854-2107	4273504.274	3646.106	2381	2053	104.769	1670.769	NaN
855	0855-2079	1921022.354	2023.297	925	2056	139.497	1450.475	NaN
856	0856-2067	765327.087	1358.309	1058	2074	19.290	819.648	NaN
857	0857-2101	5600756.082	3177.121	2294	2142	59.036	2598.930	NaN
858	0858-2064	507478.632	1378.578	342	2060	162.408	608.037	NaN
859	0859-2059	65746.220	362.619	2351	2055	135.000	256.410	NaN
860	0860-2062	71909.928	365.441	1373	2058	127.875	256.410	NaN
861	0861-2070	445841.552	1001.314	210	2081	39.806	705.128	NaN
862	0862-2069	57527.942	340.710	1394	2065	131.186	224.359	NaN
863	0863-2075	177720.250	596.188	1047	2068	126.254	448.718	NaN
864	0864-2074	115055.884	545.814	1355	2080	40.236	351.792	NaN
865	0865-2082	718071.992	1329.645	697	2080	164.624	801.282	NaN
866	0866-2133	7903928.337	3928.734	2413	2184	41.362	2732.489	NaN
867	0867-2136	12594510.191	5411.354	1597	2082	141.976	3661.001	NaN
868	0868-2138	4361850.756	4349.183	1425	2080	119.588	1908.791	NaN
869	0869-2139	32445759.369	14050.055	207	2103	169.485	3814.103	NaN
870	0870-2134	3580087.114	3876.615	1123	2083	122.508	1603.318	NaN
871	0871-2097	896819.527	1827.204	1315	2110	21.615	836.558	NaN
872	0872-2122	2449046.680	2613.506	1850	2088	123.495	1302.369	NaN
873	0873-2140	4970003.287	3652.299	1368	2108	132.510	1918.042	NaN
874	0874-2102	440705.128	956.182	1567	2092	129.560	641.026	NaN
875	0875-2098	71909.928	385.949	1100	2102	41.634	256.410	NaN
876	0876-2146	4500534.188	3517.035	2500	2198	71.400	1929.565	NaN
877	0877-2136	3608851.085	2608.785	2625	2099	116.250	2083.333	NaN
878	0878-2149	6824252.137	5590.629	995	2109	152.700	1965.020	NaN
879	0879-2109	189020.381	737.876	650	2119	55.620	416.667	NaN
880	0880-2105	80128.205	407.946	1294	2110	45.000	288.462	NaN
881	0881-2113	1039612.097	2039.731	684	2112	8.130	737.179	NaN
882	0882-2113	153065.417	615.685	1277	2119	38.660	379.382	NaN
883	0883-2123	619452.663	1067.361	1911	2112	131.348	897.436	NaN
884	0884-2152	3579059.829	3862.412	2123	2191	40.962	1440.415	NaN
885	0885-2130	520833.333	1196.677	1549	2148	69.624	635.491	NaN
886	0886-2142	1321088.100	1811.394	2558	2115	103.299	1051.595	NaN
887	0887-2141	1143367.850	1937.181	94	2119	141.044	936.494	NaN
888	0888-2120	71909.928	385.949	2325	2124	41.634	256.410	NaN
889	0889-2136	1020093.688	1427.992	924	2149	45.909	1217.949	NaN
890	0890-2128	204429.652	793.552	1118	2119	133.363	393.960	NaN
891	0891-2160	4169748.521	2770.907	1924	2154	150.173	2425.422	NaN
892	0892-2161	7775517.751	4790.568	648	2135	155.493	2427.071	NaN
893	0893-2160	5472345.496	4255.585	1279	2143	157.878	1999.800	NaN
894	0894-2161	7863864.234	4547.782	779	2143	166.551	2391.188	NaN
895	0895-2159	1952868.179	1951.183	2017	2130	104.265	1419.043	NaN
896	0896-2166	5592537.804	4406.439	959	2172	169.099	2115.385	NaN
897	0897-2137	50336.949	317.292	2268	2134	135.000	224.359	NaN
898	0898-2166	2224071.335	2833.051	2174	2197	44.542	1324.226	NaN
899	0899-2140	63691.650	362.619	1256	2144	45.000	256.410	NaN
900	0900-2169	3247246.877	2655.618	2228	2197	29.659	1858.974	NaN
901	0901-2172	3303747.535	2764.969	135	2198	34.611	1713.725	NaN
902	0902-2173	2539447.732	2665.657	2035	2191	18.217	1602.564	NaN
903	0903-2154	121219.592	604.742	1239	2159	32.005	334.472	NaN
904	0904-2175	1990877.712	2160.789	1565	2161	147.724	1474.359	NaN
905	0905-2160	50336.949	317.292	2374	2157	135.000	224.359	NaN
906	0906-2162	50336.949	317.292	2365	2159	135.000	224.359	NaN
907	0907-2179	1076594.346	1442.308	1526	2162	126.870	1217.949	NaN
908	0908-2179	1320060.815	1734.623	2308	2196	27.512	1217.185	NaN
909	0909-2168	71909.928	365.441	934	2164	142.125	256.410	NaN
910	0910-2182	1465935.240	2059.529	1868	2175	159.027	993.590	NaN
911	0911-2185	1363206.772	2281.952	2572	2197	10.521	833.333	NaN
912	0912-2186	682117.028	1319.953	1278	2176	150.945	778.031	NaN
913	0913-2186	902983.235	1553.413	1224	2180	158.199	801.282	NaN
914	0914-2186	729372.124	1453.659	2358	2197	14.036	737.179	NaN
915	0915-2186	50336.949	317.292	2003	2183	135.000	224.359	NaN
916	0916-2188	57527.942	340.710	898	2184	131.186	224.359	NaN
917	0917-2189	92455.621	431.206	1741	2185	138.013	288.462	NaN
918	0918-2194	71909.928	365.441	949	2191	142.125	256.410	NaN
