 	Label	Area	Feret	FeretX	FeretY	FeretAngle	MinFeret	Perinuclei
1	0001-0016	343113.083	1049.894	1797	30	58.736	673.105	NaN
2	0002-0009	91428.337	462.250	1548	3	123.690	256.410	NaN
3	0003-0010	106837.607	506.775	1202	4	124.695	288.462	NaN
4	0004-0009	90401.052	455.534	1824	14	39.289	288.462	NaN
5	0005-0015	185938.527	612.339	1749	9	132.879	448.718	NaN
6	0006-0015	120192.308	545.814	1079	10	139.764	344.010	NaN
7	0007-0034	1478262.656	1917.995	1798	35	170.380	1217.949	NaN
8	0008-0036	524942.472	1093.977	1466	44	31.827	833.333	NaN
9	0009-0057	1690910.585	2379.794	1741	91	64.470	1471.206	NaN
10	0010-0049	1965195.595	2023.297	1966	24	130.503	1575.772	NaN
11	0011-0116	26585100.263	7388.498	637	28	135.352	5339.270	NaN
12	0012-0039	259903.024	934.447	1239	26	112.166	434.896	NaN
13	0013-0037	236275.477	831.482	1655	49	62.447	416.667	NaN
14	0014-0030	71909.928	385.949	1751	26	138.366	256.410	NaN
15	0015-0061	1817266.601	2333.369	1895	27	110.925	1594.929	NaN
16	0016-0059	2036078.238	2011.840	2088	32	120.651	1696.945	NaN
17	0017-0036	72937.212	385.949	556	32	131.634	256.410	NaN
18	0018-0078	2667858.317	2906.965	1385	38	124.216	1525.302	NaN
19	0019-0057	307158.120	1075.033	1056	42	116.565	493.997	NaN
20	0020-0059	264012.163	764.542	1445	68	56.976	474.228	NaN
21	0021-0053	124301.446	506.775	2153	58	34.695	320.513	NaN
22	0022-0058	173611.111	616.519	1656	51	152.103	446.290	NaN
23	0023-0096	3427021.696	3340.875	1084	52	130.721	1659.932	NaN
24	0024-0073	967702.170	1256.966	1026	92	70.641	1159.179	NaN
25	0025-0068	439677.844	1105.188	544	57	150.461	735.749	NaN
26	0026-0059	50336.949	317.292	1785	56	135.000	224.359	NaN
27	0027-0067	182856.673	730.882	1634	76	52.125	408.914	NaN
28	0028-0062	76019.066	410.457	1827	66	38.660	256.410	NaN
29	0029-0135	8642546.022	4922.246	2029	61	105.484	2964.548	NaN
30	0030-0066	50336.949	317.292	956	63	135.000	224.359	NaN
31	0031-0073	266066.732	1026.142	1864	63	141.340	488.918	NaN
32	0032-0088	2069978.632	2040.235	2391	113	46.273	1602.564	NaN
33	0033-0087	874219.264	1547.118	586	64	103.173	737.179	NaN
34	0034-0103	3007889.546	2764.969	2326	66	124.611	1716.705	NaN
35	0035-0078	405777.449	931.695	1762	87	26.565	627.593	NaN
36	0036-0073	50336.949	317.292	984	70	135.000	224.359	NaN
37	0037-0076	111974.030	500.657	1567	71	140.194	352.564	NaN
38	0038-0157	9887615.056	7248.481	942	72	130.876	2225.313	NaN
39	0039-0075	57527.942	340.710	1480	72	138.814	224.359	NaN
40	0040-0085	563979.290	1233.037	1633	90	27.897	769.584	NaN
41	0041-0141	7010190.664	4531.489	2530	74	107.281	2410.468	NaN
42	0042-0083	138683.432	588.383	1453	91	60.642	288.462	NaN
43	0043-0157	8924022.025	5463.122	1466	76	108.116	2629.480	NaN
44	0044-0081	95537.475	453.274	1550	86	45.000	320.513	NaN
45	0045-0082	117110.454	498.601	2362	88	45.000	352.564	NaN
46	0046-0137	8577827.087	4194.679	813	78	128.797	2980.769	NaN
47	0047-0084	93482.906	473.232	1221	78	118.301	224.359	NaN
48	0048-0143	7457059.500	4365.803	1802	89	122.407	2819.866	NaN
49	0049-0106	1659064.760	2221.503	1952	82	136.169	1361.410	NaN
50	0050-0087	64718.935	362.619	979	83	135.000	256.410	NaN
51	0051-0087	71909.928	391.236	1577	84	145.008	224.359	NaN
52	0052-0094	256821.170	782.472	2177	104	55.008	480.769	NaN
53	0053-0092	196211.374	716.688	1551	95	26.565	448.718	NaN
54	0054-0115	930719.921	2029.633	2155	85	105.573	1020.551	NaN
55	0055-0122	1924104.208	2638.737	1053	90	130.073	1355.559	NaN
56	0056-0090	50336.949	317.292	1159	87	135.000	224.359	NaN
57	0057-0120	1678583.169	2078.397	547	89	107.038	1316.543	NaN
58	0058-0106	629725.510	1136.804	2196	123	68.499	787.738	NaN
59	0059-0104	510560.487	1267.951	1197	96	163.856	641.026	NaN
60	0060-0099	114028.600	480.769	2124	94	143.130	320.513	NaN
61	0061-0115	515696.910	1282.051	1668	99	126.870	743.972	NaN
62	0062-0106	125328.731	489.242	1243	100	121.608	320.513	NaN
63	0063-0108	269148.586	1061.086	1601	116	25.017	512.821	NaN
64	0064-0116	398586.456	1179.383	1559	129	47.203	737.822	NaN
65	0065-0111	171556.542	622.323	2584	105	145.491	384.615	NaN
66	0066-0135	1156722.551	1852.608	1171	162	59.886	1152.470	NaN
67	0067-0188	14600797.173	5601.644	1907	110	132.913	4055.795	NaN
68	0068-0114	100673.899	489.242	1658	108	121.608	256.410	NaN
69	0069-0115	79100.920	417.898	1272	110	122.471	224.359	NaN
70	0070-0142	3073635.766	2720.019	2260	122	158.575	1612.985	NaN
71	0071-0128	543433.596	1161.389	909	112	129.401	749.353	NaN
72	0072-0122	179774.819	732.286	1700	112	113.199	343.591	NaN
73	0073-0115	50336.949	317.292	2117	112	135.000	224.359	NaN
74	0074-0117	64718.935	362.619	1224	121	45.000	256.410	NaN
75	0075-0118	64718.935	365.441	1285	114	127.875	224.359	NaN
76	0076-0122	151010.848	685.927	1740	131	52.595	376.685	NaN
77	0077-0129	332840.237	964.206	2231	143	68.552	544.872	NaN
78	0078-0123	64718.935	362.619	2131	127	45.000	256.410	NaN
79	0079-0125	71909.928	385.949	1639	130	48.366	256.410	NaN
80	0080-0132	275312.295	865.978	2179	121	128.991	512.067	NaN
81	0081-0138	741699.540	1404.783	2583	121	152.850	1044.406	NaN
82	0082-0151	1348824.786	2083.333	2437	180	59.490	1154.163	NaN
83	0083-0127	80128.205	410.457	1658	123	141.340	256.410	NaN
84	0084-0169	3107536.160	3102.524	1408	131	123.198	1646.061	NaN
85	0085-0144	703690.007	1233.454	2660	162	65.433	801.282	NaN
86	0086-0131	50336.949	317.292	1756	128	135.000	224.359	NaN
87	0087-0136	126356.016	516.811	1671	129	119.745	320.513	NaN
88	0088-0140	224975.345	808.938	1242	151	56.310	435.582	NaN
89	0089-0175	4685445.431	2930.020	503	217	70.178	2403.846	NaN
90	0090-0176	2997616.700	2882.834	306	221	81.690	1583.138	NaN
91	0091-0160	1960059.172	2134.721	1192	185	48.652	1592.391	NaN
92	0092-0142	167447.403	676.123	583	151	58.570	352.564	NaN
93	0093-0138	57527.942	340.710	1617	134	131.186	224.359	NaN
94	0094-0151	906065.089	1419.695	2389	136	151.699	1121.795	NaN
95	0095-0138	50336.949	317.292	1741	135	135.000	224.359	NaN
96	0096-0141	64718.935	362.619	1274	137	135.000	256.410	NaN
97	0097-0145	208538.790	622.323	1642	137	124.509	512.821	NaN
98	0098-0158	532133.465	1477.491	2489	137	114.341	552.755	NaN
99	0099-0147	178747.535	636.200	1569	155	49.086	448.718	NaN
100	0100-0149	231139.053	657.637	935	158	43.025	512.821	NaN
101	0101-0147	64718.935	362.619	1687	151	45.000	256.410	NaN
102	0102-0147	50336.949	317.292	1700	144	135.000	224.359	NaN
103	0103-0160	358522.354	1161.389	1264	174	50.599	585.541	NaN
104	0104-0163	405777.449	1261.453	2201	181	62.784	581.420	NaN
105	0105-0186	4596071.663	3375.291	1102	165	149.783	2314.491	NaN
106	0106-0166	562952.005	1276.430	913	151	128.884	864.736	NaN
107	0107-0156	104783.037	445.271	2225	154	149.744	288.462	NaN
108	0108-0156	50336.949	317.292	1634	153	135.000	224.359	NaN
109	0109-0208	4598126.233	4023.681	2132	155	120.651	1824.391	NaN
110	0110-0182	1462853.386	1928.411	2354	153	105.422	1089.744	NaN
111	0111-0174	681089.744	1813.661	1740	154	136.432	744.937	NaN
112	0112-0166	563979.290	1001.314	2247	179	39.806	801.282	NaN
113	0113-0189	2349400.066	2416.420	2605	224	68.199	1794.872	NaN
114	0114-0163	103755.753	462.250	1245	157	123.690	288.462	NaN
115	0115-0167	127383.300	500.657	1305	173	50.194	352.564	NaN
116	0116-0176	646162.064	1576.715	1577	188	26.565	770.298	NaN
117	0117-0183	787927.350	1440.526	2212	201	57.724	1025.641	NaN
118	0118-0173	193129.520	720.263	1559	179	32.276	384.615	NaN
119	0119-0173	78073.636	410.457	946	178	51.340	256.410	NaN
120	0120-0172	100673.899	489.242	1181	176	31.608	256.410	NaN
121	0121-0172	50336.949	317.292	595	169	135.000	224.359	NaN
122	0122-0174	50336.949	317.292	2270	171	135.000	224.359	NaN
123	0123-0280	22362960.224	8601.456	960	176	129.860	4546.712	NaN
124	0124-0179	105810.322	462.250	1697	185	56.310	288.462	NaN
125	0125-0180	64718.935	362.619	1671	176	135.000	256.410	NaN
126	0126-0180	100673.899	480.769	2455	185	36.870	288.462	NaN
127	0127-0183	207511.506	660.754	580	177	140.906	416.667	NaN
128	0128-0184	129437.870	489.242	1399	178	121.608	352.564	NaN
129	0129-0234	8100139.711	4672.237	2255	203	149.036	2678.215	NaN
130	0130-0184	64718.935	362.619	1257	180	135.000	256.410	NaN
131	0131-0196	383177.186	1251.643	1695	211	50.194	669.527	NaN
132	0132-0186	90401.052	410.457	2252	181	128.660	288.462	NaN
133	0133-0211	3267792.571	3078.425	631	231	14.470	1822.404	NaN
134	0134-0189	90401.052	431.206	1383	194	48.013	288.462	NaN
135	0135-0188	72937.212	385.949	1567	193	48.366	256.410	NaN
136	0136-0188	50336.949	317.292	1410	185	135.000	224.359	NaN
137	0137-0189	79100.920	410.457	1419	185	141.340	256.410	NaN
138	0138-0247	7931665.023	4355.202	1575	206	137.386	2811.089	NaN
139	0139-0227	3389012.163	3497.557	1242	186	131.285	2004.335	NaN
140	0140-0189	64718.935	365.441	1663	186	142.125	224.359	NaN
141	0141-0191	57527.942	340.710	561	187	131.186	224.359	NaN
142	0142-0194	157174.556	560.668	1348	187	120.964	352.564	NaN
143	0143-0215	2024778.107	2312.140	2394	192	136.123	1398.700	NaN
144	0144-0239	4034146.943	3297.546	2107	289	74.208	2112.516	NaN
145	0145-0218	2487056.213	2675.850	831	239	34.261	1625.083	NaN
146	0146-0200	310239.974	875.417	1830	199	156.251	608.974	NaN
147	0147-0220	814636.752	1748.779	532	245	63.905	1007.828	NaN
148	0148-0199	50336.949	317.292	1473	196	135.000	224.359	NaN
149	0149-0200	79100.920	410.457	1740	204	38.660	256.410	NaN
150	0150-0202	94510.191	435.945	563	199	143.973	288.462	NaN
151	0151-0233	1641600.920	2440.953	1418	198	113.199	1334.107	NaN
152	0152-0201	71909.928	391.236	1787	198	145.008	224.359	NaN
153	0153-0209	295857.988	981.104	2474	220	38.367	590.422	NaN
154	0154-0204	147928.994	577.813	1292	199	146.310	320.513	NaN
155	0155-0208	312294.543	1127.276	576	200	165.174	501.355	NaN
156	0156-0239	2245644.313	2619.984	915	279	75.114	1472.873	NaN
157	0157-0204	64718.935	362.619	1362	200	135.000	256.410	NaN
158	0158-0245	4509779.750	2899.711	773	289	76.578	2362.244	NaN
159	0159-0204	50336.949	317.292	1400	201	135.000	224.359	NaN
160	0160-0209	71909.928	385.949	1385	205	131.634	256.410	NaN
161	0161-0213	81155.490	410.457	1671	218	51.340	256.410	NaN
162	0162-0220	329758.383	860.026	1764	208	116.565	608.974	NaN
163	0163-0216	161283.695	681.420	1274	224	41.186	404.702	NaN
164	0164-0215	82182.774	410.457	1211	210	128.660	256.410	NaN
165	0165-0216	106837.607	543.928	1299	222	45.000	362.619	NaN
166	0166-0223	407832.018	968.988	1693	220	145.784	787.662	NaN
167	0167-0250	3233892.176	2861.374	2491	279	48.633	1864.286	NaN
168	0168-0217	181829.389	737.876	1470	211	145.620	403.500	NaN
169	0169-0218	116083.169	533.440	1742	211	122.735	288.462	NaN
170	0170-0244	2951388.889	2440.953	430	239	156.801	1866.355	NaN
171	0171-0233	736563.116	1269.975	1807	214	100.176	860.819	NaN
172	0172-0246	1898422.091	3031.346	2372	216	146.646	1293.242	NaN
173	0173-0247	2220989.481	2179.723	311	240	160.233	1709.710	NaN
174	0174-0236	466387.245	1246.708	1362	218	107.969	576.923	NaN
175	0175-0279	6328073.636	4055.469	1823	220	109.867	2981.321	NaN
176	0176-0228	228057.199	827.147	1894	235	35.538	450.083	NaN
177	0177-0242	733481.262	1435.168	2214	263	66.297	853.810	NaN
178	0178-0270	1643655.490	2954.982	946	225	102.529	1033.464	NaN
179	0179-0248	949211.045	1581.269	2041	272	72.300	1003.364	NaN
180	0180-0248	2071005.917	2408.116	1099	257	9.964	1378.205	NaN
181	0181-0234	152038.133	545.814	614	241	49.764	416.667	NaN
182	0182-0234	128410.585	521.757	1721	240	47.490	384.615	NaN
183	0183-0240	176692.965	703.670	1915	231	120.069	398.769	NaN
184	0184-0236	50336.949	317.292	1200	233	135.000	224.359	NaN
185	0185-0236	50336.949	317.292	1758	233	135.000	224.359	NaN
186	0186-0242	138683.432	560.668	1182	235	120.964	352.564	NaN
187	0187-0255	1089949.047	1532.105	2243	236	127.349	1068.327	NaN
188	0188-0268	962565.746	2107.844	2590	236	98.746	1018.401	NaN
189	0189-0281	3358193.623	2800.226	697	238	95.254	2002.105	NaN
190	0190-0279	4395751.151	3699.807	496	307	35.480	1910.726	NaN
191	0191-0247	212647.929	711.654	1728	253	35.838	480.769	NaN
192	0192-0247	119165.023	480.769	1496	254	53.130	320.513	NaN
193	0193-0293	5520627.876	3638.915	612	243	121.310	2850.464	NaN
194	0194-0259	506451.348	1204.804	1904	243	118.610	648.928	NaN
195	0195-0256	268121.302	989.964	2563	270	60.945	391.830	NaN
196	0196-0251	134574.293	560.668	1764	256	30.964	320.513	NaN
197	0197-0255	95537.475	453.274	1704	260	45.000	320.513	NaN
198	0198-0266	912228.797	1550.434	828	279	29.745	930.294	NaN
199	0199-0267	634861.933	1502.313	1372	256	146.310	816.714	NaN
200	0200-0261	71909.928	365.441	300	257	127.875	256.410	NaN
201	0201-0352	12766066.732	6940.416	1165	288	132.754	3624.912	NaN
202	0202-0264	148956.279	596.188	1741	257	126.254	364.878	NaN
203	0203-0264	104783.037	453.274	415	269	45.000	320.513	NaN
204	0204-0288	1113576.594	1940.360	2057	316	67.671	1079.443	NaN
205	0205-0336	8033366.206	4818.471	211	411	82.355	2880.185	NaN
206	0206-0345	15006574.622	6028.453	1287	284	130.040	4202.259	NaN
207	0207-0274	468441.815	1071.204	386	265	141.072	715.169	NaN
208	0208-0267	50336.949	317.292	2022	264	135.000	224.359	NaN
209	0209-0273	177720.250	648.989	276	265	122.905	352.564	NaN
210	0210-0382	17542940.500	7536.142	300	499	84.386	3648.211	NaN
211	0211-0345	14389176.529	5657.119	2115	424	60.094	3903.041	NaN
212	0212-0296	1713510.848	2040.235	1987	277	136.273	1461.299	NaN
213	0213-0270	50336.949	317.292	2477	267	135.000	224.359	NaN
214	0214-0271	64718.935	365.441	1610	268	142.125	224.359	NaN
215	0215-0289	676980.605	1512.875	890	270	126.384	752.445	NaN
216	0216-0275	50336.949	317.292	1691	272	135.000	224.359	NaN
217	0217-0305	2232289.612	2335.349	2265	283	133.332	1553.400	NaN
218	0218-0282	139710.717	567.045	194	288	42.709	384.615	NaN
219	0219-0283	189020.381	636.200	1414	276	130.914	480.769	NaN
220	0220-0324	3573923.406	3486.673	2220	276	119.157	1700.548	NaN
221	0221-0286	442759.698	1304.688	1728	277	152.176	564.039	NaN
222	0222-0282	64718.935	365.441	863	279	142.125	224.359	NaN
223	0223-0285	136628.863	596.188	383	280	143.746	334.264	NaN
224	0224-0283	50336.949	317.292	1575	280	135.000	224.359	NaN
225	0225-0283	50336.949	317.292	1778	280	135.000	224.359	NaN
226	0226-0293	266066.732	821.539	2607	281	110.556	416.667	NaN
227	0227-0291	165392.834	604.742	1690	299	57.995	416.667	NaN
228	0228-0288	82182.774	410.457	2463	283	128.660	256.410	NaN
229	0229-0332	4118384.287	3115.411	2415	295	126.634	1888.381	NaN
230	0230-0312	1089949.047	1881.222	262	339	66.930	980.071	NaN
231	0231-0320	4079347.469	2906.965	806	356	34.216	2245.539	NaN
232	0232-0289	71909.928	365.441	1533	285	142.125	256.410	NaN
233	0233-0289	64718.935	362.619	1555	293	45.000	256.410	NaN
234	0234-0305	1088921.762	2067.246	401	293	172.875	1150.328	NaN
235	0235-0346	6104125.575	3813.025	2352	297	115.919	2597.034	NaN
236	0236-0295	50336.949	317.292	1497	292	135.000	224.359	NaN
237	0237-0354	6756451.348	4151.971	1898	405	57.291	3269.998	NaN
238	0238-0302	143819.855	551.431	253	295	125.538	352.564	NaN
239	0239-0339	3260601.578	2958.630	2487	296	112.954	1826.923	NaN
240	0240-0336	3120890.861	2659.484	748	377	77.471	2167.412	NaN
241	0241-0301	96564.760	435.945	1544	296	126.027	288.462	NaN
242	0242-0300	50336.949	317.292	391	297	135.000	224.359	NaN
243	0243-0300	50336.949	317.292	1528	297	135.000	224.359	NaN
244	0244-0301	50336.949	317.292	1704	298	135.000	224.359	NaN
245	0245-0309	286612.426	796.137	1740	318	49.899	608.974	NaN
246	0246-0305	57527.942	340.710	180	302	138.814	224.359	NaN
247	0247-0308	104783.037	462.250	1435	314	56.310	288.462	NaN
248	0248-0306	102728.468	455.534	1564	311	39.289	288.462	NaN
249	0249-0307	50336.949	317.292	1592	304	135.000	224.359	NaN
250	0250-0311	135601.578	533.440	2098	318	57.265	320.513	NaN
251	0251-0330	1728920.118	2259.331	1452	316	148.339	1567.660	NaN
252	0252-0314	178747.535	648.989	460	306	122.905	352.564	NaN
253	0253-0379	9827005.260	4766.598	2556	309	122.087	3002.560	NaN
254	0254-0321	180802.104	747.558	2085	311	120.964	371.645	NaN
255	0255-0339	776627.219	2023.551	1862	367	60.593	825.399	NaN
256	0256-0319	106837.607	455.534	491	325	50.711	320.513	NaN
257	0257-0323	195184.089	645.020	1577	332	63.435	384.615	NaN
258	0258-0325	182856.673	756.437	1801	316	126.384	420.584	NaN
259	0259-0370	13751232.742	6225.626	444	413	22.075	3279.568	NaN
260	0260-0345	2342209.073	2307.915	889	354	9.593	1814.255	NaN
261	0261-0322	79100.920	410.457	1705	317	128.660	256.410	NaN
262	0262-0326	57527.942	340.710	1425	322	131.186	224.359	NaN
263	0263-0325	93482.906	473.232	1542	322	151.699	224.359	NaN
264	0264-0356	3316074.951	2881.052	1611	345	159.146	2173.788	NaN
265	0265-0326	50336.949	317.292	966	323	135.000	224.359	NaN
266	0266-0350	1005711.703	1581.269	1149	327	107.700	1053.587	NaN
267	0267-0333	115055.884	521.757	413	339	42.510	352.564	NaN
268	0268-0334	153065.417	615.685	1630	340	38.660	384.615	NaN
269	0269-0333	88346.483	410.457	1678	328	128.660	288.462	NaN
270	0270-0332	50336.949	317.292	1456	329	135.000	224.359	NaN
271	0271-0344	599934.254	1435.168	2022	357	23.703	820.057	NaN
272	0272-0337	70882.643	385.949	985	341	41.634	256.410	NaN
273	0273-0344	309212.689	871.889	1544	337	143.973	576.923	NaN
274	0274-0339	50336.949	317.292	874	336	135.000	224.359	NaN
275	0275-0340	81155.490	407.946	1790	345	45.000	288.462	NaN
276	0276-0341	87319.198	431.206	440	337	138.013	288.462	NaN
277	0277-0344	133547.009	567.045	2088	350	42.709	402.167	NaN
278	0278-0348	154092.702	588.383	1736	340	119.358	352.564	NaN
279	0279-0372	2086415.187	2539.950	394	402	42.955	1596.517	NaN
280	0280-0351	123274.162	500.657	1707	357	50.194	352.564	NaN
281	0281-0350	50336.949	317.292	2306	347	135.000	224.359	NaN
282	0282-0360	258875.740	924.500	691	348	123.690	450.083	NaN
283	0283-0375	1597427.679	1754.643	968	373	170.538	1471.384	NaN
284	0284-0352	50336.949	317.292	1878	349	135.000	224.359	NaN
285	0285-0373	789981.920	1600.319	245	394	57.265	881.789	NaN
286	0286-0380	1688856.016	1992.600	665	352	115.741	1479.146	NaN
287	0287-0355	57527.942	340.710	1758	352	138.814	224.359	NaN
288	0288-0363	246548.323	730.882	1711	368	37.875	576.923	NaN
289	0289-0362	141765.286	590.996	2077	369	49.399	384.615	NaN
290	0290-0360	50336.949	317.292	1267	357	135.000	224.359	NaN
291	0291-0377	674926.036	1539.129	2039	398	58.627	826.817	NaN
292	0292-0363	107864.892	453.274	857	358	135.000	320.513	NaN
293	0293-0364	81155.490	410.457	641	359	128.660	256.410	NaN
294	0294-0378	1261505.588	1682.005	813	370	149.036	1140.286	NaN
295	0295-0378	1225550.625	2187.955	1443	360	148.173	1084.131	NaN
296	0296-0365	89373.767	431.206	1503	370	48.013	288.462	NaN
297	0297-0363	50336.949	317.292	1696	360	135.000	224.359	NaN
298	0298-0366	158201.841	604.742	2026	371	32.005	350.408	NaN
299	0299-0370	207511.506	636.200	778	378	49.086	480.769	NaN
300	0300-0389	1385807.035	2018.213	1746	369	133.069	1182.317	NaN
301	0301-0375	258875.740	705.856	1523	383	39.472	544.872	NaN
302	0302-0374	50336.949	317.292	2083	371	135.000	224.359	NaN
303	0303-0384	355440.500	874.830	1824	375	151.557	698.618	NaN
304	0304-0418	4087565.746	2892.440	1570	375	102.804	2211.538	NaN
305	0305-0381	121219.592	525.680	917	388	52.431	352.564	NaN
306	0306-0381	210593.360	833.333	2457	377	157.380	384.615	NaN
307	0307-0400	1390943.458	2316.578	614	406	165.579	1500.239	NaN
308	0308-0381	96564.760	476.477	708	376	132.274	320.513	NaN
309	0309-0383	152038.133	612.339	895	389	42.879	448.718	NaN
310	0310-0396	1111522.025	1727.799	1172	377	139.514	1100.646	NaN
311	0311-0381	71909.928	385.949	1807	385	41.634	256.410	NaN
312	0312-0389	331812.952	819.034	874	378	120.579	600.897	NaN
313	0313-0381	50336.949	317.292	2417	378	135.000	224.359	NaN
314	0314-0385	114028.600	545.814	433	392	49.764	344.010	NaN
315	0315-0384	118137.738	500.657	2077	389	39.806	320.513	NaN
316	0316-0388	64718.935	362.619	1441	392	45.000	256.410	NaN
317	0317-0388	95537.475	435.945	2090	392	36.027	288.462	NaN
318	0318-0393	187993.097	615.685	1676	399	38.660	462.368	NaN
319	0319-0450	7595742.932	4410.750	2424	388	112.652	2660.443	NaN
320	0320-0395	201347.798	657.637	1799	402	43.025	448.718	NaN
321	0321-0428	5773339.908	3661.429	701	448	23.199	2402.031	NaN
322	0322-0393	64718.935	362.619	1006	397	45.000	256.410	NaN
323	0323-0393	78073.636	407.946	1966	398	45.000	288.462	NaN
324	0324-0394	81155.490	410.457	1845	398	38.660	256.410	NaN
325	0325-0399	159229.126	632.150	1508	391	120.466	352.564	NaN
326	0326-0395	85264.629	435.945	1858	399	36.027	256.410	NaN
327	0327-0397	126356.016	551.431	726	392	144.462	347.804	NaN
328	0328-0405	364686.062	995.655	1034	392	123.179	737.179	NaN
329	0329-0403	221893.491	863.007	1218	392	121.329	405.728	NaN
330	0330-0399	160256.410	612.339	2082	392	132.879	410.672	NaN
331	0331-0397	72937.212	385.949	2281	401	41.634	256.410	NaN
332	0332-0401	119165.023	615.685	418	409	51.340	333.940	NaN
333	0333-0420	1093030.901	1791.721	2504	394	116.565	1025.641	NaN
334	0334-0402	130465.155	543.928	938	408	45.000	384.615	NaN
335	0335-0400	50336.949	317.292	1621	397	135.000	224.359	NaN
336	0336-0414	719099.277	1594.209	1628	430	30.174	1029.110	NaN
337	0337-0404	208538.790	745.494	1481	399	154.537	416.667	NaN
338	0338-0404	158201.841	567.045	1819	411	42.709	416.667	NaN
339	0339-0413	529051.611	1165.363	1955	398	121.504	878.414	NaN
340	0340-0461	6367110.454	4178.238	165	399	106.489	2639.868	NaN
341	0341-0404	129437.870	533.440	919	400	147.265	288.462	NaN
342	0342-0405	82182.774	431.206	1138	410	48.013	288.462	NaN
343	0343-0405	136628.863	577.813	1844	410	33.690	320.513	NaN
344	0344-0415	388313.609	994.107	245	401	110.772	673.077	NaN
345	0345-0405	50336.949	317.292	2050	402	135.000	224.359	NaN
346	0346-0418	471523.669	1282.051	1014	405	143.130	688.778	NaN
347	0347-0425	1371425.049	1849.556	1058	438	27.897	1282.051	NaN
348	0348-0420	348249.507	1061.086	1808	405	115.017	608.974	NaN
349	0349-0413	151010.848	560.668	1353	406	120.964	352.564	NaN
350	0350-0411	64718.935	365.441	1903	407	127.875	224.359	NaN
351	0351-0416	173611.111	688.170	393	420	27.759	404.226	NaN
352	0352-0414	64718.935	365.441	821	410	127.875	224.359	NaN
353	0353-0419	249630.178	702.939	1141	411	136.848	512.821	NaN
354	0354-0416	100673.899	455.534	1326	422	50.711	320.513	NaN
355	0355-0415	63691.650	362.619	1506	411	135.000	256.410	NaN
356	0356-0417	113001.315	521.757	2011	423	47.490	352.564	NaN
357	0357-0416	57527.942	340.710	1345	412	131.186	224.359	NaN
358	0358-0423	249630.178	747.558	1111	413	120.964	512.821	NaN
359	0359-0417	64718.935	365.441	1528	413	127.875	224.359	NaN
360	0360-0427	383177.186	1005.920	1847	441	59.349	608.974	NaN
361	0361-0444	4486152.202	3416.883	892	420	163.095	1906.817	NaN
362	0362-0418	50336.949	317.292	623	415	135.000	224.359	NaN
363	0363-0418	50336.949	317.292	1161	415	135.000	224.359	NaN
364	0364-0419	64718.935	362.619	1975	423	45.000	256.410	NaN
365	0365-0422	90401.052	455.534	1736	428	50.711	288.462	NaN
366	0366-0449	2288790.270	2420.031	1326	447	11.459	1844.688	NaN
367	0367-0437	840318.869	1467.725	1447	418	121.608	1061.972	NaN
368	0368-0459	8090894.149	4835.921	1176	429	160.244	2564.103	NaN
369	0369-0424	82182.774	410.457	1705	419	128.660	256.410	NaN
370	0370-0424	50336.949	317.292	665	421	135.000	224.359	NaN
371	0371-0427	78073.636	410.457	1716	432	51.340	256.410	NaN
372	0372-0427	65746.220	362.619	834	423	135.000	256.410	NaN
373	0373-0463	3357166.338	2786.066	1634	504	66.975	2439.518	NaN
374	0374-0428	63691.650	362.619	1424	424	135.000	256.410	NaN
375	0375-0429	72937.212	385.949	1836	425	138.366	256.410	NaN
376	0376-0430	57527.942	340.710	1322	426	131.186	224.359	NaN
377	0377-0431	89373.767	435.945	877	427	143.973	256.410	NaN
378	0378-0431	97592.045	435.945	1155	428	143.973	288.462	NaN
379	0379-0484	14328566.732	5569.550	500	485	11.957	3553.580	NaN
380	0380-0435	115055.884	544.872	1612	443	61.928	256.410	NaN
381	0381-0447	757108.810	1363.593	1771	467	66.448	890.721	NaN
382	0382-0435	165392.834	615.685	1018	429	141.340	377.670	NaN
383	0383-0432	50336.949	317.292	1517	429	135.000	224.359	NaN
384	0384-0442	292776.134	917.809	1684	455	65.225	416.667	NaN
385	0385-0446	502342.209	1333.888	2066	463	54.782	840.357	NaN
386	0386-0465	4509779.750	3781.644	376	480	19.817	2044.301	NaN
387	0387-0433	50336.949	317.292	2533	430	135.000	224.359	NaN
388	0388-0436	78073.636	385.949	1494	441	41.634	288.462	NaN
389	0389-0526	13286900.066	7040.785	1888	436	123.111	3105.013	NaN
390	0390-0438	108892.176	476.477	1739	433	132.274	352.564	NaN
391	0391-0485	8097057.857	4700.624	1449	480	171.373	3223.198	NaN
392	0392-0441	148956.279	596.188	1127	436	143.746	384.615	NaN
393	0393-0442	122246.877	525.680	2116	449	52.431	320.513	NaN
394	0394-0449	375986.193	1049.894	1819	438	148.736	730.447	NaN
395	0395-0447	164365.549	636.200	1090	439	130.914	387.012	NaN
396	0396-0442	50336.949	317.292	2534	439	135.000	224.359	NaN
397	0397-0445	104783.037	476.477	1525	440	132.274	320.513	NaN
398	0398-0485	4979248.849	3109.470	805	493	14.323	2739.239	NaN
399	0399-0446	87319.198	435.945	1721	452	53.973	256.410	NaN
400	0400-0450	105810.322	455.534	2026	455	39.289	320.513	NaN
401	0401-0460	470496.384	1342.333	1128	448	146.689	653.463	NaN
402	0402-0498	5364480.605	3547.427	2573	457	124.695	2408.169	NaN
403	0403-0501	4556007.561	3356.980	236	553	79.548	2143.569	NaN
404	0404-0509	7261875.411	4031.460	2513	453	119.010	2796.572	NaN
405	0405-0458	86291.913	431.206	1018	454	138.013	288.462	NaN
406	0406-0495	4474852.071	3801.152	1052	458	151.274	2523.590	NaN
407	0407-0458	65746.220	362.619	1446	454	135.000	256.410	NaN
408	0408-0460	120192.308	615.685	1620	466	38.660	349.842	NaN
409	0409-0458	147928.994	631.337	2000	463	23.962	288.462	NaN
410	0410-0460	63691.650	362.619	1727	456	135.000	256.410	NaN
411	0411-0467	169501.972	702.939	2033	457	114.228	288.462	NaN
412	0412-0463	79100.920	410.457	1745	458	128.660	256.410	NaN
413	0413-0467	143819.855	596.188	1376	460	126.254	349.021	NaN
414	0414-0501	2562047.995	3001.547	2340	461	120.124	1496.269	NaN
415	0415-0521	4095784.024	3887.069	721	462	103.349	2428.895	NaN
416	0416-0476	285585.141	892.845	2116	489	68.962	512.821	NaN
417	0417-0467	50336.949	317.292	1392	464	135.000	224.359	NaN
418	0418-0467	50336.949	317.292	1796	464	135.000	224.359	NaN
419	0419-0472	136628.863	506.775	1433	466	145.305	384.615	NaN
420	0420-0472	86291.913	410.457	1462	469	141.340	288.462	NaN
421	0421-0475	235248.192	732.286	2006	482	23.199	416.667	NaN
422	0422-0478	90401.052	480.769	679	484	53.130	288.462	NaN
423	0423-0478	96564.760	455.534	2044	484	50.711	288.462	NaN
424	0424-0479	64718.935	362.619	1167	483	45.000	256.410	NaN
425	0425-0496	661571.335	1491.332	1854	475	118.217	784.697	NaN
426	0426-0583	18232248.521	7168.389	1347	690	73.104	5059.668	NaN
427	0427-0488	412968.442	1006.431	2070	476	127.235	769.231	NaN
428	0428-0505	1232741.617	2207.819	910	479	129.699	956.655	NaN
429	0429-0485	57527.942	340.710	465	482	138.814	224.359	NaN
430	0430-0538	6443129.520	4009.486	2126	486	122.928	2715.936	NaN
431	0431-0492	86291.913	431.206	2096	497	48.013	288.462	NaN
432	0432-0517	2000123.274	2134.721	667	492	131.348	1602.564	NaN
433	0433-0504	836209.730	1423.308	967	488	144.162	997.736	NaN
434	0434-0491	50336.949	317.292	2014	488	135.000	224.359	NaN
435	0435-0511	669789.612	1532.105	2033	488	105.781	897.436	NaN
436	0436-0531	4074211.045	3332.255	2403	490	133.831	2021.441	NaN
437	0437-0519	1099194.609	1787.990	130	492	104.534	986.866	NaN
438	0438-0499	135601.578	577.813	1883	492	123.690	320.513	NaN
439	0439-0497	50336.949	317.292	111	494	135.000	224.359	NaN
440	0440-0501	50336.949	317.292	145	498	135.000	224.359	NaN
441	0441-0502	82182.774	435.945	1619	498	143.973	256.410	NaN
442	0442-0504	65746.220	362.619	154	500	135.000	256.410	NaN
443	0443-0506	64718.935	362.619	1447	502	135.000	256.410	NaN
444	0444-0505	50336.949	317.292	2014	502	135.000	224.359	NaN
445	0445-0528	1133095.003	1763.694	2067	502	109.093	1064.410	NaN
446	0446-0600	15635272.847	6344.859	305	696	71.748	4427.216	NaN
447	0447-0592	19964250.493	6985.709	368	680	42.769	4496.496	NaN
448	0448-0568	8404215.976	5692.600	1168	519	142.549	2679.410	NaN
449	0449-0509	50336.949	317.292	1071	506	135.000	224.359	NaN
450	0450-0518	272230.440	788.357	1595	507	116.565	544.872	NaN
451	0451-0511	57527.942	340.710	2299	508	138.814	224.359	NaN
452	0452-0520	278394.149	862.412	1016	510	131.987	597.539	NaN
453	0453-0515	64718.935	362.619	303	519	45.000	256.410	NaN
454	0454-0516	57527.942	340.710	729	512	131.186	224.359	NaN
455	0455-0516	80128.205	391.236	897	512	145.008	256.410	NaN
456	0456-0529	603016.108	1224.678	783	516	132.879	897.436	NaN
457	0457-0519	95537.475	455.534	1045	515	140.711	288.462	NaN
458	0458-0526	248602.893	831.482	850	519	152.447	435.747	NaN
459	0459-0524	73964.497	385.949	1878	520	138.366	256.410	NaN
460	0460-0526	80128.205	410.457	1066	531	51.340	256.410	NaN
461	0461-0527	63691.650	362.619	1904	523	135.000	256.410	NaN
462	0462-0530	64718.935	365.441	2051	526	127.875	224.359	NaN
463	0463-0563	2239480.605	2581.074	974	528	118.156	1756.927	NaN
464	0464-0536	144847.140	533.440	1569	529	122.735	384.615	NaN
465	0465-0587	5269970.414	4099.558	46	644	63.034	2225.375	NaN
466	0466-0575	3572896.121	3400.760	124	609	43.472	1689.822	NaN
467	0467-0564	4238576.594	3548.874	867	546	159.928	2081.541	NaN
468	0468-0534	50336.949	317.292	1650	531	135.000	224.359	NaN
469	0469-0581	10368384.287	4904.265	1061	571	158.129	3106.559	NaN
470	0470-0576	4337195.924	3089.251	2301	532	112.574	2392.683	NaN
471	0471-0538	57527.942	340.710	1014	534	131.186	224.359	NaN
472	0472-0554	1321088.100	2011.840	1504	561	22.479	1192.412	NaN
473	0473-0542	69855.358	385.949	1602	546	41.634	256.410	NaN
474	0474-0544	71909.928	365.441	399	540	142.125	256.410	NaN
475	0475-0547	64718.935	365.441	2027	543	127.875	224.359	NaN
476	0476-0546	50336.949	317.292	2091	543	135.000	224.359	NaN
477	0477-0547	50336.949	317.292	1058	544	135.000	224.359	NaN
478	0478-0584	2099769.888	2803.342	2594	544	112.166	1417.005	NaN
479	0479-0554	223948.060	737.876	773	560	34.380	512.821	NaN
480	0480-0552	96564.760	431.206	669	547	138.013	320.513	NaN
481	0481-0575	1912804.076	1952.762	789	568	156.801	1563.794	NaN
482	0482-0550	50336.949	317.292	968	547	135.000	224.359	NaN
483	0483-0559	363658.777	1112.600	1672	548	138.504	643.902	NaN
484	0484-0553	101701.183	498.601	692	548	135.000	352.564	NaN
485	0485-0553	72937.212	385.949	123	549	131.634	256.410	NaN
486	0486-0614	11200484.878	5364.929	520	653	31.316	3362.917	NaN
487	0487-0559	186965.812	681.420	2372	567	48.814	426.692	NaN
488	0488-0569	388313.609	1290.039	2388	551	116.565	581.420	NaN
489	0489-0556	64718.935	362.619	1036	552	135.000	256.410	NaN
490	0490-0557	50336.949	317.292	1490	554	135.000	224.359	NaN
491	0491-0559	72937.212	385.949	2087	555	131.634	256.410	NaN
492	0492-0621	7610124.918	4391.143	1421	674	52.712	2760.003	NaN
493	0493-0571	142792.571	560.668	2048	575	30.964	320.513	NaN
494	0494-0628	7658407.298	4425.051	2494	569	120.466	2986.223	NaN
495	0495-0571	70882.643	385.949	872	567	138.366	256.410	NaN
496	0496-0586	573224.852	1308.226	2638	569	120.964	725.238	NaN
497	0497-0734	29108111.440	10679.620	2399	898	78.926	6031.601	NaN
498	0498-0590	626643.655	1192.807	2068	573	120.700	769.231	NaN
499	0499-0610	2295981.262	2366.158	1533	579	114.829	1762.821	NaN
500	0500-0581	50336.949	317.292	662	578	135.000	224.359	NaN
501	0501-0597	761217.949	1393.033	691	590	156.975	971.781	NaN
502	0502-0590	186965.812	681.420	2045	599	48.814	466.415	NaN
503	0503-0595	423241.289	1176.767	748	604	29.358	620.482	NaN
504	0504-0597	453032.544	1413.531	941	610	32.969	629.142	NaN
505	0505-0618	2158325.115	2158.886	2360	650	71.834	1506.410	NaN
506	0506-0635	5316198.225	4596.315	2099	595	142.651	2427.969	NaN
507	0507-0672	15626027.285	5676.335	848	602	128.811	3562.103	NaN
508	0508-0595	87319.198	407.946	911	590	135.000	288.462	NaN
509	0509-0595	88346.483	410.457	1241	590	128.660	288.462	NaN
510	0510-0613	1486480.934	1637.441	1021	631	40.236	1300.833	NaN
511	0511-0598	93482.906	445.271	654	594	149.744	256.410	NaN
512	0512-0605	297912.558	796.137	1928	594	130.101	539.732	NaN
513	0513-0652	7904955.621	4083.489	208	599	132.455	3308.897	NaN
514	0514-0602	50336.949	317.292	49	599	135.000	224.359	NaN
515	0515-0613	680062.459	1318.785	764	602	154.058	829.580	NaN
516	0516-0606	221893.491	831.482	1218	600	152.447	416.667	NaN
517	0517-0613	334894.806	907.114	2057	603	147.995	575.309	NaN
518	0518-0619	197238.659	841.308	1948	609	130.365	459.620	NaN
519	0519-0626	267094.017	974.802	1712	613	117.408	389.815	NaN
520	0520-0618	159229.126	636.200	1724	612	139.086	407.946	NaN
521	0521-0618	50336.949	317.292	691	615	135.000	224.359	NaN
522	0522-0632	962565.746	1634.301	1224	627	168.690	878.077	NaN
523	0523-0629	216757.068	759.825	2294	640	62.354	440.258	NaN
524	0524-0625	50336.949	317.292	967	622	135.000	224.359	NaN
525	0525-0627	87319.198	410.457	715	624	141.340	288.462	NaN
526	0526-0628	123274.162	480.769	1698	633	36.870	320.513	NaN
527	0527-0635	562952.005	1304.688	2625	627	152.176	801.282	NaN
528	0528-0630	163338.264	666.944	2074	624	144.782	374.962	NaN
529	0529-0629	77046.351	410.457	519	633	38.660	256.410	NaN
530	0530-0630	77046.351	410.457	1935	625	128.660	256.410	NaN
531	0531-0631	64718.935	362.619	1064	635	45.000	256.410	NaN
532	0532-0680	4714209.402	3743.968	756	732	57.943	2613.522	NaN
533	0533-0662	3937582.183	2917.371	67	689	35.611	2028.741	NaN
534	0534-0635	109919.461	498.601	1744	641	45.000	352.564	NaN
535	0535-0634	88346.483	435.945	2016	638	36.027	256.410	NaN
536	0536-0669	2942143.327	2838.122	2592	630	116.854	1826.923	NaN
537	0537-0657	3742398.093	3685.201	1092	644	166.931	1538.462	NaN
538	0538-0636	50336.949	317.292	1727	633	135.000	224.359	NaN
539	0539-0637	64718.935	362.619	1999	641	45.000	256.410	NaN
540	0540-0665	1037557.528	2018.213	1987	635	110.450	1277.943	NaN
541	0541-0644	248602.893	846.785	718	649	29.476	508.322	NaN
542	0542-0639	57527.942	340.710	1060	636	138.814	224.359	NaN
543	0543-0641	104783.037	455.534	1951	647	50.711	320.513	NaN
544	0544-0663	1781311.637	2997.438	1566	641	155.353	1300.774	NaN
545	0545-0666	1383752.465	2372.661	2325	637	128.418	1042.529	NaN
546	0546-0643	80128.205	391.236	1703	638	124.992	256.410	NaN
547	0547-0647	115055.884	657.637	1001	640	136.975	340.692	NaN
548	0548-0654	294830.703	893.995	979	641	104.534	480.769	NaN
549	0549-0646	65746.220	362.619	1749	642	135.000	256.410	NaN
550	0550-0746	16413954.635	7025.887	1223	664	121.950	3995.842	NaN
551	0551-0666	965647.600	1464.922	1526	644	100.081	1079.257	NaN
552	0552-0654	207511.506	681.420	2011	663	48.814	462.271	NaN
553	0553-0657	258875.740	891.118	2379	669	52.306	462.250	NaN
554	0554-0690	5713757.396	3290.061	1002	656	137.764	2718.347	NaN
555	0555-0655	130465.155	551.431	2165	648	125.538	320.513	NaN
556	0556-0681	1339579.224	2179.723	2649	649	109.767	1002.483	NaN
557	0557-0658	249630.178	831.482	670	654	152.447	470.357	NaN
558	0558-0657	162310.980	720.263	2068	651	147.724	359.185	NaN
559	0559-0654	50336.949	317.292	2287	651	135.000	224.359	NaN
560	0560-0656	57527.942	340.710	1392	652	131.186	224.359	NaN
561	0561-0657	130465.155	530.543	2114	655	154.983	288.462	NaN
562	0562-0658	57527.942	340.710	1405	654	131.186	224.359	NaN
563	0563-0660	119165.023	480.769	813	657	143.130	352.564	NaN
564	0564-0663	137656.147	521.757	2036	659	137.490	384.615	NaN
565	0565-0663	50336.949	317.292	2144	660	135.000	224.359	NaN
566	0566-0711	6414365.549	4057.368	597	762	44.040	2906.378	NaN
567	0567-0669	173611.111	636.200	1937	662	130.914	431.402	NaN
568	0568-0667	50336.949	317.292	746	664	135.000	224.359	NaN
569	0569-0735	6197608.481	4611.933	2119	670	109.065	2889.538	NaN
570	0570-0670	57527.942	340.710	2080	666	131.186	224.359	NaN
571	0571-0671	80128.205	391.236	818	668	145.008	256.410	NaN
572	0572-0670	50336.949	317.292	1399	667	135.000	224.359	NaN
573	0573-0741	15818129.520	5551.907	388	810	52.270	4249.183	NaN
574	0574-0675	162310.980	590.996	966	681	40.601	384.615	NaN
575	0575-0679	257848.455	730.882	1375	685	37.875	542.634	NaN
576	0576-0675	50336.949	317.292	617	672	135.000	224.359	NaN
577	0577-0677	50336.949	317.292	2101	674	135.000	224.359	NaN
578	0578-0679	105810.322	489.242	523	683	31.608	256.410	NaN
579	0579-0680	132519.724	500.657	1603	685	39.806	352.564	NaN
580	0580-0695	502342.209	1220.476	36	714	76.329	641.026	NaN
581	0581-0777	17968236.358	6629.736	1398	681	109.486	4391.421	NaN
582	0582-0686	149983.563	596.188	1969	679	126.254	352.564	NaN
583	0583-0687	207511.506	641.026	1942	681	143.130	416.667	NaN
584	0584-0742	14581278.764	5191.912	1097	697	147.095	3812.516	NaN
585	0585-0710	1654955.621	2147.675	1463	682	142.275	1502.807	NaN
586	0586-0691	178747.535	681.420	2067	683	131.186	471.356	NaN
587	0587-0690	118137.738	480.769	1497	696	53.130	352.564	NaN
588	0588-0688	50336.949	317.292	516	685	135.000	224.359	NaN
589	0589-0691	93482.906	462.250	1986	685	123.690	256.410	NaN
590	0590-0694	160256.410	615.685	526	702	51.340	400.024	NaN
591	0591-0691	50336.949	317.292	549	688	135.000	224.359	NaN
592	0592-0693	107864.892	533.440	2036	689	147.265	284.537	NaN
593	0593-0697	110946.746	476.477	1345	703	42.274	352.564	NaN
594	0594-0699	104783.037	506.775	966	695	145.305	320.513	NaN
595	0595-0704	212647.929	679.910	1948	714	45.000	480.769	NaN
596	0596-0705	386259.040	964.206	2000	704	158.552	637.844	NaN
597	0597-0733	2588757.396	2527.178	2548	695	105.446	1436.158	NaN
598	0598-0701	82182.774	410.457	996	696	128.660	256.410	NaN
599	0599-0708	279421.433	788.357	539	719	63.435	480.769	NaN
600	0600-0701	50336.949	317.292	275	698	135.000	224.359	NaN
601	0601-0702	64718.935	365.441	508	699	142.125	224.359	NaN
602	0602-0703	71909.928	365.441	691	699	127.875	256.410	NaN
603	0603-0703	86291.913	435.945	718	707	36.027	256.410	NaN
604	0604-0705	121219.592	498.601	2190	700	135.000	352.564	NaN
605	0605-0704	50336.949	317.292	744	701	135.000	224.359	NaN
606	0606-0744	3220537.475	2792.695	1959	787	80.754	2067.200	NaN
607	0607-0709	120192.308	590.996	2101	702	130.601	377.670	NaN
608	0608-0775	8987713.675	4943.488	60	716	122.557	2970.669	NaN
609	0609-0712	140738.001	560.668	318	705	120.964	384.615	NaN
610	0610-0711	98619.329	455.534	2080	717	50.711	320.513	NaN
611	0611-0716	217784.352	693.375	510	720	33.690	512.821	NaN
612	0612-0722	430432.281	1018.101	827	736	61.821	729.150	NaN
613	0613-0722	567061.144	1088.800	799	733	42.614	801.282	NaN
614	0614-0841	16812541.091	8521.121	164	971	76.957	3012.804	NaN
615	0615-0716	64718.935	365.441	742	713	142.125	224.359	NaN
616	0616-0720	136628.863	567.045	287	727	42.709	410.672	NaN
617	0617-0718	97592.045	455.534	351	714	140.711	288.462	NaN
618	0618-0731	420159.435	1161.389	727	715	129.401	737.179	NaN
619	0619-0723	133547.009	596.188	305	731	53.746	358.344	NaN
620	0620-0781	7743671.926	4292.599	984	717	105.593	2674.545	NaN
621	0621-0721	50336.949	317.292	2073	718	135.000	224.359	NaN
622	0622-0722	50336.949	317.292	552	719	135.000	224.359	NaN
623	0623-0780	5050131.492	4274.372	2046	719	118.679	2840.098	NaN
624	0624-0724	50336.949	317.292	777	721	135.000	224.359	NaN
625	0625-0727	91428.337	435.945	532	732	36.027	288.462	NaN
626	0626-0726	50336.949	317.292	2059	723	135.000	224.359	NaN
627	0627-0728	50336.949	317.292	1499	725	135.000	224.359	NaN
628	0628-0736	182856.673	732.286	25	747	66.801	320.513	NaN
629	0629-0768	1413543.721	2708.476	273	808	69.206	908.919	NaN
630	0630-0732	50336.949	317.292	523	729	135.000	224.359	NaN
631	0631-0737	234220.907	685.927	571	742	37.405	544.872	NaN
632	0632-0734	64718.935	362.619	2097	738	45.000	256.410	NaN
633	0633-0735	116083.169	516.811	320	740	29.745	288.462	NaN
634	0634-0759	1299515.122	1880.403	1523	734	119.624	1220.346	NaN
635	0635-0749	234220.907	838.862	650	741	136.548	491.616	NaN
636	0636-0877	20234426.364	9322.076	236	1013	69.260	3764.931	NaN
637	0637-0755	482823.800	1076.942	521	742	126.529	833.333	NaN
638	0638-0746	72937.212	385.949	2200	750	41.634	256.410	NaN
639	0639-0778	2187089.086	2513.115	1051	744	127.747	1340.446	NaN
640	0640-0759	350304.076	1231.370	700	744	128.660	684.715	NaN
641	0641-0773	1676528.600	2308.137	748	794	25.498	1755.578	NaN
642	0642-0803	2933925.049	3831.436	2421	758	124.089	1971.933	NaN
643	0643-0754	64718.935	362.619	638	758	45.000	256.410	NaN
644	0644-0756	57527.942	340.710	1864	752	131.186	224.359	NaN
645	0645-0765	389340.894	987.367	1927	754	125.754	705.128	NaN
646	0646-0757	100673.899	501.682	807	754	153.435	224.359	NaN
647	0647-0760	79100.920	417.898	2320	755	122.471	224.359	NaN
648	0648-0759	71909.928	391.236	584	756	145.008	224.359	NaN
649	0649-0765	120192.308	489.242	2456	772	58.392	320.513	NaN
650	0650-0765	64718.935	362.619	1913	761	135.000	256.410	NaN
651	0651-0766	64718.935	362.619	890	770	45.000	256.410	NaN
652	0652-0770	125328.731	577.813	355	763	123.690	320.513	NaN
653	0653-0839	19762902.696	6952.691	523	837	5.290	4681.119	NaN
654	0654-0769	57527.942	340.710	325	766	138.814	224.359	NaN
655	0655-0780	712935.569	1321.508	901	771	157.166	885.327	NaN
656	0656-0779	129437.870	500.657	2548	785	50.194	384.615	NaN
657	0657-0794	443786.982	1244.647	1489	775	101.889	512.821	NaN
658	0658-0827	14046063.445	6888.864	735	855	174.661	3235.150	NaN
659	0659-0781	64718.935	362.619	1474	777	135.000	256.410	NaN
660	0660-0800	1229659.763	1605.446	2482	777	116.053	1360.161	NaN
661	0661-0791	328731.098	942.656	1696	800	35.311	568.923	NaN
662	0662-0788	50336.949	317.292	736	785	135.000	224.359	NaN
663	0663-0789	108892.176	473.232	2120	787	151.699	288.462	NaN
664	0664-0790	64718.935	365.441	2134	786	127.875	224.359	NaN
665	0665-0792	100673.899	462.250	2430	798	56.310	288.462	NaN
666	0666-0794	184911.243	612.339	1729	801	42.879	416.667	NaN
667	0667-0799	222920.776	820.913	923	809	51.340	484.893	NaN
668	0668-0794	64718.935	362.619	2309	798	45.000	256.410	NaN
669	0669-0799	136628.863	543.928	2180	793	135.000	384.615	NaN
670	0670-0801	136628.863	545.814	2119	796	139.764	352.564	NaN
671	0671-0824	1314924.392	1875.753	2329	852	73.113	1589.863	NaN
672	0672-0803	130465.155	551.431	2553	796	125.538	320.513	NaN
673	0673-0855	8675419.132	4846.425	1161	811	142.524	2667.435	NaN
674	0674-0800	57527.942	340.710	1543	797	138.814	224.359	NaN
675	0675-0801	86291.913	431.206	1599	797	138.013	288.462	NaN
676	0676-0820	1296433.268	1770.090	465	834	31.675	1136.444	NaN
677	0677-0807	63691.650	362.619	1262	803	135.000	256.410	NaN
678	0678-0812	135601.578	612.339	2522	806	137.121	391.135	NaN
679	0679-0812	102728.468	473.232	1728	808	151.699	256.410	NaN
680	0680-0813	57527.942	340.710	1606	809	131.186	224.359	NaN
681	0681-0814	139710.717	551.431	2134	810	144.462	352.564	NaN
682	0682-0812	50336.949	317.292	2179	809	135.000	224.359	NaN
683	0683-0886	9723249.507	6442.945	1082	825	140.450	2243.704	NaN
684	0684-0814	50336.949	317.292	2123	811	135.000	224.359	NaN
685	0685-0818	87319.198	417.898	1045	813	122.471	256.410	NaN
686	0686-0819	57527.942	340.710	2475	815	131.186	224.359	NaN
687	0687-0882	6935198.882	4541.114	2480	950	72.332	2745.252	NaN
688	0688-0869	4138929.980	4044.689	376	921	56.310	1936.353	NaN
689	0689-0821	50336.949	317.292	465	818	135.000	224.359	NaN
690	0690-0823	50336.949	317.292	1935	820	135.000	224.359	NaN
691	0691-0823	50336.949	317.292	2064	820	135.000	224.359	NaN
692	0692-0826	64718.935	362.619	2346	830	45.000	256.410	NaN
693	0693-0828	96564.760	410.457	2118	823	128.660	320.513	NaN
694	0694-0835	71909.928	365.441	1466	832	142.125	256.410	NaN
695	0695-0835	64718.935	362.619	1493	839	45.000	256.410	NaN
696	0696-0869	2132642.998	2695.358	1932	907	64.654	1910.344	NaN
697	0697-0836	140738.001	577.813	2155	842	33.690	352.564	NaN
698	0698-0846	220866.206	890.541	2105	858	59.744	421.761	NaN
699	0699-0841	89373.767	431.206	963	846	41.987	288.462	NaN
700	0700-0926	14638806.706	6506.410	1034	847	133.603	3273.763	NaN
701	0701-0849	238330.046	759.825	2294	860	62.354	503.852	NaN
702	0702-0843	50336.949	317.292	1295	840	135.000	224.359	NaN
703	0703-0845	87319.198	431.206	2088	840	131.987	288.462	NaN
704	0704-0851	131492.439	500.657	494	845	129.806	352.564	NaN
705	0705-0878	2286735.700	2293.627	454	897	33.024	1846.240	NaN
706	0706-0870	553706.443	1479.923	2364	892	72.350	544.872	NaN
707	0707-0852	50336.949	317.292	1313	849	135.000	224.359	NaN
708	0708-0853	71909.928	391.236	508	850	145.008	224.359	NaN
709	0709-0857	187993.097	726.653	2223	865	41.424	417.753	NaN
710	0710-0854	50336.949	317.292	1017	851	135.000	224.359	NaN
711	0711-0870	1136176.857	1453.306	971	856	138.576	1185.897	NaN
712	0712-0871	1148504.274	2089.488	2134	881	20.659	1196.448	NaN
713	0713-0862	203402.367	702.939	1335	853	133.152	482.530	NaN
714	0714-0861	72937.212	385.949	715	857	138.366	256.410	NaN
715	0715-0863	98619.329	435.945	2333	869	53.973	288.462	NaN
716	0716-0863	84237.344	435.945	2630	859	143.973	256.410	NaN
717	0717-0869	200320.513	796.137	2244	860	130.101	448.718	NaN
718	0718-0931	15129848.784	5737.538	1335	893	158.020	3967.513	NaN
719	0719-0867	72937.212	385.949	2644	872	48.366	256.410	NaN
720	0720-0884	545488.166	1348.060	1314	903	61.607	688.872	NaN
721	0721-0873	79100.920	410.457	2346	878	51.340	256.410	NaN
722	0722-0872	50336.949	317.292	2631	869	135.000	224.359	NaN
723	0723-0874	57527.942	340.710	557	871	138.814	224.359	NaN
724	0724-0877	223948.060	702.939	2296	883	24.228	384.615	NaN
725	0725-0881	189020.381	726.653	2331	873	138.576	459.620	NaN
726	0726-0877	79100.920	407.946	2575	873	135.000	288.462	NaN
727	0727-0878	64718.935	362.619	2198	874	135.000	256.410	NaN
728	0728-0903	2559993.425	2446.208	515	925	21.523	1794.872	NaN
729	0729-0884	220866.206	793.552	1962	893	46.637	484.432	NaN
730	0730-0916	3390039.448	2918.779	790	876	121.072	2019.231	NaN
731	0731-0881	87319.198	417.898	2317	878	147.529	256.410	NaN
732	0732-0885	167447.403	679.910	2219	893	45.000	479.497	NaN
733	0733-0884	74991.782	407.946	2352	880	135.000	288.462	NaN
734	0734-0887	104783.037	455.534	2618	882	129.289	320.513	NaN
735	0735-0967	14052227.153	5375.832	690	1050	81.773	3903.530	NaN
736	0736-0931	5781558.185	3289.280	856	958	33.071	2761.430	NaN
737	0737-0890	88346.483	435.945	2593	885	126.027	256.410	NaN
738	0738-0894	255793.886	871.889	1975	903	36.027	542.697	NaN
739	0739-0891	79100.920	391.236	2151	886	124.992	256.410	NaN
740	0740-0889	57527.942	340.710	2268	886	138.814	224.359	NaN
741	0741-0895	110946.746	570.657	1285	902	51.843	329.677	NaN
742	0742-0892	64718.935	362.619	1811	896	45.000	256.410	NaN
743	0743-0896	50336.949	317.292	2240	893	135.000	224.359	NaN
744	0744-0898	50336.949	317.292	2167	895	135.000	224.359	NaN
745	0745-0899	64718.935	362.619	2608	895	135.000	256.410	NaN
746	0746-0899	50336.949	317.292	1961	896	135.000	224.359	NaN
747	0747-0900	50336.949	317.292	1675	897	135.000	224.359	NaN
748	0748-0902	130465.155	577.813	2175	907	33.690	320.513	NaN
749	0749-0902	86291.913	431.206	588	907	41.987	288.462	NaN
750	0750-0907	254766.601	737.876	769	898	124.380	512.821	NaN
751	0751-0906	251684.747	846.178	1810	898	142.696	511.038	NaN
752	0752-0904	72937.212	385.949	2157	909	48.366	256.410	NaN
753	0753-0957	6387656.147	3699.112	2426	1014	81.027	2567.516	NaN
754	0754-0907	50336.949	317.292	2600	904	135.000	224.359	NaN
755	0755-0913	189020.381	725.238	1966	905	135.000	458.891	NaN
756	0756-0909	80128.205	410.457	1998	913	38.660	256.410	NaN
757	0757-0912	92455.621	431.206	1311	907	131.987	288.462	NaN
758	0758-0919	151010.848	679.910	1556	912	135.000	450.158	NaN
759	0759-0955	3138354.701	3202.082	1262	923	138.652	1681.706	NaN
760	0760-0929	484878.369	1116.287	418	938	39.174	733.129	NaN
761	0761-0923	64718.935	362.619	641	919	135.000	256.410	NaN
762	0762-0930	92455.621	462.250	1525	924	123.690	256.410	NaN
763	0763-0928	50336.949	317.292	1921	925	135.000	224.359	NaN
764	0764-0933	120192.308	551.431	1537	926	125.538	320.513	NaN
765	0765-0931	129437.870	500.657	1682	937	39.806	352.564	NaN
766	0766-0932	134574.293	567.045	1861	926	137.291	384.615	NaN
767	0767-0943	643080.210	1346.535	450	958	38.234	827.814	NaN
768	0768-0938	248602.893	801.282	1548	928	126.870	479.109	NaN
769	0769-0931	50336.949	317.292	766	928	135.000	224.359	NaN
770	0770-0932	50336.949	317.292	1598	929	135.000	224.359	NaN
771	0771-0953	1385807.035	2109.062	327	956	16.783	1274.934	NaN
772	0772-0947	312294.543	1107.046	781	931	112.109	428.391	NaN
773	0773-0935	89373.767	431.206	1574	940	41.987	288.462	NaN
774	0774-0935	71909.928	385.949	1614	931	138.366	256.410	NaN
775	0775-0943	237302.761	841.308	483	953	49.635	530.349	NaN
776	0776-0937	86291.913	417.898	1963	934	147.529	256.410	NaN
777	0777-0946	306130.835	1165.363	41	937	148.496	411.264	NaN
778	0778-0940	77046.351	407.946	2150	945	45.000	288.462	NaN
779	0779-0940	71909.928	391.236	1807	937	145.008	224.359	NaN
780	0780-0940	50336.949	317.292	1884	937	135.000	224.359	NaN
781	0781-0946	282503.287	962.073	1696	938	150.018	494.656	NaN
782	0782-0941	50336.949	317.292	1980	938	135.000	224.359	NaN
783	0783-0984	2621630.506	2870.514	2580	940	96.411	1411.019	NaN
784	0784-0945	64718.935	365.441	391	942	142.125	224.359	NaN
785	0785-0945	50336.949	317.292	439	942	135.000	224.359	NaN
786	0786-0945	50336.949	317.292	559	942	135.000	224.359	NaN
787	0787-1013	15767792.571	6597.038	499	955	151.567	4008.786	NaN
788	0788-0946	69855.358	385.949	936	950	41.634	256.410	NaN
789	0789-0947	71909.928	391.236	1571	942	124.992	224.359	NaN
790	0790-1023	9895833.333	5504.335	1584	942	109.385	3480.472	NaN
791	0791-0946	108892.176	462.250	1856	943	146.310	288.462	NaN
792	0792-0950	80128.205	391.236	1964	946	145.008	256.410	NaN
793	0793-0949	50336.949	317.292	2608	946	135.000	224.359	NaN
794	0794-0950	50336.949	317.292	1538	947	135.000	224.359	NaN
795	0795-0951	50336.949	317.292	1185	948	135.000	224.359	NaN
796	0796-0952	57527.942	340.710	2522	948	131.186	224.359	NaN
797	0797-0954	50336.949	317.292	39	951	135.000	224.359	NaN
798	0798-0983	2427473.702	2108.575	2501	952	109.537	1806.517	NaN
799	0799-0964	460223.537	974.802	1251	957	152.592	723.888	NaN
800	0800-0959	114028.600	480.769	1850	965	53.130	320.513	NaN
801	0801-0958	128410.585	560.668	1475	963	30.964	288.462	NaN
802	0802-0958	57527.942	340.710	1808	954	131.186	224.359	NaN
803	0803-0960	95537.475	431.206	2474	955	131.987	320.513	NaN
804	0804-0959	50336.949	317.292	934	956	135.000	224.359	NaN
805	0805-0992	2724358.974	2325.872	212	1028	78.071	1794.872	NaN
806	0806-0966	255793.886	841.308	918	959	139.635	480.535	NaN
807	0807-0962	79100.920	407.946	387	958	135.000	288.462	NaN
808	0808-0965	132519.724	480.769	1333	971	36.870	384.615	NaN
809	0809-0965	118137.738	489.242	1511	968	31.608	320.513	NaN
810	0810-0977	691362.590	1433.377	307	982	169.695	987.125	NaN
811	0811-0967	125328.731	521.757	397	973	42.510	352.564	NaN
812	0812-0968	57527.942	340.710	68	964	131.186	224.359	NaN
813	0813-1026	8042611.769	4508.420	773	1088	54.841	3162.455	NaN
814	0814-0989	1294378.698	1841.485	2621	965	121.477	1048.943	NaN
815	0815-0971	106837.607	455.534	1827	976	39.289	320.513	NaN
816	0816-0970	50336.949	317.292	800	967	135.000	224.359	NaN
817	0817-0971	132519.724	616.519	1195	967	152.103	280.652	NaN
818	0818-0973	57527.942	340.710	943	969	131.186	224.359	NaN
819	0819-0983	394477.318	1156.070	369	995	43.877	645.944	NaN
820	0820-0996	2038132.807	2209.680	420	995	156.038	1599.554	NaN
821	0821-0974	57527.942	340.710	630	970	131.186	224.359	NaN
822	0822-0975	64718.935	362.619	473	971	135.000	256.410	NaN
823	0823-0976	50336.949	317.292	368	973	135.000	224.359	NaN
824	0824-0977	65746.220	362.619	422	973	135.000	256.410	NaN
825	0825-1015	7016354.372	4498.269	1462	975	145.744	2522.743	NaN
826	0826-0978	87319.198	431.206	1241	974	138.013	288.462	NaN
827	0827-1006	2162434.254	3055.817	1795	992	155.854	1625.025	NaN
828	0828-0981	103755.753	476.477	1873	976	132.274	320.513	NaN
829	0829-0984	181829.389	648.989	1175	988	32.905	435.827	NaN
830	0830-0981	102728.468	462.250	1270	986	33.690	288.462	NaN
831	0831-0983	104783.037	462.250	143	979	146.310	288.462	NaN
832	0832-0988	161283.695	660.754	859	982	140.906	416.667	NaN
833	0833-0997	596852.400	1562.644	1354	986	154.486	692.590	NaN
834	0834-0988	113001.315	480.769	1205	984	143.130	320.513	NaN
835	0835-0991	128410.585	551.431	1573	996	35.538	320.513	NaN
836	0836-0993	57527.942	340.710	1236	989	131.186	224.359	NaN
837	0837-1035	4000246.548	3109.140	878	995	127.461	2430.783	NaN
838	0838-1011	883464.826	1610.557	122	1028	42.580	1203.297	NaN
839	0839-1007	830046.022	2078.397	304	1022	26.565	725.238	NaN
840	0840-1001	72937.212	385.949	1217	1006	48.366	256.410	NaN
841	0841-1001	50336.949	317.292	487	998	135.000	224.359	NaN
842	0842-1004	170529.257	666.944	1154	1010	35.218	382.263	NaN
843	0843-1004	198265.943	780.500	1401	998	160.821	377.868	NaN
844	0844-1005	84237.344	431.206	1278	1010	48.013	288.462	NaN
845	0845-1004	64718.935	365.441	1579	1000	127.875	224.359	NaN
846	0846-1005	64718.935	362.619	2549	1009	45.000	256.410	NaN
847	0847-1067	18161365.878	6761.225	283	1080	5.440	3862.969	NaN
848	0848-1009	85264.629	455.534	1260	1005	140.711	288.462	NaN
849	0849-1074	10731015.779	5442.681	1291	1015	147.995	2989.747	NaN
850	0850-1057	4652572.321	3764.627	2449	1016	137.070	2119.155	NaN
851	0851-1012	114028.600	525.680	1242	1017	37.569	320.513	NaN
852	0852-1058	4125575.279	3841.477	1420	1010	125.149	1865.225	NaN
853	0853-1012	50336.949	317.292	1826	1009	135.000	224.359	NaN
854	0854-1014	88346.483	435.945	400	1010	143.973	256.410	NaN
855	0855-1058	4889875.082	3234.005	2606	1011	109.692	2656.183	NaN
856	0856-1049	3125000.000	2494.652	2528	1014	110.298	1858.974	NaN
857	0857-1016	57527.942	340.710	1156	1013	138.814	224.359	NaN
858	0858-1019	152038.133	641.026	1781	1025	36.870	381.645	NaN
859	0859-1041	2194280.079	2024.058	231	1027	169.046	1743.974	NaN
860	0860-1021	50336.949	317.292	1240	1018	135.000	224.359	NaN
861	0861-1025	117110.454	525.680	1810	1032	52.431	320.513	NaN
862	0862-1023	95537.475	455.534	2424	1028	39.289	288.462	NaN
863	0863-1029	341058.514	1024.138	1590	1025	159.864	477.363	NaN
864	0864-1032	203402.367	659.976	741	1041	60.945	480.769	NaN
865	0865-1027	57527.942	340.710	952	1024	138.814	224.359	NaN
866	0866-1032	205456.936	782.472	471	1025	145.008	409.440	NaN
867	0867-1044	1437171.269	2150.065	1225	1027	153.435	1153.846	NaN
868	0868-1047	969756.739	1567.894	1815	1033	139.145	1057.476	NaN
869	0869-1035	162310.980	560.668	2447	1030	149.036	384.615	NaN
870	0870-1037	98619.329	489.242	177	1044	58.392	256.410	NaN
871	0871-1037	50336.949	317.292	493	1034	135.000	224.359	NaN
872	0872-1043	139710.717	560.668	148	1047	30.964	320.513	NaN
873	0873-1044	79100.920	407.946	1594	1049	45.000	288.462	NaN
874	0874-1045	64718.935	365.441	1296	1042	142.125	224.359	NaN
875	0875-1046	65746.220	362.619	2411	1042	135.000	256.410	NaN
876	0876-1049	92455.621	431.206	185	1045	138.013	288.462	NaN
877	0877-1051	87319.198	431.206	161	1056	41.987	288.462	NaN
878	0878-1051	64718.935	362.619	2426	1047	135.000	256.410	NaN
879	0879-1054	84237.344	431.206	967	1059	48.013	288.462	NaN
880	0880-1059	257848.455	791.608	1115	1070	58.241	541.518	NaN
881	0881-1062	276339.579	838.862	1855	1072	46.548	528.420	NaN
882	0882-1104	8184377.055	4581.652	485	1137	19.195	3113.035	NaN
883	0883-1059	57527.942	340.710	2408	1055	131.186	224.359	NaN
884	0884-1077	800254.767	1430.866	740	1099	74.407	1025.641	NaN
885	0885-1081	1589209.402	2065.506	1526	1064	138.145	1380.134	NaN
886	0886-1060	50336.949	317.292	226	1057	135.000	224.359	NaN
887	0887-1061	71909.928	365.441	699	1057	127.875	256.410	NaN
888	0888-1061	64718.935	362.619	1707	1057	135.000	256.410	NaN
889	0889-1073	461250.822	1251.643	708	1089	50.194	723.879	NaN
890	0890-1061	50336.949	317.292	909	1058	135.000	224.359	NaN
891	0891-1063	159229.126	588.383	948	1069	29.358	352.564	NaN
892	0892-1071	485905.654	1231.370	1676	1058	141.340	865.385	NaN
893	0893-1102	2627794.214	2915.257	2419	1058	104.647	1524.648	NaN
894	0894-1062	116083.169	516.811	2430	1066	29.745	288.462	NaN
895	0895-1070	169501.972	615.685	670	1063	128.660	384.615	NaN
896	0896-1068	105810.322	453.274	1292	1074	45.000	320.513	NaN
897	0897-1072	223948.060	726.653	162	1081	41.424	499.269	NaN
898	0898-1074	331812.952	907.680	1083	1083	42.138	641.026	NaN
899	0899-1073	57527.942	340.710	568	1069	131.186	224.359	NaN
900	0900-1084	484878.369	1231.370	2582	1069	128.660	648.304	NaN
901	0901-1075	79100.920	407.946	1826	1080	45.000	288.462	NaN
902	0902-1113	2686349.441	2720.019	650	1074	111.425	1566.285	NaN
903	0903-1102	611234.385	1523.701	687	1079	104.621	573.366	NaN
904	0904-1094	186965.812	681.420	1697	1086	131.186	462.250	NaN
905	0905-1090	82182.774	407.946	2412	1086	135.000	288.462	NaN
906	0906-1101	731426.693	1605.446	2557	1089	153.947	775.161	NaN
907	0907-1118	2049432.939	2321.230	1284	1090	125.446	1373.355	NaN
908	0908-1129	4307404.668	3490.501	1504	1089	134.256	1790.431	NaN
909	0909-1093	84237.344	431.206	1658	1098	41.987	288.462	NaN
910	0910-1098	227029.915	666.944	2378	1093	144.782	538.693	NaN
911	0911-1098	71909.928	391.236	1606	1093	124.992	224.359	NaN
912	0912-1103	159229.126	589.256	714	1097	135.000	416.267	NaN
913	0913-1109	467414.530	1076.942	2518	1097	143.471	729.676	NaN
914	0914-1136	2905161.078	2683.517	2369	1098	119.320	1952.454	NaN
915	0915-1172	8875739.645	5263.148	1647	1106	122.819	2769.904	NaN
916	0916-1112	106837.607	462.250	285	1108	146.310	288.462	NaN
917	0917-1123	281476.003	1026.142	1331	1111	128.660	557.692	NaN
918	0918-1150	1306706.114	2545.808	2259	1189	79.114	1035.202	NaN
919	0919-1119	286612.426	952.953	2469	1114	160.346	413.146	NaN
920	0920-1118	99646.614	476.477	2557	1113	132.274	320.513	NaN
921	0921-1157	1711456.279	3034.226	1589	1118	121.171	1169.154	NaN
922	0922-1118	64718.935	365.441	301	1115	142.125	224.359	NaN
923	0923-1120	64718.935	362.619	2498	1124	45.000	256.410	NaN
924	0924-1169	4762491.782	3622.362	37	1121	120.877	2449.209	NaN
925	0925-1162	3879026.956	3333.642	719	1121	123.232	2559.757	NaN
926	0926-1124	71909.928	385.949	969	1120	131.634	256.410	NaN
927	0927-1127	57527.942	340.710	1579	1123	131.186	224.359	NaN
928	0928-1141	1438198.554	2624.489	2470	1136	171.573	942.017	NaN
929	0929-1130	109919.461	501.682	566	1126	153.435	256.410	NaN
930	0930-1129	64718.935	365.441	2464	1126	142.125	224.359	NaN
931	0931-1168	6881780.079	3868.657	370	1204	21.890	2520.033	NaN
932	0932-1133	50336.949	317.292	2504	1130	135.000	224.359	NaN
933	0933-1143	50336.949	317.292	971	1140	135.000	224.359	NaN
934	0934-1146	80128.205	407.946	959	1151	45.000	288.462	NaN
935	0935-1220	19986850.756	8943.227	882	1255	171.550	4624.780	NaN
936	0936-1147	97592.045	453.274	1823	1142	135.000	320.513	NaN
937	0937-1148	133547.009	560.668	578	1154	30.964	352.564	NaN
938	0938-1148	79100.920	417.898	642	1143	122.471	224.359	NaN
939	0939-1150	106837.607	480.769	611	1154	36.870	320.513	NaN
940	0940-1156	241411.900	756.437	1589	1147	126.384	544.872	NaN
941	0941-1152	50336.949	317.292	598	1149	135.000	224.359	NaN
942	0942-1162	574252.137	1032.131	1368	1149	126.158	832.387	NaN
943	0943-1154	140738.001	559.752	1341	1151	156.371	288.462	NaN
944	0944-1158	103755.753	462.250	653	1155	146.310	288.462	NaN
945	0945-1264	39410749.507	9886.613	2311	1221	157.509	6741.824	NaN
946	0946-1169	211620.644	748.245	941	1162	136.736	487.348	NaN
947	0947-1164	57527.942	340.710	1838	1161	138.814	224.359	NaN
948	0948-1165	50336.949	317.292	1340	1162	135.000	224.359	NaN
949	0949-1166	57527.942	340.710	774	1163	138.814	224.359	NaN
950	0950-1166	50336.949	317.292	1585	1163	135.000	224.359	NaN
951	0951-1168	71909.928	385.949	1394	1164	131.634	256.410	NaN
952	0952-1172	343113.083	1035.609	2069	1181	21.801	536.831	NaN
953	0953-1192	3221564.760	3152.289	538	1172	161.012	1653.117	NaN
954	0954-1191	1347797.502	2268.407	2302	1206	23.305	1124.382	NaN
955	0955-1183	275312.295	886.495	712	1193	40.601	580.419	NaN
956	0956-1180	71909.928	391.236	1367	1177	145.008	224.359	NaN
957	0957-1233	6566403.682	5046.016	1113	1186	149.036	2656.725	NaN
958	0958-1213	1172131.821	1863.390	640	1238	63.435	1109.935	NaN
959	0959-1193	127383.300	525.680	1370	1187	127.569	384.615	NaN
960	0960-1192	57527.942	340.710	1405	1189	138.814	224.359	NaN
961	0961-1194	93482.906	455.534	2071	1189	129.289	288.462	NaN
962	0962-1193	50336.949	317.292	2359	1190	135.000	224.359	NaN
963	0963-1198	78073.636	385.949	1545	1203	41.634	288.462	NaN
964	0964-1198	50336.949	317.292	877	1195	135.000	224.359	NaN
965	0965-1202	125328.731	500.657	781	1208	50.194	384.615	NaN
966	0966-1206	63691.650	362.619	1535	1210	45.000	256.410	NaN
967	0967-1210	191074.951	604.742	1625	1202	122.005	448.718	NaN
968	0968-1226	886546.680	1510.496	2580	1249	72.719	1025.641	NaN
969	0969-1209	70882.643	385.949	899	1214	48.366	256.410	NaN
970	0970-1210	80128.205	410.457	1547	1215	51.340	256.410	NaN
971	0971-1210	72937.212	385.949	2252	1214	41.634	256.410	NaN
972	0972-1268	18447978.304	7686.563	562	1228	159.752	3762.801	NaN
973	0973-1211	50336.949	317.292	846	1208	135.000	224.359	NaN
974	0974-1218	170529.257	588.383	860	1226	60.642	448.718	NaN
975	0975-1223	284557.857	853.431	874	1218	145.713	563.944	NaN
976	0976-1220	80128.205	407.946	1741	1225	45.000	288.462	NaN
977	0977-1226	367767.916	888.809	817	1218	154.359	576.923	NaN
978	0978-1233	224975.345	788.357	1669	1244	63.435	480.769	NaN
979	0979-1239	589661.407	1084.546	1591	1230	145.840	833.333	NaN
980	0980-1265	2534311.308	2684.666	45	1299	56.689	1368.150	NaN
981	0981-1268	2615466.798	2308.137	523	1303	64.502	1850.176	NaN
982	0982-1243	226002.630	817.151	2231	1253	48.180	475.565	NaN
983	0983-1239	50336.949	317.292	877	1236	135.000	224.359	NaN
984	0984-1240	57527.942	340.710	1906	1236	131.186	224.359	NaN
985	0985-1259	2237426.036	2371.145	1268	1253	166.715	1335.373	NaN
986	0986-1253	1284105.851	1920.137	1338	1239	165.500	946.750	NaN
987	0987-1266	2686349.441	2798.758	917	1246	156.371	1421.902	NaN
988	0988-1246	50336.949	317.292	2014	1243	135.000	224.359	NaN
989	0989-1247	50336.949	317.292	2079	1244	135.000	224.359	NaN
990	0990-1257	312294.543	890.541	1646	1245	120.256	515.285	NaN
991	0991-1253	99646.614	453.274	850	1248	135.000	320.513	NaN
992	0992-1254	103755.753	480.769	1160	1260	53.130	288.462	NaN
993	0993-1252	57527.942	340.710	1402	1248	131.186	224.359	NaN
994	0994-1289	3922172.913	2929.144	2575	1265	156.801	2072.306	NaN
995	0995-1258	261957.594	903.141	1990	1251	152.526	424.127	NaN
996	0996-1260	139710.717	521.757	801	1254	132.510	384.615	NaN
997	0997-1277	1327251.808	2006.728	1876	1299	26.565	1435.868	NaN
998	0998-1261	57527.942	340.710	1854	1257	131.186	224.359	NaN
999	0999-1262	57527.942	340.710	2182	1259	138.814	224.359	NaN
1000	1000-1265	117110.454	480.769	1255	1270	36.870	320.513	NaN
1001	1001-1318	15990713.346	7576.722	1250	1357	22.116	3192.730	NaN
1002	1002-1267	103755.753	480.769	2028	1263	143.130	288.462	NaN
1003	1003-1268	64718.935	362.619	1988	1264	135.000	256.410	NaN
1004	1004-1269	79100.920	407.946	1382	1274	45.000	288.462	NaN
1005	1005-1270	104783.037	476.477	1950	1265	137.726	320.513	NaN
1006	1006-1272	169501.972	636.200	2062	1279	40.914	465.130	NaN
1007	1007-1288	1446416.831	2524.738	1004	1267	146.915	962.072	NaN
1008	1008-1270	91428.337	431.206	2014	1275	41.987	288.462	NaN
1009	1009-1272	98619.329	435.945	1841	1267	126.027	288.462	NaN
1010	1010-1271	50336.949	317.292	1181	1268	135.000	224.359	NaN
1011	1011-1284	464332.676	1237.196	802	1300	53.427	611.919	NaN
1012	1012-1306	5151832.676	3784.902	306	1309	7.787	2186.847	NaN
1013	1013-1279	191074.951	748.245	853	1287	43.264	440.431	NaN
1014	1014-1275	64718.935	362.619	1484	1271	135.000	256.410	NaN
1015	1015-1274	57527.942	340.710	1494	1271	138.814	224.359	NaN
1016	1016-1277	94510.191	455.534	1867	1283	50.711	288.462	NaN
1017	1017-1277	77046.351	407.946	229	1282	45.000	288.462	NaN
1018	1018-1304	2553829.717	2667.198	1193	1315	20.395	1680.202	NaN
1019	1019-1281	50336.949	317.292	2158	1278	135.000	224.359	NaN
1020	1020-1284	86291.913	417.898	1944	1281	147.529	256.410	NaN
1021	1021-1286	79100.920	410.457	2039	1281	128.660	256.410	NaN
1022	1022-1303	1008793.557	1655.845	1968	1284	137.353	1260.908	NaN
1023	1023-1326	2345290.927	3116.894	1491	1284	120.256	1258.505	NaN
1024	1024-1290	97592.045	462.250	2111	1296	56.310	288.462	NaN
1025	1025-1288	86291.913	417.898	2269	1284	147.529	256.410	NaN
1026	1026-1290	81155.490	385.949	1650	1286	131.634	288.462	NaN
1027	1027-1292	97592.045	462.250	1863	1286	123.690	256.410	NaN
1028	1028-1291	96564.760	431.206	2081	1287	131.987	288.462	NaN
1029	1029-1292	64718.935	365.441	846	1288	127.875	224.359	NaN
1030	1030-1339	15473989.152	8559.193	875	1339	7.098	3035.917	NaN
1031	1031-1295	146901.709	590.996	1168	1302	49.399	416.667	NaN
1032	1032-1302	204429.652	801.282	2187	1313	53.130	480.769	NaN
1033	1033-1306	568088.429	1237.196	1903	1307	16.557	769.231	NaN
1034	1034-1316	1593318.540	2158.886	2019	1305	161.834	1219.553	NaN
1035	1035-1299	79100.920	410.457	2307	1294	128.660	256.410	NaN
1036	1036-1299	89373.767	410.457	2020	1295	141.340	288.462	NaN
1037	1037-1309	337976.660	1005.920	2163	1295	112.479	589.898	NaN
1038	1038-1316	485905.654	1267.951	1818	1335	73.856	641.026	NaN
1039	1039-1311	320512.821	1049.894	1835	1325	58.736	699.350	NaN
1040	1040-1320	1306706.114	1743.778	1932	1341	53.973	1172.886	NaN
1041	1041-1303	121219.592	525.680	2126	1297	127.569	320.513	NaN
1042	1042-1301	50336.949	317.292	2250	1298	135.000	224.359	NaN
1043	1043-1302	102728.468	489.242	2585	1298	148.392	256.410	NaN
1044	1044-1315	373931.624	1148.939	810	1299	112.989	599.806	NaN
1045	1045-1305	71909.928	385.949	869	1309	41.634	256.410	NaN
1046	1046-1306	64718.935	362.619	2112	1310	45.000	256.410	NaN
1047	1047-1311	132519.724	681.420	843	1318	41.186	380.512	NaN
1048	1048-1310	184911.243	641.026	2335	1304	143.130	416.667	NaN
1049	1049-1310	79100.920	391.236	2319	1306	145.008	256.410	NaN
1050	1050-1359	7072855.030	4444.971	1144	1314	141.147	2092.534	NaN
1051	1051-1313	64718.935	365.441	539	1309	127.875	224.359	NaN
1052	1052-1313	65746.220	362.619	1866	1309	135.000	256.410	NaN
1053	1053-1316	81155.490	407.946	2246	1312	135.000	288.462	NaN
1054	1054-1322	255793.886	750.986	609	1330	39.806	498.601	NaN
1055	1055-1320	111974.030	462.250	797	1314	123.690	320.513	NaN
1056	1056-1320	99646.614	431.206	1547	1316	138.013	320.513	NaN
1057	1057-1347	1629273.504	2392.065	1467	1317	125.181	1190.638	NaN
1058	1058-1320	50336.949	317.292	2325	1317	135.000	224.359	NaN
1059	1059-1386	20447074.293	8523.472	243	1361	173.089	3849.046	NaN
1060	1060-1339	889628.534	1673.126	1729	1325	143.569	952.941	NaN
1061	1061-1329	165392.834	641.026	532	1321	126.870	384.615	NaN
1062	1062-1326	84237.344	435.945	584	1322	143.973	256.410	NaN
1063	1063-1325	50336.949	317.292	1899	1322	135.000	224.359	NaN
1064	1064-1335	269148.586	871.889	2339	1348	72.897	416.667	NaN
1065	1065-1327	63691.650	362.619	555	1331	45.000	256.410	NaN
1066	1066-1339	478714.661	1148.939	2232	1356	67.011	690.737	NaN
1067	1067-1331	50336.949	317.292	2098	1328	135.000	224.359	NaN
1068	1068-1333	50336.949	317.292	630	1330	135.000	224.359	NaN
1069	1069-1361	6034270.217	4548.234	621	1352	173.526	1950.340	NaN
1070	1070-1375	5266888.560	4750.731	1546	1330	142.125	1651.726	NaN
1071	1071-1345	820800.460	1475.752	1994	1331	145.620	961.538	NaN
1072	1072-1336	80128.205	391.236	723	1331	124.992	256.410	NaN
1073	1073-1340	346194.938	838.862	1970	1350	46.548	608.974	NaN
1074	1074-1355	998520.710	1717.961	2188	1374	53.344	1113.757	NaN
1075	1075-1363	2842496.713	2472.939	69	1393	42.374	1947.887	NaN
1076	1076-1340	79100.920	391.236	1681	1335	124.992	256.410	NaN
1077	1077-1340	50336.949	317.292	74	1337	135.000	224.359	NaN
1078	1078-1345	128410.585	570.657	2385	1340	141.843	338.999	NaN
1079	1079-1374	3372575.608	3228.282	522	1346	155.980	1775.191	NaN
1080	1080-1345	57527.942	340.710	1441	1342	138.814	224.359	NaN
1081	1081-1346	50336.949	317.292	2097	1343	135.000	224.359	NaN
1082	1082-1355	236275.477	890.541	2169	1367	59.744	510.568	NaN
1083	1083-1348	50336.949	317.292	488	1345	135.000	224.359	NaN
1084	1084-1355	201347.798	726.653	1656	1364	48.576	496.934	NaN
1085	1085-1351	107864.892	516.811	1943	1347	150.255	256.410	NaN
1086	1086-1353	50336.949	317.292	844	1350	135.000	224.359	NaN
1087	1087-1391	7488905.325	5860.566	860	1375	163.151	1832.522	NaN
1088	1088-1391	3800953.320	3605.306	1098	1350	133.199	1561.856	NaN
1089	1089-1354	50336.949	317.292	1608	1351	135.000	224.359	NaN
1090	1090-1379	1579963.840	1842.600	2589	1351	103.069	1282.051	NaN
1091	1091-1424	9016477.646	5823.287	1423	1357	130.088	2252.773	NaN
1092	1092-1358	77046.351	410.457	2083	1353	128.660	256.410	NaN
1093	1093-1358	122246.877	525.680	2427	1363	37.569	320.513	NaN
1094	1094-1379	1645710.059	2204.094	1710	1356	139.128	1492.194	NaN
1095	1095-1358	94510.191	480.769	2007	1354	143.130	288.462	NaN
1096	1096-1364	82182.774	410.457	2236	1359	128.660	256.410	NaN
1097	1097-1371	548570.020	1607.684	2027	1383	23.499	574.262	NaN
1098	1098-1383	1113576.594	1752.300	2538	1370	140.194	1094.234	NaN
1099	1099-1395	2240507.890	2609.376	1944	1412	27.824	1778.173	NaN
1100	1100-1366	80128.205	407.946	2447	1362	135.000	288.462	NaN
1101	1101-1369	157174.556	615.685	775	1363	141.340	384.615	NaN
1102	1102-1545	41351290.270	11731.163	2050	1723	75.280	7522.431	NaN
1103	1103-1434	16484837.278	7247.418	1259	1389	156.269	3318.201	NaN
1104	1104-1401	1289242.275	1957.491	1522	1381	140.315	1087.268	NaN
1105	1105-1383	72937.212	385.949	2189	1379	131.634	256.410	NaN
1106	1106-1435	10444403.353	4478.127	180	1422	165.069	3370.117	NaN
1107	1107-1384	50336.949	317.292	817	1381	135.000	224.359	NaN
1108	1108-1386	50336.949	317.292	2626	1383	135.000	224.359	NaN
1109	1109-1390	71909.928	385.949	2064	1386	131.634	256.410	NaN
1110	1110-1396	125328.731	533.440	2185	1389	122.735	320.513	NaN
1111	1111-1463	31705087.114	11875.854	392	1461	7.911	4487.179	NaN
1112	1112-1398	50336.949	317.292	763	1395	135.000	224.359	NaN
1113	1113-1420	2960634.451	2954.461	1041	1408	164.908	1624.213	NaN
1114	1114-1401	81155.490	410.457	55	1405	38.660	256.410	NaN
1115	1115-1435	6434911.243	3762.444	62	1460	23.070	2444.929	NaN
1116	1116-1414	436595.989	1125.452	848	1431	70.017	575.657	NaN
1117	1117-1402	103755.753	462.250	865	1398	146.310	288.462	NaN
1118	1118-1410	432486.851	1119.503	867	1410	166.759	635.099	NaN
1119	1119-1406	116083.169	476.477	792	1412	42.274	352.564	NaN
1120	1120-1408	79100.920	407.946	2195	1413	45.000	288.462	NaN
1121	1121-1419	706771.861	1836.737	1577	1405	150.751	763.348	NaN
1122	1122-1414	50336.949	317.292	1802	1411	135.000	224.359	NaN
1123	1123-1417	143819.855	567.045	2178	1411	132.709	400.024	NaN
1124	1124-1415	79100.920	407.946	2599	1420	45.000	288.462	NaN
1125	1125-1455	2011423.406	2798.574	2190	1497	69.905	1511.669	NaN
1126	1126-1505	19210223.537	6674.829	1110	1506	156.512	4885.743	NaN
1127	1127-1465	8646655.161	5358.990	837	1475	6.870	2328.934	NaN
1128	1128-1432	120192.308	506.775	793	1426	124.695	320.513	NaN
1129	1129-1470	3820471.729	3187.935	1824	1473	12.779	2654.354	NaN
1130	1130-1431	109919.461	506.775	1865	1427	145.305	288.462	NaN
1131	1131-1433	80128.205	391.236	1971	1429	145.008	256.410	NaN
1132	1132-1434	71909.928	385.949	1840	1430	131.634	256.410	NaN
1133	1133-1438	284557.857	1054.287	1547	1434	160.463	351.582	NaN
1134	1134-1437	87319.198	417.898	764	1433	147.529	256.410	NaN
1135	1135-1441	260930.309	890.541	776	1433	149.744	515.587	NaN
1136	1136-1436	50336.949	317.292	1666	1433	135.000	224.359	NaN
1137	1137-1438	64718.935	362.619	1816	1434	135.000	256.410	NaN
1138	1138-1441	237302.761	673.840	1955	1449	25.346	480.769	NaN
1139	1139-1452	846482.577	1292.028	1016	1466	46.005	961.538	NaN
1140	1140-1461	2318581.525	2698.786	1089	1469	15.852	1395.763	NaN
1141	1141-1451	260930.309	916.689	1570	1463	53.531	462.050	NaN
1142	1142-1443	50336.949	317.292	1649	1440	135.000	224.359	NaN
1143	1143-1446	210593.360	846.178	1848	1441	155.376	377.033	NaN
1144	1144-1448	93482.906	473.232	166	1442	118.301	224.359	NaN
1145	1145-1460	1420734.714	2271.801	1595	1446	163.610	1047.422	NaN
1146	1146-1448	71909.928	385.949	2022	1452	41.634	256.410	NaN
1147	1147-1451	247575.608	803.842	1771	1445	156.501	416.667	NaN
1148	1148-1458	407832.018	1001.314	1543	1448	140.194	702.355	NaN
1149	1149-1454	88346.483	431.206	760	1459	48.013	288.462	NaN
1150	1150-1482	1587154.832	2038.472	2446	1513	73.560	1314.103	NaN
1151	1151-1483	2367891.190	2539.950	1281	1453	137.045	1484.534	NaN
1152	1152-1459	72937.212	385.949	1678	1464	48.366	256.410	NaN
1153	1153-1459	50336.949	317.292	345	1456	135.000	224.359	NaN
1154	1154-1477	633834.648	1423.669	2028	1498	58.815	717.801	NaN
1155	1155-1463	84237.344	431.206	1736	1458	131.987	288.462	NaN
1156	1156-1464	91428.337	431.206	1688	1469	48.013	288.462	NaN
1157	1157-1464	50336.949	317.292	772	1461	135.000	224.359	NaN
1158	1158-1493	2714086.128	2727.186	1026	1483	156.448	1721.707	NaN
1159	1159-1545	10483440.171	5616.570	1703	1465	128.047	3100.851	NaN
1160	1160-1475	329758.383	976.907	745	1487	48.991	577.724	NaN
1161	1161-1490	2568211.703	2443.687	346	1512	16.771	1698.718	NaN
1162	1162-1471	143819.855	501.682	1746	1467	153.435	384.615	NaN
1163	1163-1502	3595496.384	2752.121	258	1508	14.845	2071.837	NaN
1164	1164-1606	17649778.107	9317.226	1910	1475	117.006	5241.197	NaN
1165	1165-1474	64718.935	362.619	1949	1470	135.000	256.410	NaN
1166	1166-1526	7775517.751	4731.664	5	1578	40.054	2438.290	NaN
1167	1167-1510	7399531.558	5210.281	1547	1483	162.457	2053.359	NaN
1168	1168-1483	97592.045	480.769	264	1488	36.870	288.462	NaN
1169	1169-1493	361604.208	1003.364	1971	1507	63.435	669.192	NaN
1170	1170-1484	50336.949	317.292	765	1481	135.000	224.359	NaN
1171	1171-1516	4043392.505	3955.835	1357	1482	146.567	1459.192	NaN
1172	1172-1495	387286.325	956.182	2419	1481	103.570	641.026	NaN
1173	1173-1487	50336.949	317.292	779	1484	135.000	224.359	NaN
1174	1174-1489	84237.344	431.206	1760	1485	138.013	288.462	NaN
1175	1175-1515	3221564.760	3067.561	1458	1498	153.970	1664.161	NaN
1176	1176-1501	494123.932	1290.039	130	1512	26.565	569.951	NaN
1177	1177-1496	65746.220	362.619	774	1492	135.000	256.410	NaN
1178	1178-1498	57527.942	340.710	2602	1495	138.814	224.359	NaN
1179	1179-1501	102728.468	435.945	443	1496	126.027	320.513	NaN
1180	1180-1505	238330.046	666.944	463	1513	35.218	480.769	NaN
1181	1181-1502	50336.949	317.292	943	1499	135.000	224.359	NaN
1182	1182-1529	2629848.784	2743.148	1798	1505	149.840	1714.443	NaN
1183	1183-1557	10380711.703	4565.480	163	1583	15.890	3229.017	NaN
1184	1184-1553	2868178.830	3594.891	790	1601	58.861	1789.737	NaN
1185	1185-1511	70882.643	385.949	2165	1515	41.634	256.410	NaN
1186	1186-1516	124301.446	567.045	2540	1509	132.709	378.622	NaN
1187	1187-1516	145874.425	543.928	693	1522	45.000	384.615	NaN
1188	1188-1513	71909.928	391.236	2520	1510	145.008	224.359	NaN
1189	1189-1526	674926.036	1114.906	1990	1532	18.435	952.069	NaN
1190	1190-1578	8832593.688	4603.127	2480	1511	109.949	3527.760	NaN
1191	1191-1563	11057692.308	5547.465	341	1531	163.554	3099.369	NaN
1192	1192-1578	15179158.448	6571.763	1305	1528	150.810	3358.509	NaN
1193	1193-1527	128410.585	567.045	2445	1522	137.291	415.556	NaN
1194	1194-1559	4035174.227	3026.089	85	1572	28.465	1914.045	NaN
1195	1195-1538	199293.228	764.542	2154	1531	146.976	372.678	NaN
1196	1196-1535	50336.949	317.292	1548	1532	135.000	224.359	NaN
1197	1197-1540	80128.205	391.236	2204	1535	124.992	256.410	NaN
1198	1198-1543	103755.753	480.769	2413	1548	36.870	288.462	NaN
1199	1199-1550	158201.841	573.351	681	1542	116.565	352.564	NaN
1200	1200-1574	3646860.618	3038.286	1554	1542	136.710	1831.522	NaN
1201	1201-1549	72937.212	385.949	1205	1545	131.634	256.410	NaN
1202	1202-1548	57527.942	340.710	1473	1545	138.814	224.359	NaN
1203	1203-1617	10570759.369	4625.390	1633	1551	110.695	3325.434	NaN
1204	1204-1554	50336.949	317.292	826	1551	135.000	224.359	NaN
1205	1205-1590	3488658.777	4038.970	1114	1553	144.039	1510.086	NaN
1206	1206-1574	1047830.375	1591.307	1492	1598	71.200	1089.744	NaN
1207	1207-1572	924556.213	1522.689	2401	1588	49.268	1123.574	NaN
1208	1208-1585	3009944.116	2862.809	273	1611	21.682	1777.739	NaN
1209	1209-1557	57527.942	340.710	848	1554	138.814	224.359	NaN
1210	1210-1563	143819.855	567.045	835	1557	132.709	415.679	NaN
1211	1211-1568	118137.738	500.657	1206	1562	129.806	320.513	NaN
1212	1212-1567	57527.942	340.710	1056	1564	138.814	224.359	NaN
1213	1213-1571	123274.162	500.657	1217	1577	50.194	384.615	NaN
1214	1214-1573	163338.264	615.685	2429	1566	128.660	416.667	NaN
1215	1215-1578	290721.565	968.988	1069	1586	34.216	493.441	NaN
1216	1216-1591	685198.882	1494.085	749	1613	67.286	705.457	NaN
1217	1217-1577	57527.942	340.710	1121	1573	131.186	224.359	NaN
1218	1218-1591	1182404.668	2201.295	519	1583	163.940	727.511	NaN
1219	1219-1588	71909.928	365.441	1820	1584	127.875	256.410	NaN
1220	1220-1598	407832.018	974.802	1891	1589	152.592	653.526	NaN
1221	1221-1601	454059.829	1166.684	476	1603	15.945	608.974	NaN
1222	1222-1630	2791132.479	2910.320	2384	1594	126.491	1848.785	NaN
1223	1223-1596	57527.942	340.710	2443	1593	138.814	224.359	NaN
1224	1224-1611	421186.719	1166.684	1219	1629	74.055	480.769	NaN
1225	1225-1649	8399079.553	5211.858	1808	1620	150.124	2787.290	NaN
1226	1226-1614	1104331.032	1898.616	349	1606	158.199	906.131	NaN
1227	1227-1648	6420529.257	3703.553	1238	1621	156.541	2379.686	NaN
1228	1228-1610	232166.338	737.876	1498	1620	55.620	480.769	NaN
1229	1229-1608	140738.001	612.339	822	1602	137.121	382.977	NaN
1230	1230-1609	121219.592	500.657	840	1615	50.194	384.615	NaN
1231	1231-1618	463305.391	1111.214	799	1633	56.768	864.594	NaN
1232	1232-1609	64718.935	362.619	773	1605	135.000	256.410	NaN
1233	1233-1671	12244206.114	5556.624	491	1626	140.618	3935.320	NaN
1234	1234-1621	893737.673	1576.715	436	1613	153.435	897.436	NaN
1235	1235-1611	50336.949	317.292	86	1608	135.000	224.359	NaN
1236	1236-1623	745808.679	1360.576	152	1626	15.018	813.226	NaN
1237	1237-1634	1222468.771	1887.763	1899	1619	139.821	1074.858	NaN
1238	1238-1629	1061185.076	1607.684	293	1641	23.499	912.601	NaN
1239	1239-1663	8637409.599	3899.338	1540	1619	141.340	3235.743	NaN
1240	1240-1617	57527.942	340.710	1799	1613	131.186	224.359	NaN
1241	1241-1623	365713.346	903.141	1509	1631	27.474	576.923	NaN
1242	1242-1655	4672090.730	3880.191	776	1673	172.405	2513.390	NaN
1243	1243-1622	81155.490	385.949	2131	1618	131.634	288.462	NaN
1244	1244-1624	64718.935	362.619	648	1620	135.000	256.410	NaN
1245	1245-1625	64718.935	362.619	204	1621	135.000	256.410	NaN
1246	1246-1712	16355399.408	6035.947	1774	1622	106.029	3928.220	NaN
1247	1247-1638	911201.512	1522.689	239	1628	149.657	932.829	NaN
1248	1248-1627	50336.949	317.292	752	1624	135.000	224.359	NaN
1249	1249-1678	6310609.796	3395.772	118	1628	107.580	2840.556	NaN
1250	1250-1634	57527.942	340.710	1206	1631	138.814	224.359	NaN
1251	1251-1634	57527.942	340.710	2275	1631	138.814	224.359	NaN
1252	1252-1684	8046720.907	5698.462	411	1638	146.936	2173.810	NaN
1253	1253-1639	139710.717	570.657	881	1634	141.843	352.564	NaN
1254	1254-1658	3562623.274	3434.426	1354	1637	157.504	1371.506	NaN
1255	1255-1638	50336.949	317.292	794	1635	135.000	224.359	NaN
1256	1256-1673	3573923.406	2698.786	1463	1645	127.278	1944.226	NaN
1257	1257-1661	2446992.110	2138.808	177	1681	29.638	1506.410	NaN
1258	1258-1642	50336.949	317.292	870	1639	135.000	224.359	NaN
1259	1259-1644	64718.935	362.619	2271	1648	45.000	256.410	NaN
1260	1260-1662	1294378.698	1677.725	2099	1644	136.548	1311.906	NaN
1261	1261-1660	3116781.723	3670.816	301	1678	5.511	1168.873	NaN
1262	1262-1650	65746.220	362.619	884	1646	135.000	256.410	NaN
1263	1263-1653	103755.753	516.811	1730	1657	29.745	256.410	NaN
1264	1264-1660	191074.951	771.897	896	1651	131.634	444.347	NaN
1265	1265-1659	105810.322	455.534	1043	1664	39.289	288.462	NaN
1266	1266-1665	122246.877	500.657	2449	1660	140.194	320.513	NaN
1267	1267-1680	733481.262	1423.308	2388	1670	144.162	764.491	NaN
1268	1268-1669	71909.928	385.949	689	1665	138.366	256.410	NaN
1269	1269-1689	1435116.700	1587.105	247	1675	133.363	1378.205	NaN
1270	1270-1683	221893.491	821.539	895	1671	110.556	504.037	NaN
1271	1271-1722	11617562.459	5856.358	1311	1703	172.136	3264.500	NaN
1272	1272-1701	1562500.000	2167.435	2156	1673	128.395	1124.433	NaN
1273	1273-1678	80128.205	407.946	719	1683	45.000	288.462	NaN
1274	1274-1691	80128.205	385.949	1037	1687	138.366	288.462	NaN
1275	1275-1738	9728385.930	4672.237	302	1696	165.296	3141.026	NaN
1276	1276-1808	60210182.446	16063.097	996	1858	178.514	7344.711	NaN
1277	1277-1734	2342209.073	3458.718	2099	1689	122.512	1357.474	NaN
1278	1278-1742	6907462.196	3992.926	173	1703	132.397	2662.312	NaN
1279	1279-1738	4146120.973	3689.380	1836	1690	124.380	1680.097	NaN
1280	1280-1697	161283.695	659.976	2388	1693	150.945	350.408	NaN
1281	1281-1778	16927596.976	5641.845	1564	1720	127.846	4518.236	NaN
1282	1282-1735	5290516.108	3458.718	743	1752	7.454	2435.897	NaN
1283	1283-1721	1861439.842	2029.633	849	1704	164.427	1288.677	NaN
1284	1284-1706	65746.220	362.619	2407	1702	135.000	256.410	NaN
1285	1285-1729	1491617.357	1672.205	46	1704	102.171	1428.426	NaN
1286	1286-1794	16613247.863	7819.265	1895	1706	134.502	3127.588	NaN
1287	1287-1709	64718.935	362.619	665	1713	45.000	256.410	NaN
1288	1288-1711	57527.942	340.710	755	1708	138.814	224.359	NaN
1289	1289-1713	50336.949	317.292	642	1710	135.000	224.359	NaN
1290	1290-1717	64718.935	362.619	619	1713	135.000	256.410	NaN
1291	1291-1723	140738.001	545.814	747	1730	49.764	352.564	NaN
1292	1292-1744	4074211.045	3846.688	921	1721	156.425	1605.382	NaN
1293	1293-1726	72937.212	385.949	701	1731	48.366	256.410	NaN
1294	1294-1727	96564.760	453.274	2072	1732	45.000	320.513	NaN
1295	1295-1763	3902654.504	2558.688	68	1777	12.295	2406.423	NaN
1296	1296-1761	7212565.746	4179.222	429	1783	8.379	2151.012	NaN
1297	1297-1760	3522559.172	2963.314	1502	1725	128.853	1925.592	NaN
1298	1298-1731	57527.942	340.710	998	1728	138.814	224.359	NaN
1299	1299-1738	123274.162	573.351	627	1746	63.435	256.410	NaN
1300	1300-1819	11082347.140	5858.462	2067	1733	108.831	2828.710	NaN
1301	1301-1740	88346.483	431.206	2048	1735	131.987	288.462	NaN
1302	1302-1740	50336.949	317.292	1142	1737	135.000	224.359	NaN
1303	1303-1775	2079224.195	2231.883	276	1809	77.560	1314.103	NaN
1304	1304-1782	2320636.095	2997.952	2022	1741	118.757	1234.287	NaN
1305	1305-1788	2472674.227	3026.089	614	1747	118.465	1620.937	NaN
1306	1306-1752	50336.949	317.292	697	1749	135.000	224.359	NaN
1307	1307-1760	353385.930	827.147	575	1755	144.462	641.026	NaN
1308	1308-1756	57527.942	340.710	639	1752	131.186	224.359	NaN
1309	1309-1794	8308678.501	6534.847	830	1790	174.653	2170.375	NaN
1310	1310-1771	1314924.392	1935.059	1409	1784	26.565	1089.744	NaN
1311	1311-1762	95537.475	455.534	1105	1767	39.289	288.462	NaN
1312	1312-1790	1421761.999	2066.500	1475	1760	113.782	1474.590	NaN
1313	1313-1774	50336.949	317.292	1057	1771	135.000	224.359	NaN
1314	1314-1792	1947731.755	2337.108	326	1772	154.841	1247.768	NaN
1315	1315-1775	57527.942	340.710	583	1772	138.814	224.359	NaN
1316	1316-1820	6441074.951	4261.856	138	1795	150.736	2144.376	NaN
1317	1317-1790	541379.027	1272.400	680	1807	49.086	767.113	NaN
1318	1318-1785	227029.915	770.565	1716	1777	135.000	521.719	NaN
1319	1319-1789	443786.982	1066.879	581	1799	32.735	705.128	NaN
1320	1320-1820	6543803.419	5397.573	400	1806	164.148	1617.787	NaN
1321	1321-1835	6680432.281	5018.559	1834	1799	148.848	2228.977	NaN
1322	1322-1799	164365.549	612.339	694	1806	42.879	413.449	NaN
1323	1323-1798	86291.913	435.945	1412	1804	53.973	256.410	NaN
1324	1324-1803	277366.864	860.026	1426	1795	153.435	512.821	NaN
1325	1325-1824	650271.203	1523.701	2164	1801	104.621	754.525	NaN
1326	1326-1805	64718.935	365.441	35	1802	142.125	224.359	NaN
1327	1327-1810	174638.396	756.437	782	1803	143.616	415.679	NaN
1328	1328-1808	57527.942	340.710	1472	1804	131.186	224.359	NaN
1329	1329-1896	15712319.198	7252.519	1497	1827	134.642	3384.615	NaN
1330	1330-1873	12844140.368	4948.162	1700	1807	138.151	3856.936	NaN
1331	1331-1851	4317677.515	3931.871	1769	1805	130.703	1640.357	NaN
1332	1332-1859	5466181.788	4056.482	713	1828	153.232	2472.641	NaN
1333	1333-1844	5138477.975	4440.346	276	1823	157.507	1668.863	NaN
1334	1334-1817	57527.942	340.710	661	1813	131.186	224.359	NaN
1335	1335-1817	73964.497	385.949	682	1813	131.634	256.410	NaN
1336	1336-1822	63691.650	362.619	1468	1818	135.000	256.410	NaN
1337	1337-1847	1768984.221	2041.745	74	1823	132.455	1583.720	NaN
1338	1338-1824	109919.461	500.657	2333	1820	140.194	352.564	NaN
1339	1339-1825	69855.358	385.949	570	1830	48.366	256.410	NaN
1340	1340-1868	11382314.267	5462.370	818	1845	172.583	3043.770	NaN
1341	1341-1835	64718.935	365.441	110	1832	142.125	224.359	NaN
1342	1342-1860	932774.490	1673.126	662	1884	69.829	917.813	NaN
1343	1343-1845	122246.877	533.440	573	1841	147.265	320.513	NaN
1344	1344-1851	50336.949	317.292	2348	1848	135.000	224.359	NaN
1345	1345-1895	7660461.867	5868.449	419	1864	158.199	2336.404	NaN
1346	1346-1857	117110.454	516.811	416	1853	150.255	288.462	NaN
1347	1347-1869	64718.935	365.441	605	1865	127.875	224.359	NaN
1348	1348-1952	25391395.464	7282.063	939	1978	16.361	5427.274	NaN
1349	1349-1871	50336.949	317.292	581	1868	135.000	224.359	NaN
1350	1350-1903	2811678.172	2898.294	1506	1868	128.264	1544.791	NaN
1351	1351-1879	324621.959	820.913	141	1869	128.660	544.872	NaN
1352	1352-1912	4214949.047	3000.178	212	1878	130.668	2242.053	NaN
1353	1353-1873	57527.942	340.710	310	1869	131.186	224.359	NaN
1354	1354-1880	140738.001	573.351	2154	1888	63.435	320.513	NaN
1355	1355-1882	178747.535	596.188	630	1890	53.746	480.769	NaN
1356	1356-1915	5448717.949	4917.235	1860	1879	152.433	1616.579	NaN
1357	1357-1892	232166.338	782.472	586	1902	55.008	450.158	NaN
1358	1358-1886	64718.935	362.619	701	1882	135.000	256.410	NaN
1359	1359-1897	548570.020	1040.063	286	1885	146.310	833.333	NaN
1360	1360-1896	329758.383	1035.609	163	1905	21.801	549.578	NaN
1361	1361-1912	1767956.936	2471.276	88	1888	146.104	1128.957	NaN
1362	1362-1897	183883.958	820.913	2135	1889	141.340	379.276	NaN
1363	1363-1899	100673.899	462.250	315	1893	123.690	288.462	NaN
1364	1364-1903	63691.650	362.619	374	1907	45.000	256.410	NaN
1365	1365-1904	57527.942	340.710	725	1900	131.186	224.359	NaN
1366	1366-1908	65746.220	362.619	660	1904	135.000	256.410	NaN
1367	1367-1923	829018.738	1760.196	403	1905	146.889	1151.023	NaN
1368	1368-1915	750945.102	1756.983	818	1911	165.203	673.077	NaN
1369	1369-1935	3962237.015	3855.890	285	1911	153.861	1891.026	NaN
1370	1370-1914	79100.920	417.898	429	1909	122.471	224.359	NaN
1371	1371-1937	2792159.763	2594.769	1454	1918	154.385	1777.304	NaN
1372	1372-1916	205456.936	726.653	2099	1909	138.576	453.274	NaN
1373	1373-1937	1665228.468	2516.587	1395	1910	136.548	1055.296	NaN
1374	1374-1926	609179.816	1296.790	1832	1912	129.987	743.552	NaN
1375	1375-1916	50336.949	317.292	43	1913	135.000	224.359	NaN
1376	1376-1954	5810322.156	3735.865	706	1972	9.382	2596.375	NaN
1377	1377-1919	50336.949	317.292	625	1916	135.000	224.359	NaN
1378	1378-1973	13351619.001	5128.706	1182	1929	149.589	3528.502	NaN
1379	1379-1931	439677.844	1186.330	1809	1922	141.582	663.126	NaN
1380	1380-1938	613288.955	2002.628	191	1919	140.194	596.832	NaN
1381	1381-1927	116083.169	506.775	615	1921	124.695	320.513	NaN
1382	1382-1930	176692.965	615.685	459	1924	141.340	416.667	NaN
1383	1383-1952	2241535.174	2729.633	859	1969	15.668	1590.178	NaN
1384	1384-1983	8807938.856	5905.530	1863	1925	144.498	2573.249	NaN
1385	1385-1940	585552.268	1246.708	1771	1948	17.969	641.026	NaN
1386	1386-1962	2311390.533	2198.494	1673	1994	44.409	1730.769	NaN
1387	1387-1936	50336.949	317.292	485	1933	135.000	224.359	NaN
1388	1388-1939	50336.949	317.292	584	1936	135.000	224.359	NaN
1389	1389-1946	213675.214	793.552	614	1955	43.363	496.265	NaN
1390	1390-1948	57527.942	340.710	110	1944	131.186	224.359	NaN
1391	1391-1973	2501438.199	2827.969	143	1947	144.689	1544.419	NaN
1392	1392-1984	4643326.759	4007.308	443	1976	7.352	2277.615	NaN
1393	1393-1954	79100.920	417.898	1330	1951	147.529	224.359	NaN
1394	1394-2000	13495438.856	7191.568	1687	1994	176.679	2731.339	NaN
1395	1395-1961	185938.527	732.286	415	1956	156.801	320.513	NaN
1396	1396-1979	471523.669	1251.643	574	1994	50.194	803.489	NaN
1397	1397-1978	226002.630	874.830	688	1990	61.557	376.217	NaN
1398	1398-2000	2472674.227	2947.673	1409	1967	133.238	1311.835	NaN
1399	1399-1971	50336.949	317.292	638	1968	135.000	224.359	NaN
1400	1400-2008	3225673.899	2854.184	238	1972	124.939	1743.491	NaN
1401	1401-1973	50336.949	317.292	434	1970	135.000	224.359	NaN
1402	1402-1975	64718.935	365.441	924	1971	127.875	224.359	NaN
1403	1403-1981	142792.571	588.383	324	1986	29.358	288.462	NaN
1404	1404-1983	129437.870	498.601	309	1989	45.000	352.564	NaN
1405	1405-2032	10322156.476	5256.801	708	2028	15.562	2898.910	NaN
1406	1406-1982	57527.942	340.710	291	1979	138.814	224.359	NaN
1407	1407-1986	118137.738	480.769	375	1992	53.130	320.513	NaN
1408	1408-1988	131492.439	570.657	352	1993	38.157	365.743	NaN
1409	1409-2006	487960.224	1192.807	870	1989	120.700	623.412	NaN
1410	1410-1993	50336.949	317.292	307	1990	135.000	224.359	NaN
1411	1411-1994	100673.899	473.232	643	1990	151.699	256.410	NaN
1412	1412-2004	504396.778	1333.888	905	2015	35.218	699.642	NaN
1413	1413-2001	69855.358	385.949	949	1997	138.366	256.410	NaN
1414	1414-2006	110946.746	480.769	633	2012	53.130	320.513	NaN
1415	1415-2006	88346.483	410.457	188	2001	128.660	288.462	NaN
1416	1416-2009	104783.037	462.250	377	2013	33.690	288.462	NaN
1417	1417-2028	1168022.682	1698.718	537	2044	31.891	1025.553	NaN
1418	1418-2049	5544255.424	4029.039	852	2069	27.992	2203.997	NaN
1419	1419-2019	182856.673	688.170	227	2010	117.759	408.304	NaN
1420	1420-2016	110946.746	476.477	210	2011	137.726	320.513	NaN
1421	1421-2014	57527.942	340.710	1907	2011	138.814	224.359	NaN
1422	1422-2020	50336.949	317.292	898	2017	135.000	224.359	NaN
1423	1423-2047	1377588.757	1866.970	306	2076	78.111	1536.410	NaN
1424	1424-2065	10255382.972	6091.852	975	2050	162.232	2916.300	NaN
1425	1425-2026	64718.935	365.441	1074	2022	127.875	224.359	NaN
1426	1426-2033	86291.913	431.206	481	2028	131.987	288.462	NaN
1427	1427-2036	50336.949	317.292	617	2033	135.000	224.359	NaN
1428	1428-2040	213675.214	775.217	352	2034	150.255	374.330	NaN
1429	1429-2040	94510.191	453.274	702	2045	45.000	320.513	NaN
1430	1430-2052	86291.913	410.457	274	2049	141.340	288.462	NaN
1431	1431-2058	195184.089	676.123	408	2049	121.430	352.564	NaN
1432	1432-2057	155119.987	545.814	569	2051	130.236	416.667	NaN
1433	1433-2056	90401.052	431.206	510	2061	41.987	288.462	NaN
1434	1434-2073	452005.260	1105.188	708	2088	60.461	781.384	NaN
1435	1435-2065	64718.935	362.619	330	2069	45.000	256.410	NaN
1436	1436-2074	100673.899	476.477	465	2080	47.726	320.513	NaN
1437	1437-2076	101701.183	435.945	332	2082	53.973	320.513	NaN
1438	1438-2076	57527.942	340.710	371	2072	131.186	224.359	NaN
1439	1439-2082	179774.819	641.026	656	2074	126.870	416.667	NaN
1440	1440-2085	210593.360	688.170	539	2076	117.759	416.667	NaN
1441	1441-2130	9150024.655	5052.018	761	2126	5.096	3201.476	NaN
1442	1442-2085	71909.928	385.949	522	2089	41.634	256.410	NaN
1443	1443-2089	178747.535	590.996	370	2084	139.399	448.718	NaN
1444	1444-2122	4371096.318	5303.301	386	2082	157.620	1872.279	NaN
1445	1445-2092	423241.289	1192.807	426	2082	149.300	610.005	NaN
1446	1446-2102	2125452.005	2561.096	924	2108	8.637	1304.085	NaN
1447	1447-2086	65746.220	362.619	1504	2082	135.000	256.410	NaN
1448	1448-2098	124301.446	567.045	662	2092	132.709	382.245	NaN
1449	1449-2098	93482.906	435.945	759	2093	126.027	288.462	NaN
1450	1450-2102	159229.126	596.188	715	2095	126.254	384.615	NaN
1451	1451-2106	148956.279	681.420	728	2099	138.814	372.678	NaN
1452	1452-2116	423241.289	1432.301	551	2131	40.462	490.546	NaN
1453	1453-2110	173611.111	596.188	520	2115	36.254	416.667	NaN
1454	1454-2111	64718.935	365.441	669	2108	142.125	224.359	NaN
1455	1455-2126	1010848.126	1898.345	1096	2131	11.689	833.333	NaN
1456	1456-2139	1597427.679	2371.145	577	2152	13.285	1474.359	NaN
1457	1457-2130	1181377.383	2181.607	1017	2120	169.846	815.710	NaN
1458	1458-2125	136628.863	615.685	683	2133	51.340	381.648	NaN
1459	1459-2145	730399.408	1923.344	734	2118	113.575	693.403	NaN
1460	1460-2155	2970907.298	3758.756	894	2176	24.161	1394.645	NaN
1461	1461-2138	50336.949	317.292	2079	2135	135.000	224.359	NaN
1462	1462-2145	64718.935	362.619	1109	2149	45.000	256.410	NaN
1463	1463-2171	2342209.073	2255.919	1117	2166	157.443	1613.309	NaN
1464	1464-2148	50336.949	317.292	732	2145	135.000	224.359	NaN
1465	1465-2159	621507.232	1091.627	640	2147	130.236	851.730	NaN
1466	1466-2173	2451101.249	3383.043	531	2152	154.163	1113.383	NaN
1467	1467-2154	63691.650	362.619	694	2158	45.000	256.410	NaN
1468	1468-2160	247575.608	702.939	709	2150	114.228	480.769	NaN
1469	1469-2158	57527.942	340.710	588	2154	131.186	224.359	NaN
1470	1470-2173	79100.920	410.457	1238	2178	51.340	256.410	NaN
1471	1471-2175	64718.935	365.441	704	2171	127.875	224.359	NaN
1472	1472-2186	381122.617	1065.434	1103	2175	136.219	690.045	NaN
1473	1473-2181	63691.650	362.619	625	2177	135.000	256.410	NaN
1474	1474-2193	177720.250	690.406	663	2197	21.801	320.513	NaN
1475	1475-2191	57527.942	340.710	842	2188	138.814	224.359	NaN
1476	1476-2193	116083.169	533.440	1612	2189	147.265	288.462	NaN
