 	Label	Area	Feret	FeretX	FeretY	FeretAngle	MinFeret	Perinuclei
1	0001-0103	19551282.051	7371.795	2258	203	53.130	3882.094	NaN
2	0002-0012	50336.949	317.292	1777	9	135.000	224.359	NaN
3	0003-0040	2114151.874	2250.447	545	70	54.273	1632.291	NaN
4	0004-0022	105810.322	480.769	129	16	126.870	288.462	NaN
5	0005-0037	977975.016	1565.271	1175	53	47.490	1049.938	NaN
6	0006-0025	50336.949	317.292	1735	22	135.000	224.359	NaN
7	0007-0029	57527.942	340.710	591	25	131.186	224.359	NaN
8	0008-0059	1520381.328	2527.991	999	88	50.659	995.567	NaN
9	0009-0055	1119740.302	1917.192	1704	70	38.211	1220.914	NaN
10	0010-0065	2228180.473	2108.818	268	83	43.152	1573.428	NaN
11	0011-0045	96564.760	462.250	1925	51	56.310	256.410	NaN
12	0012-0049	165392.834	645.020	2012	58	63.435	320.513	NaN
13	0013-0051	103755.753	521.757	1696	57	47.490	351.792	NaN
14	0014-0052	57527.942	340.710	1737	49	138.814	224.359	NaN
15	0015-0058	71909.928	385.949	1455	54	131.634	256.410	NaN
16	0016-0067	88346.483	476.477	1232	62	137.726	314.103	NaN
17	0017-0115	8199786.325	5395.003	1670	161	29.154	2831.160	NaN
18	0018-0110	4897066.075	3143.804	1424	156	66.571	2455.078	NaN
19	0019-0162	15107248.521	6357.879	583	258	73.301	3814.103	NaN
20	0020-0073	137656.147	506.775	1750	67	124.695	384.615	NaN
21	0021-0073	57527.942	340.710	140	69	131.186	224.359	NaN
22	0022-0086	379068.047	1166.684	1826	103	69.075	461.384	NaN
23	0023-0119	4360823.471	3574.401	1141	164	50.458	2363.484	NaN
24	0024-0078	72937.212	385.949	1470	74	138.366	256.410	NaN
25	0025-0103	1540927.022	1854.825	922	75	99.951	1201.793	NaN
26	0026-0112	1872739.974	2687.916	1006	148	59.153	1273.421	NaN
27	0027-0139	5290516.108	3923.370	1287	200	85.314	2264.837	NaN
28	0028-0135	4149202.827	3811.812	2433	191	70.346	1578.953	NaN
29	0029-0084	72937.212	385.949	1717	89	48.366	256.410	NaN
30	0030-0160	10027325.773	5144.705	311	240	82.122	2812.056	NaN
31	0031-0151	6884861.933	4415.638	1908	84	103.431	2427.683	NaN
32	0032-0120	1904585.799	2395.069	2162	156	74.476	1140.630	NaN
33	0033-0127	2174761.670	2838.665	500	167	64.592	1090.681	NaN
34	0034-0183	10614932.610	6395.576	411	278	71.293	2389.102	NaN
35	0035-0236	31049679.487	10306.468	1995	378	63.993	7129.389	NaN
36	0036-0128	2653476.331	3544.965	1618	165	37.284	1327.160	NaN
37	0037-0139	3097263.314	2613.506	960	179	66.894	1659.822	NaN
38	0038-0131	1168022.682	2109.062	1252	100	106.783	993.590	NaN
39	0039-0177	10247164.694	5009.955	861	254	78.187	3261.222	NaN
40	0040-0125	395504.602	1175.893	1222	108	107.447	555.195	NaN
41	0041-0162	4965894.149	3760.805	1819	215	60.376	2150.240	NaN
42	0042-0134	1019066.404	1964.563	1061	146	28.237	957.194	NaN
43	0043-0138	50336.949	317.292	1119	135	135.000	224.359	NaN
44	0044-0145	101701.183	462.250	803	149	33.690	288.462	NaN
45	0045-0150	193129.520	685.927	1578	159	52.595	475.937	NaN
46	0046-0216	9793104.865	4747.594	1487	143	99.717	2686.861	NaN
47	0047-0193	3182527.942	3258.057	1098	242	74.597	2118.382	NaN
48	0048-0203	9244534.845	4650.198	1715	260	51.155	3116.162	NaN
49	0049-0151	64718.935	362.619	136	147	135.000	256.410	NaN
50	0050-0151	57527.942	340.710	1569	147	131.186	224.359	NaN
51	0051-0218	8928131.164	5029.601	732	287	59.349	2629.370	NaN
52	0052-0172	860864.563	1560.999	1532	160	160.821	1089.744	NaN
53	0053-0163	144847.140	615.685	1232	171	51.340	384.615	NaN
54	0054-0183	1074539.776	1633.358	1052	208	74.055	1086.496	NaN
55	0055-0240	11088510.848	6110.457	919	315	54.392	2695.154	NaN
56	0056-0169	111974.030	500.657	2608	163	129.806	320.513	NaN
57	0057-0208	3694115.713	3030.160	126	252	66.961	2067.643	NaN
58	0058-0170	172583.826	648.989	1196	176	32.905	384.615	NaN
59	0059-0183	634861.933	1440.526	2042	202	57.724	693.403	NaN
60	0060-0216	3819444.444	3119.365	211	264	80.538	1790.012	NaN
61	0061-0207	2163461.538	2796.004	671	245	61.966	1371.072	NaN
62	0062-0204	3361275.477	2808.285	2183	238	51.953	2014.100	NaN
63	0063-0174	57527.942	340.710	2545	170	131.186	224.359	NaN
64	0064-0221	5325443.787	3561.733	1305	261	47.553	2316.908	NaN
65	0065-0201	2083333.333	2057.533	1642	232	71.847	1460.516	NaN
66	0066-0238	9211661.736	4240.592	501	172	93.900	3295.432	NaN
67	0067-0236	9164406.640	4309.676	1539	290	59.621	3133.948	NaN
68	0068-0177	50336.949	317.292	1950	174	135.000	224.359	NaN
69	0069-0181	89373.767	435.945	1131	176	126.027	256.410	NaN
70	0070-0220	3163009.533	3174.210	890	263	46.637	1441.604	NaN
71	0071-0219	3045899.080	2710.940	1388	258	65.556	1510.157	NaN
72	0072-0188	84237.344	435.945	1227	194	53.973	256.410	NaN
73	0073-0194	121219.592	516.811	1209	191	150.255	288.462	NaN
74	0074-0221	4803583.169	3773.077	1933	242	16.280	1865.964	NaN
75	0075-0197	50336.949	317.292	2611	194	135.000	224.359	NaN
76	0076-0203	71909.928	391.236	1149	198	124.992	224.359	NaN
77	0077-0202	110946.746	489.242	1257	207	31.608	288.462	NaN
78	0078-0256	3105481.591	3325.929	2230	302	62.447	1501.529	NaN
79	0079-0254	6785215.319	3995.241	1188	298	41.748	2529.863	NaN
80	0080-0218	140738.001	525.680	1046	212	127.569	384.615	NaN
81	0081-0248	1017011.834	2053.785	1050	278	67.036	928.339	NaN
82	0082-0259	4598126.233	3973.583	1808	298	33.818	1882.397	NaN
83	0083-0252	1462853.386	2047.773	250	226	129.920	1284.618	NaN
84	0084-0237	271203.156	862.412	636	247	41.987	498.601	NaN
85	0085-0239	141765.286	567.045	1037	245	47.291	416.667	NaN
86	0086-0238	50336.949	317.292	341	235	135.000	224.359	NaN
87	0087-0251	479741.946	1077.419	807	266	59.621	702.574	NaN
88	0088-0264	1606673.241	1813.094	1648	290	45.000	1518.466	NaN
89	0089-0244	96564.760	435.945	1672	250	53.973	288.462	NaN
90	0090-0322	12193869.165	5416.951	160	243	110.794	3663.497	NaN
91	0091-0268	543433.596	1376.714	334	289	77.905	512.821	NaN
92	0092-0271	1767956.936	2224.507	614	292	36.209	1276.354	NaN
93	0093-0293	5971605.851	3544.965	1096	338	52.716	2607.880	NaN
94	0094-0262	305103.550	860.026	299	250	116.565	507.562	NaN
95	0095-0305	8750410.914	4670.368	1682	344	39.151	2577.069	NaN
96	0096-0263	375986.193	942.656	683	272	35.311	737.179	NaN
97	0097-0255	50336.949	317.292	2202	252	135.000	224.359	NaN
98	0098-0259	50336.949	317.292	1065	256	135.000	224.359	NaN
99	0099-0321	8637409.599	5551.907	1808	376	37.730	2626.000	NaN
100	0100-0320	8333333.333	5023.470	779	379	40.601	2715.282	NaN
101	0101-0278	679035.174	1248.355	568	291	41.878	827.629	NaN
102	0102-0340	10476249.178	4591.843	1365	406	60.751	3322.756	NaN
103	0103-0279	79100.920	407.946	797	284	45.000	288.462	NaN
104	0104-0281	95537.475	455.534	703	287	50.711	288.462	NaN
105	0105-0308	1990877.712	2426.813	988	332	33.690	1193.519	NaN
106	0106-0287	318458.251	808.938	681	278	146.310	576.923	NaN
107	0107-0291	204429.652	764.542	358	301	56.976	440.490	NaN
108	0108-0339	11563116.371	5823.904	1165	390	34.915	3002.111	NaN
109	0109-0322	2450073.964	2712.455	269	356	54.620	1681.871	NaN
110	0110-0342	6011669.954	4100.811	375	396	58.422	2154.134	NaN
111	0111-0293	50336.949	317.292	1328	290	135.000	224.359	NaN
112	0112-0335	4515943.458	3110.461	674	357	26.301	2613.084	NaN
113	0113-0309	1189595.661	1634.615	619	319	28.072	1033.886	NaN
114	0114-0325	2014505.260	2329.182	1028	354	55.654	1327.413	NaN
115	0115-0332	2549720.579	2507.795	549	361	51.226	1558.320	NaN
116	0116-0380	10532749.836	5147.101	1498	452	62.158	2911.143	NaN
117	0117-0346	2760313.938	2800.226	1428	380	56.674	1487.976	NaN
118	0118-0361	8759656.476	4178.238	1579	418	60.092	3393.962	NaN
119	0119-0377	8123767.258	4715.461	1914	448	73.413	2718.584	NaN
120	0120-0333	732453.978	1686.884	344	308	104.300	730.185	NaN
121	0121-0387	8771983.892	5404.515	465	463	64.347	2364.103	NaN
122	0122-0319	92455.621	453.274	682	324	45.000	320.513	NaN
123	0123-0326	50336.949	317.292	2216	323	135.000	224.359	NaN
124	0124-0327	64718.935	365.441	56	324	142.125	224.359	NaN
125	0125-0391	11641190.007	5052.323	885	451	35.707	3760.182	NaN
126	0126-0369	3151709.402	3134.642	1737	408	52.896	1468.163	NaN
127	0127-0402	5560691.979	4573.012	588	470	69.914	1915.609	NaN
128	0128-0389	6847879.684	3685.201	2040	435	40.061	2717.033	NaN
129	0129-0418	11907256.739	5994.961	1043	494	54.355	3319.889	NaN
130	0130-0436	12032585.470	6063.117	224	518	59.504	3127.501	NaN
131	0131-0358	96564.760	455.534	2669	353	129.289	288.462	NaN
132	0132-0408	5189842.209	3443.835	1290	460	75.446	2238.790	NaN
133	0133-0366	219838.922	737.876	337	357	124.380	512.821	NaN
134	0134-0446	11056665.023	6508.384	769	533	59.520	2696.490	NaN
135	0135-0404	3969428.008	2901.305	2159	448	73.968	2019.231	NaN
136	0136-0391	846482.577	1407.340	530	397	30.069	1085.869	NaN
137	0137-0382	88346.483	431.206	336	387	48.013	288.462	NaN
138	0138-0409	1515244.905	2139.768	654	441	73.465	1290.593	NaN
139	0139-0383	63691.650	362.619	760	387	45.000	256.410	NaN
140	0140-0429	4276586.128	3618.390	1641	473	55.465	1728.310	NaN
141	0141-0384	50336.949	317.292	693	381	135.000	224.359	NaN
142	0142-0459	7761135.766	4490.040	1785	528	71.694	2594.277	NaN
143	0143-0398	64718.935	362.619	1426	394	135.000	256.410	NaN
144	0144-0407	415023.011	1111.214	392	414	33.232	685.185	NaN
145	0145-0492	21806171.926	6982.767	1097	557	46.488	5226.452	NaN
146	0146-0444	4212894.477	3398.041	1397	493	54.211	1942.354	NaN
147	0147-0467	8522353.715	4809.401	1953	537	68.908	2523.318	NaN
148	0148-0401	50336.949	317.292	1833	398	135.000	224.359	NaN
149	0149-0449	3444485.536	3315.565	1843	499	73.142	1626.923	NaN
150	0150-0410	135601.578	604.742	420	418	57.995	352.564	NaN
151	0151-0479	9320553.912	5009.955	710	556	78.187	2587.585	NaN
152	0152-0411	87319.198	431.206	532	416	41.987	288.462	NaN
153	0153-0457	2294953.978	3225.098	359	408	100.305	1093.977	NaN
154	0154-0443	2046351.085	2076.171	2229	475	81.119	1437.377	NaN
155	0155-0422	64718.935	362.619	169	418	135.000	256.410	NaN
156	0156-0425	159229.126	560.668	408	421	149.036	384.615	NaN
157	0157-0465	2213798.488	2853.284	988	508	75.027	1501.069	NaN
158	0158-0448	1714538.133	2252.957	1322	470	39.806	1400.865	NaN
159	0159-0452	1142340.565	2020.248	935	473	48.215	930.818	NaN
160	0160-0437	385231.755	974.802	165	428	152.592	641.026	NaN
161	0161-0460	1826512.163	1982.262	535	490	67.166	1290.521	NaN
162	0162-0454	1777202.498	1912.363	1575	432	129.560	1570.513	NaN
163	0163-0501	9313362.919	4563.904	1727	431	100.521	3209.465	NaN
164	0164-0479	5791831.032	3673.754	2057	526	54.230	2150.626	NaN
165	0165-0453	772518.080	1447.994	628	433	117.699	897.436	NaN
166	0166-0464	1407380.013	1905.906	1435	488	42.274	1157.549	NaN
167	0167-0547	12494863.577	6708.602	1531	651	81.483	2708.887	NaN
168	0168-0468	1403270.874	1815.359	393	490	47.862	1255.992	NaN
169	0169-0453	87319.198	431.206	2194	458	41.987	288.462	NaN
170	0170-0455	50336.949	317.292	171	452	135.000	224.359	NaN
171	0171-0499	5092250.164	3082.260	2280	545	73.072	2489.507	NaN
172	0172-0536	9005177.515	5467.257	2137	616	66.140	2260.218	NaN
173	0173-0472	143819.855	711.654	179	463	125.838	380.512	NaN
174	0174-0557	8822320.842	5855.832	314	648	84.976	2449.315	NaN
175	0175-0523	5828813.281	3779.606	817	562	50.505	2473.257	NaN
176	0176-0513	3622205.786	3196.945	1460	558	64.463	1650.470	NaN
177	0177-0494	1368343.195	2068.488	1881	518	49.399	1235.630	NaN
178	0178-0528	4862138.396	3816.660	491	587	82.278	1738.664	NaN
179	0179-0509	1591263.971	2487.849	1278	544	68.062	1114.142	NaN
180	0180-0499	739644.970	1576.715	591	521	63.435	757.244	NaN
181	0181-0486	89373.767	431.206	183	482	138.013	288.462	NaN
182	0182-0536	6141107.824	3769.127	896	588	56.445	2484.994	NaN
183	0183-0494	578361.275	1251.643	1322	507	39.806	760.163	NaN
184	0184-0566	9951306.706	5270.950	615	646	75.203	3155.301	NaN
185	0185-0537	4036201.512	3245.895	1614	587	80.910	1658.441	NaN
186	0186-0574	11607289.612	6030.839	1287	653	60.029	2947.928	NaN
187	0187-0535	3488658.777	3059.681	406	579	67.195	1903.573	NaN
188	0188-0500	146901.709	590.996	561	507	49.399	384.615	NaN
189	0189-0504	114028.600	533.440	2019	511	57.265	288.462	NaN
190	0190-0537	2955498.028	2641.656	1396	574	54.382	1588.355	NaN
191	0191-0546	3406476.003	2767.012	1030	583	64.622	1845.050	NaN
192	0192-0545	2829142.012	2795.085	153	584	63.435	1616.922	NaN
193	0193-0557	4469715.648	3849.625	2072	608	57.236	2032.684	NaN
194	0194-0520	178747.535	737.876	1833	527	34.380	385.886	NaN
195	0195-0563	3895463.511	3226.213	2201	610	69.044	1811.550	NaN
196	0196-0529	408859.303	1264.300	985	538	30.466	606.649	NaN
197	0197-0538	958456.607	1734.919	1814	544	25.145	1168.348	NaN
198	0198-0523	63691.650	362.619	564	527	45.000	256.410	NaN
199	0199-0544	846482.577	1613.106	518	568	69.044	889.063	NaN
200	0200-0530	131492.439	500.657	748	537	50.194	352.564	NaN
201	0201-0610	8744247.206	5553.758	243	696	80.701	2094.955	NaN
202	0202-0602	7916255.753	4922.559	1994	678	81.764	2985.569	NaN
203	0203-0593	9208579.882	4036.426	1880	536	110.450	3159.488	NaN
204	0204-0539	63691.650	362.619	765	535	135.000	256.410	NaN
205	0205-0542	82182.774	431.206	2029	537	131.987	288.462	NaN
206	0206-0550	86291.913	417.898	997	546	147.529	256.410	NaN
207	0207-0556	127383.300	480.769	749	553	143.130	352.564	NaN
208	0208-0652	24737015.122	7328.538	2279	559	128.073	5659.981	NaN
209	0209-0584	1660092.045	2225.199	522	609	48.504	1156.287	NaN
210	0210-0635	10978591.387	5199.919	790	555	97.081	3621.795	NaN
211	0211-0564	269148.586	775.879	1258	557	141.710	512.821	NaN
212	0212-0562	50336.949	317.292	736	559	135.000	224.359	NaN
213	0213-0608	6878698.225	3712.695	1640	639	27.229	2852.321	NaN
214	0214-0649	10028353.057	6145.995	645	730	58.216	2417.956	NaN
215	0215-0594	2230235.043	2187.485	943	621	39.053	1576.715	NaN
216	0216-0638	9423282.380	4905.626	1754	713	76.781	3041.325	NaN
217	0217-0617	3849235.700	3474.867	176	670	75.579	1637.312	NaN
218	0218-0643	10941609.139	5511.702	1053	714	56.864	2900.847	NaN
219	0219-0575	64718.935	362.619	140	579	45.000	256.410	NaN
220	0220-0644	9910215.319	5131.810	1426	717	64.075	2796.162	NaN
221	0221-0644	6305473.373	4659.688	359	716	82.093	2211.538	NaN
222	0222-0612	3015080.539	2792.695	1217	648	58.134	1607.680	NaN
223	0223-0597	920447.074	1679.561	99	616	48.094	1010.565	NaN
224	0224-0635	3474276.792	3494.913	443	689	78.896	1383.000	NaN
225	0225-0613	960511.177	1956.179	415	642	71.862	717.631	NaN
226	0226-0623	2392546.022	2541.972	1398	660	66.991	1429.106	NaN
227	0227-0649	5607947.074	3821.099	1011	590	98.198	2101.761	NaN
228	0228-0613	1337524.655	1804.575	1958	590	123.408	1267.131	NaN
229	0229-0622	1725838.264	2109.062	1168	591	106.783	1309.961	NaN
230	0230-0628	2178870.809	2312.140	1576	654	46.123	1546.456	NaN
231	0231-0620	659516.765	1134.090	553	634	47.291	897.436	NaN
232	0232-0698	12631492.439	5932.172	893	606	96.203	3508.154	NaN
233	0233-0678	8603509.204	4389.037	2233	610	96.710	2820.513	NaN
234	0234-0664	3298611.111	3046.052	125	711	81.529	1662.742	NaN
235	0235-0664	5070677.186	3328.707	2054	630	128.746	2460.589	NaN
236	0236-0663	3117809.007	3153.429	2139	707	63.435	1464.585	NaN
237	0237-0650	770463.511	1827.204	493	678	74.745	655.848	NaN
238	0238-0635	183883.958	685.927	742	627	127.405	448.718	NaN
239	0239-0647	415023.011	1216.261	519	665	71.565	497.048	NaN
240	0240-0690	2110042.735	3483.430	2607	637	102.758	1107.273	NaN
241	0241-0699	3789653.189	4034.517	846	760	75.743	1440.017	NaN
242	0242-0689	4378287.311	3219.200	540	729	54.728	2130.515	NaN
243	0243-0711	7734426.364	4307.769	1801	769	53.471	2494.324	NaN
244	0244-0663	323594.675	946.463	728	676	61.699	522.731	NaN
245	0245-0689	2532256.739	2357.241	1258	725	78.232	1533.337	NaN
246	0246-0720	9799268.573	4517.412	1315	784	65.253	3273.119	NaN
247	0247-0663	71909.928	385.949	746	668	48.366	256.410	NaN
248	0248-0700	2080251.479	2727.186	273	734	60.422	1205.758	NaN
249	0249-0722	9685239.974	3976.426	1913	666	110.772	3488.602	NaN
250	0250-0750	12348989.152	6054.639	1213	662	110.450	3621.795	NaN
251	0251-0715	8074457.594	3859.485	1563	743	32.106	3135.855	NaN
252	0252-0691	2561020.710	2064.262	1694	720	64.231	1717.430	NaN
253	0253-0748	10872781.065	5514.497	1156	834	83.660	3157.250	NaN
254	0254-0698	2804487.179	2487.849	1516	727	51.801	1623.061	NaN
255	0255-0674	107864.892	462.250	518	680	56.310	288.462	NaN
256	0256-0673	87319.198	431.206	79	678	41.987	288.462	NaN
257	0257-0750	8779174.885	5037.356	372	825	71.450	2752.084	NaN
258	0258-0681	72937.212	385.949	747	677	138.366	256.410	NaN
259	0259-0756	9078114.727	5068.766	146	830	70.419	2705.524	NaN
260	0260-0700	723208.416	1292.028	726	685	150.255	895.815	NaN
261	0261-0724	2966798.159	2376.554	473	761	79.902	1762.821	NaN
262	0262-0737	7185856.345	4087.638	2008	694	155.445	2864.958	NaN
263	0263-0743	2687376.726	2667.968	216	703	106.040	1314.103	NaN
264	0264-0710	64718.935	365.441	104	706	127.875	224.359	NaN
265	0265-0762	3290392.834	3313.086	312	813	77.712	1452.043	NaN
266	0266-0744	2131615.713	2284.652	676	772	55.864	1421.496	NaN
267	0267-0794	12985905.654	5280.686	2281	718	108.765	3819.533	NaN
268	0268-0775	5894559.500	4072.027	961	833	64.847	2350.738	NaN
269	0269-0805	11345332.018	5578.212	766	719	96.267	3297.460	NaN
270	0270-0774	3518450.033	3816.660	1015	827	60.852	1504.295	NaN
271	0271-0784	10039653.189	4381.189	1637	791	22.813	3372.715	NaN
272	0272-0734	86291.913	431.206	798	730	138.013	288.462	NaN
273	0273-0813	7144764.957	5343.440	586	895	77.881	1781.493	NaN
274	0274-0774	2130588.429	2684.092	2137	815	78.288	1298.769	NaN
275	0275-0740	50336.949	317.292	1482	737	135.000	224.359	NaN
276	0276-0745	64718.935	362.619	806	741	135.000	256.410	NaN
277	0277-0807	11004273.504	5756.753	1348	873	45.451	2729.674	NaN
278	0278-0816	11758300.460	4920.576	1488	891	65.772	3248.614	NaN
279	0279-0794	3879026.956	3578.996	502	847	70.105	1578.108	NaN
280	0280-0805	9386300.131	4961.741	2174	744	127.388	3247.353	NaN
281	0281-0782	1316978.961	2311.251	556	816	70.560	809.923	NaN
282	0282-0754	57527.942	340.710	53	750	131.186	224.359	NaN
283	0283-0769	647189.349	1371.855	800	752	127.405	909.549	NaN
284	0284-0779	1248150.888	1723.036	255	805	71.565	993.590	NaN
285	0285-0800	5231960.881	3323.611	1829	793	173.355	2308.228	NaN
286	0286-0847	11683308.679	5225.145	1965	927	77.242	3226.877	NaN
287	0287-0779	192102.235	577.813	1776	772	123.690	448.718	NaN
288	0288-0781	50336.949	317.292	848	778	135.000	224.359	NaN
289	0289-0792	340031.229	874.830	1071	780	118.443	618.984	NaN
290	0290-0866	10331402.038	5518.966	638	951	78.951	3375.247	NaN
291	0291-0797	449950.690	1091.627	862	811	49.764	628.524	NaN
292	0292-0842	4331032.216	4085.753	423	899	64.440	1769.518	NaN
293	0293-0852	10611850.756	4525.932	2069	920	74.389	3647.813	NaN
294	0294-0792	64718.935	365.441	1775	788	127.875	224.359	NaN
295	0295-0815	778681.788	1753.472	1787	841	71.896	803.816	NaN
296	0296-0887	7496096.318	5990.161	175	977	71.274	2292.304	NaN
297	0297-0866	11160420.776	4389.271	1606	934	80.331	3725.410	NaN
298	0298-0901	12005876.068	6595.092	911	802	105.792	2568.081	NaN
299	0299-0808	57527.942	340.710	1077	805	138.814	224.359	NaN
300	0300-0816	303048.981	737.876	832	827	55.620	641.026	NaN
301	0301-0892	9814677.844	5776.527	209	973	63.293	2604.221	NaN
302	0302-0863	5251479.290	3187.935	1058	913	77.221	2312.961	NaN
303	0303-0834	1148504.274	1432.301	1097	818	130.462	1142.506	NaN
304	0304-0838	634861.933	1290.437	334	819	104.381	673.077	NaN
305	0305-0823	90401.052	435.945	555	819	143.973	256.410	NaN
306	0306-0826	57527.942	340.710	2422	823	138.814	224.359	NaN
307	0307-0905	9071951.019	5223.572	857	825	100.965	2571.407	NaN
308	0308-0866	5208333.333	3695.917	1375	905	43.243	2132.353	NaN
309	0309-0835	162310.980	679.910	1739	843	45.000	430.610	NaN
310	0310-0892	7352276.463	4071.018	1817	840	130.210	2667.027	NaN
311	0311-0877	2255917.160	2523.110	1282	913	64.411	1543.446	NaN
312	0312-0869	1883012.821	2266.821	519	893	43.854	1338.316	NaN
313	0313-0886	2713058.843	2791.591	982	929	77.400	1364.518	NaN
314	0314-0889	3658160.750	2910.320	1145	934	78.566	2051.282	NaN
315	0315-0855	251684.747	981.104	1722	864	38.367	464.757	NaN
316	0316-0976	22482125.247	8644.344	2411	845	103.727	3543.465	NaN
317	0317-0877	2923652.202	2395.069	39	872	164.476	1994.082	NaN
318	0318-0869	1620027.942	1794.013	1224	850	131.379	1506.410	NaN
319	0319-0870	1494699.211	1796.016	374	893	55.176	1281.728	NaN
320	0320-0857	207511.506	673.840	1257	848	115.346	474.228	NaN
321	0321-0884	1758711.374	2011.840	1761	913	67.521	1439.794	NaN
322	0322-0860	73964.497	385.949	806	856	138.366	256.410	NaN
323	0323-0864	57527.942	340.710	162	860	131.186	224.359	NaN
324	0324-0883	3314020.381	3174.372	2168	860	163.578	1506.410	NaN
325	0325-0912	3550295.858	3089.251	455	957	67.426	1630.428	NaN
326	0326-0920	3734179.816	2948.195	2293	875	101.921	1780.137	NaN
327	0327-0945	6085634.451	3618.532	1194	1001	57.295	2530.949	NaN
328	0328-0961	8547008.547	4656.380	1517	1032	76.059	2655.615	NaN
329	0329-0925	2213798.488	2381.520	1311	957	61.020	1341.349	NaN
330	0330-0977	11296022.354	5569.550	1696	1063	78.043	3059.149	NaN
331	0331-0916	1145422.419	1628.319	524	926	36.193	1145.916	NaN
332	0332-0970	9684212.689	4913.055	2113	1045	76.417	2929.022	NaN
333	0333-0913	547542.735	1146.702	343	929	63.435	801.282	NaN
334	0334-0917	665680.473	1282.051	1021	900	126.870	808.022	NaN
335	0335-0935	2740795.529	2879.090	1624	966	46.353	1400.430	NaN
336	0336-0935	1996014.135	2300.782	383	969	71.313	1410.256	NaN
337	0337-0937	1907667.653	2462.949	1803	901	108.199	1378.205	NaN
338	0338-0905	71909.928	385.949	1920	909	41.634	256.410	NaN
339	0339-0953	6844797.830	4362.979	2183	1006	49.170	2688.659	NaN
340	0340-0955	5378862.590	3381.828	741	1007	75.174	2297.213	NaN
341	0341-0942	2494247.206	2566.705	576	981	74.055	1591.707	NaN
342	0342-0931	1233768.902	1749.659	1460	955	61.557	1089.744	NaN
343	0343-0965	7850509.533	3755.612	2000	1021	68.471	2785.896	NaN
344	0344-0931	776627.219	1407.340	1919	912	120.069	865.385	NaN
345	0345-0959	4224194.609	2992.979	2555	1005	80.134	2301.621	NaN
346	0346-0953	4795364.892	2878.555	1372	919	127.763	2500.000	NaN
347	0347-0986	11378205.128	4978.587	1065	925	124.509	3823.723	NaN
348	0348-0948	2404873.439	2128.215	274	961	37.042	1860.461	NaN
349	0349-0925	57527.942	340.710	1387	921	131.186	224.359	NaN
350	0350-0954	2174761.670	2355.715	2483	926	123.906	1514.488	NaN
351	0351-0946	710880.999	1226.773	991	962	56.725	950.938	NaN
352	0352-0953	561924.721	1528.077	1276	930	99.660	673.077	NaN
353	0353-0939	80128.205	385.949	1830	935	131.634	288.462	NaN
354	0354-0967	1380670.611	2035.446	1766	939	116.162	1178.908	NaN
355	0355-1010	8703155.819	4437.569	506	942	98.306	2683.591	NaN
356	0356-0947	57527.942	340.710	127	944	138.814	224.359	NaN
357	0357-0956	298939.842	846.178	142	944	114.624	576.923	NaN
358	0358-0976	2244617.028	2091.454	681	1008	74.899	1446.138	NaN
359	0359-0958	307158.120	890.541	1596	946	120.256	523.756	NaN
360	0360-1096	23535092.045	9772.330	2268	1242	72.635	5566.045	NaN
361	0361-0972	1028311.966	1464.572	1834	951	113.199	1057.692	NaN
362	0362-0985	2708949.704	2474.392	1880	1019	53.427	1631.785	NaN
363	0363-0964	288666.995	929.487	348	954	133.603	513.117	NaN
364	0364-1004	4974112.426	3351.927	791	1056	83.962	2084.102	NaN
365	0365-0977	684171.598	1360.576	1576	957	105.018	850.716	NaN
366	0366-0995	1842948.718	2417.695	414	1032	75.411	1212.000	NaN
367	0367-0998	2013477.975	2566.705	1149	960	105.945	1144.011	NaN
368	0368-1036	8502835.306	4842.184	2262	1111	83.157	2893.860	NaN
369	0369-0968	95537.475	435.945	1009	974	53.973	288.462	NaN
370	0370-0981	387286.325	1176.767	991	965	119.358	604.209	NaN
371	0371-0998	1887121.959	2182.549	599	1028	60.046	1443.209	NaN
372	0372-0972	50336.949	317.292	1340	969	135.000	224.359	NaN
373	0373-0977	65746.220	362.619	1326	973	135.000	256.410	NaN
374	0374-1044	8022066.075	4579.297	269	975	105.009	2314.482	NaN
375	0375-0980	63691.650	362.619	453	984	45.000	256.410	NaN
376	0376-1055	9897887.903	5250.348	1205	1133	71.123	2710.925	NaN
377	0377-0986	113001.315	462.250	1629	980	123.690	320.513	NaN
378	0378-0986	64718.935	362.619	1301	982	135.000	256.410	NaN
379	0379-0995	450977.975	1066.879	1328	1001	32.735	740.160	NaN
380	0380-1046	6254109.139	4047.736	1446	1109	81.806	2434.444	NaN
381	0381-1007	864973.702	1717.961	1915	1027	53.344	742.497	NaN
382	0382-1000	403722.880	1103.793	337	985	115.821	663.471	NaN
383	0383-0995	186965.812	631.337	1753	986	113.962	384.615	NaN
384	0384-0990	69855.358	385.949	2620	995	48.366	256.410	NaN
385	0385-1064	10163954.635	5062.987	2024	1140	74.204	3103.931	NaN
386	0386-0993	73964.497	385.949	148	989	131.634	256.410	NaN
387	0387-0996	90401.052	431.206	187	992	138.013	288.462	NaN
388	0388-0997	79100.920	365.441	212	993	127.875	288.462	NaN
389	0389-1000	167447.403	588.383	124	997	150.642	384.615	NaN
390	0390-1011	302021.696	1095.385	443	1027	69.444	375.545	NaN
391	0391-1005	349276.792	987.367	1764	1015	35.754	584.044	NaN
392	0392-1073	12884204.471	5647.669	887	1149	52.610	3849.474	NaN
393	0393-1017	771490.796	1369.231	1605	1038	73.686	1046.850	NaN
394	0394-1060	9279462.525	4450.052	1778	1122	51.727	3034.753	NaN
395	0395-1005	133547.009	516.811	651	998	119.745	320.513	NaN
396	0396-1014	346194.938	1105.188	851	1029	60.461	473.014	NaN
397	0397-1011	320512.821	886.495	1296	1021	49.399	573.614	NaN
398	0398-1073	8083703.156	4781.660	1370	1146	74.846	2339.167	NaN
399	0399-1012	57527.942	340.710	150	1008	131.186	224.359	NaN
400	0400-1064	3459894.806	3633.264	374	1008	101.706	1378.187	NaN
401	0401-1037	799227.482	1982.262	555	1066	67.166	634.948	NaN
402	0402-1052	2625739.645	2772.204	174	1095	79.340	1494.423	NaN
403	0403-1070	4886793.228	3816.660	1954	1129	82.278	1852.064	NaN
404	0404-1021	321540.105	817.151	215	1014	138.180	608.974	NaN
405	0405-1060	5210387.903	3619.525	696	1019	129.611	2270.726	NaN
406	0406-1024	92455.621	500.657	341	1030	50.194	307.818	NaN
407	0407-1097	14455950.033	5305.141	2144	1177	73.864	4137.665	NaN
408	0408-1032	221893.491	838.862	120	1041	43.452	468.845	NaN
409	0409-1097	13869370.480	5211.858	591	1165	60.124	3874.901	NaN
410	0410-1096	10233809.993	4875.694	1530	1169	72.399	2996.458	NaN
411	0411-1096	10235864.563	4389.271	1002	1164	80.331	3552.302	NaN
412	0412-1035	79100.920	417.898	206	1030	122.471	224.359	NaN
413	0413-1083	4919666.338	3514.697	1742	1137	77.358	1914.466	NaN
414	0414-1042	277366.864	907.114	2294	1030	122.005	472.666	NaN
415	0415-1071	4461497.370	4115.814	2537	1035	151.639	2021.838	NaN
416	0416-1108	10378657.133	4953.971	1296	1184	77.672	3150.972	NaN
417	0417-1038	86291.913	431.206	1910	1034	138.013	288.462	NaN
418	0418-1037	50336.949	317.292	2665	1034	135.000	224.359	NaN
419	0419-1042	157174.556	567.045	228	1036	132.709	416.667	NaN
420	0420-1116	11747000.329	5085.762	1628	1038	98.334	3735.283	NaN
421	0421-1058	684171.598	1282.051	421	1047	143.130	920.658	NaN
422	0422-1055	324621.959	863.007	1885	1043	111.801	530.921	NaN
423	0423-1049	64718.935	365.441	1161	1045	127.875	224.359	NaN
424	0424-1051	50336.949	317.292	1918	1048	135.000	224.359	NaN
425	0425-1055	144847.140	596.188	102	1061	36.254	352.564	NaN
426	0426-1093	3318129.520	2792.695	137	1050	99.246	2019.231	NaN
427	0427-1061	300994.412	820.913	211	1052	128.660	529.411	NaN
428	0428-1058	50336.949	317.292	2293	1055	135.000	224.359	NaN
429	0429-1066	207511.506	693.375	234	1056	123.690	384.615	NaN
430	0430-1064	128410.585	506.775	2617	1070	34.695	352.564	NaN
431	0431-1093	1198841.223	1936.120	334	1063	96.654	1089.744	NaN
432	0432-1073	279421.433	775.879	2297	1082	51.710	576.923	NaN
433	0433-1070	121219.592	521.757	93	1076	47.490	352.564	NaN
434	0434-1069	79100.920	410.457	1117	1064	128.660	256.410	NaN
435	0435-1074	77046.351	407.946	842	1079	45.000	288.462	NaN
436	0436-1075	64718.935	362.619	415	1079	45.000	256.410	NaN
437	0437-1138	9552720.250	4180.082	458	1203	78.949	3234.124	NaN
438	0438-1082	109919.461	500.657	427	1088	50.194	320.513	NaN
439	0439-1081	115055.884	455.534	785	1076	129.289	352.564	NaN
440	0440-1084	166420.118	596.188	1986	1092	53.746	384.615	NaN
441	0441-1084	71909.928	385.949	827	1089	48.366	256.410	NaN
442	0442-1090	182856.673	726.653	831	1099	48.576	426.692	NaN
443	0443-1167	13095825.115	5810.129	2529	1089	121.235	3171.044	NaN
444	0444-1097	345167.653	931.695	223	1089	139.185	673.077	NaN
445	0445-1098	222920.776	693.375	76	1107	56.310	448.718	NaN
446	0446-1150	7244411.571	3947.906	1094	1206	57.600	2861.807	NaN
447	0447-1131	1509081.197	2319.459	542	1167	78.845	897.436	NaN
448	0448-1108	400641.026	1147.597	2636	1118	35.910	606.317	NaN
449	0449-1105	217784.352	685.927	1986	1114	52.595	512.821	NaN
450	0450-1104	117110.454	500.657	413	1109	39.806	320.513	NaN
451	0451-1180	14400476.660	5461.241	1804	1253	63.134	4100.852	NaN
452	0452-1158	5351125.904	3765.310	162	1212	59.287	2124.573	NaN
453	0453-1128	890655.819	1410.621	806	1148	68.682	928.938	NaN
454	0454-1124	410913.872	1096.323	849	1108	105.255	562.947	NaN
455	0455-1115	77046.351	410.457	412	1120	51.340	256.410	NaN
456	0456-1146	2000123.274	2364.203	1908	1110	105.732	1376.055	NaN
457	0457-1138	3128081.854	2752.681	694	1166	27.759	1584.391	NaN
458	0458-1116	50336.949	317.292	2627	1113	135.000	224.359	NaN
459	0459-1148	2643203.485	2279.250	72	1169	25.844	1858.974	NaN
460	0460-1169	4611480.934	3273.784	258	1218	71.742	1910.966	NaN
461	0461-1203	12844140.368	5589.251	1404	1285	67.405	3902.324	NaN
462	0462-1131	155119.987	660.754	2643	1139	50.906	416.667	NaN
463	0463-1191	10201964.168	4357.678	2090	1124	99.739	3349.812	NaN
464	0464-1175	7689225.838	3929.126	2385	1154	146.310	2950.297	NaN
465	0465-1149	1109467.456	1703.549	1965	1147	168.056	1185.897	NaN
466	0466-1137	71909.928	385.949	54	1133	131.634	256.410	NaN
467	0467-1139	64718.935	362.619	68	1135	135.000	256.410	NaN
468	0468-1177	3069526.627	2640.294	949	1137	100.491	1819.752	NaN
469	0469-1221	12532873.110	5351.700	1184	1148	124.261	3340.530	NaN
470	0470-1223	11052555.884	5076.866	1707	1302	74.999	3523.450	NaN
471	0471-1176	2379191.321	2178.073	1037	1206	57.011	1622.426	NaN
472	0472-1162	286612.426	846.178	856	1152	127.304	548.161	NaN
473	0473-1186	1034475.674	2268.407	384	1154	113.305	849.150	NaN
474	0474-1162	133547.009	622.323	402	1154	124.509	341.370	NaN
475	0475-1184	1210141.354	1780.217	303	1211	76.464	1121.795	NaN
476	0476-1164	149983.563	648.989	42	1158	147.095	377.146	NaN
477	0477-1207	4909393.491	3265.143	732	1248	58.650	2130.715	NaN
478	0478-1190	1665228.468	2080.126	802	1220	56.310	1218.530	NaN
479	0479-1242	11899038.462	5302.429	1361	1160	94.160	3126.015	NaN
480	0480-1168	196211.374	673.840	1993	1171	25.346	384.615	NaN
481	0481-1198	1904585.799	2308.805	899	1163	103.650	1314.697	NaN
482	0482-1195	3268819.855	2952.896	1551	1172	152.879	1702.849	NaN
483	0483-1227	9260971.400	4333.447	2153	1288	60.781	3213.884	NaN
484	0484-1176	71909.928	385.949	54	1180	41.634	256.410	NaN
485	0485-1205	1621055.227	2044.510	1949	1174	103.601	1504.619	NaN
486	0486-1182	131492.439	506.775	409	1189	55.305	352.564	NaN
487	0487-1219	4029010.519	2839.751	661	1262	69.520	1902.729	NaN
488	0488-1203	1950813.609	2252.957	587	1227	39.806	1381.954	NaN
489	0489-1186	95537.475	431.206	51	1181	131.987	320.513	NaN
490	0490-1218	2121342.867	2293.851	341	1254	82.776	1544.871	NaN
491	0491-1203	843400.723	1433.377	841	1223	63.435	1029.576	NaN
492	0492-1187	50336.949	317.292	298	1184	135.000	224.359	NaN
493	0493-1217	1675501.315	2408.116	540	1184	116.906	1213.348	NaN
494	0494-1213	1680637.738	1760.196	1000	1186	100.491	1400.893	NaN
495	0495-1242	10755670.611	4433.400	30	1270	15.945	3359.049	NaN
496	0496-1252	8758629.191	4245.434	1077	1291	48.366	2907.116	NaN
497	0497-1240	3949909.599	3357.439	1976	1289	69.316	1814.935	NaN
498	0498-1200	170529.257	748.245	2639	1208	43.264	395.471	NaN
499	0499-1252	8629191.321	4328.822	163	1287	26.375	3131.372	NaN
500	0500-1199	102728.468	476.477	418	1194	132.274	320.513	NaN
501	0501-1282	9634903.024	5891.336	1449	1362	63.853	2491.463	NaN
502	0502-1304	15427761.341	6845.031	1906	1199	98.889	3219.701	NaN
503	0503-1230	2325772.518	2341.719	2287	1245	30.426	1538.462	NaN
504	0504-1257	3294501.972	3061.694	456	1210	100.251	1506.410	NaN
505	0505-1214	50336.949	317.292	2644	1211	135.000	224.359	NaN
506	0506-1251	3126027.285	2902.367	1036	1290	59.470	1704.693	NaN
507	0507-1276	6576676.529	4258.119	510	1213	107.071	2243.590	NaN
508	0508-1219	94510.191	435.945	428	1225	53.973	288.462	NaN
509	0509-1220	71909.928	391.236	2434	1217	145.008	224.359	NaN
510	0510-1246	1697074.293	1956.966	608	1272	58.392	1337.051	NaN
511	0511-1283	7181747.206	4071.018	838	1236	130.210	2708.548	NaN
512	0512-1272	3181500.657	3114.422	2473	1317	66.337	1459.006	NaN
513	0513-1239	244493.754	819.034	290	1228	120.579	480.769	NaN
514	0514-1258	1681665.023	2125.317	932	1289	66.915	1121.795	NaN
515	0515-1386	33838757.396	10769.660	2354	1236	113.131	5937.148	NaN
516	0516-1299	11399778.107	5553.018	1495	1364	45.702	3226.834	NaN
517	0517-1279	2566157.133	2923.527	1640	1235	105.255	1488.605	NaN
518	0518-1277	4265285.996	3045.378	352	1315	40.732	2385.863	NaN
519	0519-1258	834155.161	1407.340	777	1267	30.069	1153.846	NaN
520	0520-1277	2078196.910	2548.430	1726	1301	39.898	1367.471	NaN
521	0521-1304	6812952.005	3638.773	975	1251	107.956	2609.215	NaN
522	0522-1277	1373479.619	1721.545	314	1254	118.951	1250.000	NaN
523	0523-1309	7685116.700	4204.708	1985	1345	33.811	2698.178	NaN
524	0524-1266	270175.871	942.656	2627	1274	35.311	529.137	NaN
525	0525-1353	14301857.331	6395.897	2542	1260	107.799	3089.126	NaN
526	0526-1322	13107125.247	5335.937	631	1373	38.660	3937.151	NaN
527	0527-1282	930719.921	1448.349	1183	1261	114.864	961.538	NaN
528	0528-1339	11143984.221	5392.336	2240	1261	111.991	3456.004	NaN
529	0529-1267	81155.490	410.457	807	1272	51.340	256.410	NaN
530	0530-1266	80128.205	407.946	2077	1271	45.000	288.462	NaN
531	0531-1269	146901.709	525.680	2609	1273	37.569	384.615	NaN
532	0532-1304	1974441.157	2576.891	574	1344	84.289	1183.044	NaN
533	0533-1279	442759.698	974.802	282	1266	117.408	641.026	NaN
534	0534-1323	8071375.740	4073.540	1768	1378	58.186	2977.941	NaN
535	0535-1276	121219.592	530.543	272	1269	115.017	256.410	NaN
536	0536-1311	2399737.015	2634.647	2105	1271	99.806	1266.415	NaN
537	0537-1276	79100.920	407.946	18	1281	45.000	288.462	NaN
538	0538-1288	435568.705	962.073	628	1275	119.982	737.179	NaN
539	0539-1285	71909.928	365.441	2463	1281	127.875	256.410	NaN
540	0540-1335	3260601.578	3339.030	769	1384	68.607	1528.656	NaN
541	0541-1299	216757.068	726.653	409	1309	48.576	458.641	NaN
542	0542-1396	14562787.640	6904.057	2162	1292	105.068	2992.905	NaN
543	0543-1303	115055.884	480.769	808	1297	126.870	320.513	NaN
544	0544-1306	226002.630	771.897	1403	1316	48.366	505.843	NaN
545	0545-1303	85264.629	410.457	150	1308	38.660	288.462	NaN
546	0546-1391	28613987.508	8975.790	87	1310	144.153	5873.508	NaN
547	0547-1319	506451.348	1206.508	1267	1337	73.009	607.626	NaN
548	0548-1332	1974441.157	2066.500	1295	1303	113.782	1378.205	NaN
549	0549-1352	8464825.773	4156.793	1036	1329	153.435	2650.549	NaN
550	0550-1316	186965.812	648.989	1697	1325	57.095	384.615	NaN
551	0551-1312	64718.935	365.441	160	1309	142.125	224.359	NaN
552	0552-1317	211620.644	690.406	143	1325	21.801	479.353	NaN
553	0553-1313	50336.949	317.292	210	1310	135.000	224.359	NaN
554	0554-1350	2358645.628	2371.145	1181	1314	103.285	1347.351	NaN
555	0555-1338	772518.080	1489.954	610	1360	71.175	743.156	NaN
556	0556-1352	2703813.281	2568.306	1226	1318	119.124	1666.667	NaN
557	0557-1328	200320.513	841.308	1676	1338	49.635	385.429	NaN
558	0558-1353	2543556.870	2112.955	1631	1321	99.605	1792.035	NaN
559	0559-1329	193129.520	616.519	1733	1321	117.897	384.615	NaN
560	0560-1346	1547090.730	1649.941	829	1325	150.945	1476.040	NaN
561	0561-1341	408859.303	1189.789	1711	1358	62.745	576.082	NaN
562	0562-1341	537269.888	1173.707	1396	1356	55.008	827.395	NaN
563	0563-1352	782790.927	1423.669	222	1332	121.185	967.642	NaN
564	0564-1359	1336497.370	1671.590	1348	1382	57.529	1279.212	NaN
565	0565-1379	2307281.394	2736.586	378	1339	108.435	1284.269	NaN
566	0566-1351	370849.770	871.889	1682	1362	53.973	705.128	NaN
567	0567-1415	12344880.013	4916.504	1980	1398	147.242	3817.120	NaN
568	0568-1400	5653147.600	3293.961	902	1451	79.346	2451.435	NaN
569	0569-1437	17024161.736	6107.010	1489	1519	59.397	4147.006	NaN
570	0570-1377	685198.882	1601.923	1969	1401	70.115	773.283	NaN
571	0571-1360	71909.928	385.949	1657	1364	41.634	256.410	NaN
572	0572-1384	2306254.109	2281.952	1818	1391	10.521	1558.468	NaN
573	0573-1369	275312.295	771.897	1726	1363	138.366	576.923	NaN
574	0574-1386	1512163.051	2089.488	17	1373	147.529	1208.199	NaN
575	0575-1369	82182.774	410.457	855	1364	128.660	256.410	NaN
576	0576-1367	64718.935	365.441	1332	1364	142.125	224.359	NaN
577	0577-1392	1571745.562	1976.294	1382	1384	171.607	1677.331	NaN
578	0578-1369	118137.738	455.534	1423	1364	129.289	352.564	NaN
579	0579-1409	4091674.885	2876.234	971	1366	104.191	1960.142	NaN
580	0580-1428	4687500.000	4112.693	517	1489	68.033	1683.320	NaN
581	0581-1433	5574046.680	4273.411	352	1371	111.562	2393.739	NaN
582	0582-1446	9170570.348	5094.843	1651	1521	68.600	2812.013	NaN
583	0583-1378	116083.169	506.775	2133	1385	55.305	288.462	NaN
584	0584-1431	5579183.103	3871.312	2407	1490	75.619	2036.178	NaN
585	0585-1413	2732577.252	2517.607	1288	1450	68.334	1780.354	NaN
586	0586-1380	79100.920	410.457	1419	1384	38.660	256.410	NaN
587	0587-1391	509533.202	1269.166	86	1377	135.000	763.389	NaN
588	0588-1381	80128.205	407.946	1015	1377	135.000	288.462	NaN
589	0589-1606	32359467.456	14567.581	584	1833	85.331	3495.381	NaN
590	0590-1385	64718.935	365.441	840	1382	142.125	224.359	NaN
591	0591-1471	12718811.637	5748.538	2348	1560	82.954	2909.737	NaN
592	0592-1481	13200608.153	6543.801	660	1398	119.327	3440.291	NaN
593	0593-1393	72937.212	385.949	1470	1397	41.634	256.410	NaN
594	0594-1453	7647107.166	4158.893	1348	1516	76.178	2572.111	NaN
595	0595-1426	1924104.208	2286.674	1167	1391	121.239	1493.822	NaN
596	0596-1465	7075936.884	4727.646	801	1538	81.815	2269.000	NaN
597	0597-1430	3942718.606	2660.449	1741	1443	31.201	2130.188	NaN
598	0598-1417	1688856.016	2446.208	1057	1394	148.392	1291.646	NaN
599	0599-1413	876273.833	1329.645	1208	1402	164.624	1143.324	NaN
600	0600-1401	71909.928	385.949	2121	1397	138.366	256.410	NaN
601	0601-1402	50336.949	317.292	1464	1399	135.000	224.359	NaN
602	0602-1440	1926158.777	2464.616	1014	1476	69.444	1325.425	NaN
603	0603-1420	658489.481	1339.268	82	1406	158.962	885.513	NaN
604	0604-1506	25197238.659	8344.421	1746	1582	31.492	6209.264	NaN
605	0605-1438	846482.577	1508.795	1254	1461	77.735	833.333	NaN
606	0606-1498	9040105.194	4959.256	844	1575	84.437	2571.778	NaN
607	0607-1483	6951635.437	3994.084	1428	1422	99.236	2548.188	NaN
608	0608-1432	79100.920	410.457	528	1437	51.340	256.410	NaN
609	0609-1470	2588757.396	2827.969	2258	1512	72.181	1449.377	NaN
610	0610-1435	92455.621	453.274	75	1430	135.000	320.513	NaN
611	0611-1435	71909.928	365.441	125	1431	127.875	256.410	NaN
612	0612-1470	914283.366	1992.858	1044	1498	62.199	797.782	NaN
613	0613-1448	50336.949	317.292	1721	1445	135.000	224.359	NaN
614	0614-1505	6546885.273	3607.015	941	1449	95.609	2532.051	NaN
615	0615-1557	19271860.618	7428.503	1988	1451	112.582	3844.670	NaN
616	0616-1509	7942965.155	3964.525	1098	1450	112.834	2931.303	NaN
617	0617-1508	5314143.655	3409.208	1722	1561	80.803	2330.514	NaN
618	0618-1475	476660.092	1226.773	2571	1460	123.275	595.571	NaN
619	0619-1535	8681582.840	4887.899	1171	1597	63.099	2820.513	NaN
620	0620-1475	50336.949	317.292	1166	1472	135.000	224.359	NaN
621	0621-1495	914283.366	1699.020	1161	1516	54.211	940.226	NaN
622	0622-1513	3210264.629	2541.972	1265	1551	66.991	1784.187	NaN
623	0623-1516	3882108.810	2710.940	1578	1555	65.556	2257.969	NaN
624	0624-1505	740672.255	1282.852	1014	1525	77.005	860.026	NaN
625	0625-1491	153065.417	631.337	71	1488	156.038	288.462	NaN
626	0626-1497	79100.920	410.457	291	1501	38.660	256.410	NaN
627	0627-1497	64718.935	362.619	2587	1501	45.000	256.410	NaN
628	0628-1542	4089620.316	2906.081	2116	1497	96.968	1870.823	NaN
629	0629-1530	2905161.078	2222.890	2397	1522	151.587	1888.505	NaN
630	0630-1538	3563650.559	2509.433	532	1506	114.928	1858.974	NaN
631	0631-1509	111974.030	525.680	2552	1514	37.569	320.513	NaN
632	0632-1516	50336.949	317.292	13	1513	135.000	224.359	NaN
633	0633-1569	6402038.133	3601.315	2183	1515	106.015	2628.079	NaN
634	0634-1527	228057.199	759.825	1029	1538	62.354	480.769	NaN
635	0635-1523	79100.920	417.898	1341	1520	147.529	224.359	NaN
636	0636-1598	14817554.241	5088.185	1494	1674	72.022	4158.380	NaN
637	0637-1591	9744822.485	4606.919	1331	1524	111.209	3632.752	NaN
638	0638-1614	13071170.283	5854.516	1841	1703	77.029	3672.888	NaN
639	0639-1576	7038954.635	3397.134	2526	1525	103.643	2916.667	NaN
640	0640-1591	5915105.194	3910.256	990	1531	100.389	2276.587	NaN
641	0641-1537	111974.030	476.477	2267	1543	42.274	352.564	NaN
642	0642-1602	10595414.201	4471.699	1655	1672	85.066	3403.796	NaN
643	0643-1590	4808719.592	3101.531	651	1579	161.940	2494.723	NaN
644	0644-1601	5020340.237	3356.980	789	1550	100.452	2291.871	NaN
645	0645-1575	830046.022	1682.616	1311	1550	107.745	727.557	NaN
646	0646-1600	4535461.867	2971.104	1049	1556	110.194	2174.392	NaN
647	0647-1562	124301.446	500.657	1243	1568	50.194	352.564	NaN
648	0648-1600	3540023.011	2908.908	888	1643	71.365	1945.370	NaN
649	0649-1594	2763395.792	2271.122	1280	1629	81.069	1752.364	NaN
650	0650-1666	17411448.060	7273.311	2403	1561	112.270	3908.854	NaN
651	0651-1596	1818293.886	2379.794	1588	1630	64.470	1236.549	NaN
652	0652-1570	89373.767	435.945	142	1576	53.973	256.410	NaN
653	0653-1572	126356.016	521.757	2374	1566	132.510	384.615	NaN
654	0654-1646	6955744.576	4423.193	1123	1579	103.835	2363.714	NaN
655	0655-1617	1986768.573	1885.585	1969	1589	121.799	1602.564	NaN
656	0656-1606	135601.578	521.757	2287	1611	42.510	384.615	NaN
657	0657-1613	363658.777	890.541	852	1601	120.256	641.026	NaN
658	0658-1633	840318.869	2112.955	1742	1666	80.395	718.005	NaN
659	0659-1606	70882.643	385.949	2326	1610	41.634	256.410	NaN
660	0660-1647	3939636.752	3114.422	2107	1692	66.337	2023.173	NaN
661	0661-1610	86291.913	410.457	2305	1615	51.340	288.462	NaN
662	0662-1641	2065869.494	2098.074	1913	1672	71.288	1453.659	NaN
663	0663-1636	963593.031	1692.660	2568	1661	71.222	1025.641	NaN
664	0664-1663	7351249.178	4016.014	2268	1697	28.610	2726.385	NaN
665	0665-1629	407832.018	931.695	749	1621	139.185	646.620	NaN
666	0666-1667	5044995.069	3292.558	1181	1715	58.941	2243.590	NaN
667	0667-1625	50336.949	317.292	189	1622	135.000	224.359	NaN
668	0668-1637	365713.346	860.026	1754	1649	63.435	576.923	NaN
669	0669-1666	3077744.905	2580.278	1319	1706	83.581	2088.963	NaN
670	0670-1629	50336.949	317.292	2240	1626	135.000	224.359	NaN
671	0671-1637	544460.881	1236.781	515	1628	148.782	647.448	NaN
672	0672-1703	12255506.246	4902.170	1419	1779	83.618	3778.970	NaN
673	0673-1635	177720.250	737.876	458	1642	34.380	379.798	NaN
674	0674-1634	96564.760	431.206	484	1629	131.987	320.513	NaN
675	0675-1725	16694403.353	6063.117	697	1819	83.626	3779.281	NaN
676	0676-1643	412968.442	942.656	850	1636	144.689	723.672	NaN
677	0677-1778	22612590.401	9337.876	890	1922	81.314	4104.755	NaN
678	0678-1656	1310815.253	1628.319	1256	1636	126.193	1152.860	NaN
679	0679-1644	57527.942	340.710	1986	1640	131.186	224.359	NaN
680	0680-1650	89373.767	431.206	1071	1655	48.013	288.462	NaN
681	0681-1682	1942595.332	2497.945	1033	1650	123.486	1152.167	NaN
682	0682-1682	1095085.470	2109.062	777	1651	106.783	830.871	NaN
683	0683-1662	465359.961	1065.434	1760	1662	164.291	737.179	NaN
684	0684-1684	1693992.439	2226.353	815	1716	67.126	1312.973	NaN
685	0685-1727	15741083.169	5662.292	1931	1681	152.710	4378.342	NaN
686	0686-1732	12755793.886	4919.010	1512	1792	61.598	3379.150	NaN
687	0687-1701	3353057.199	2632.501	2375	1675	132.039	1987.179	NaN
688	0688-1722	5591510.519	3753.149	1609	1664	97.853	1906.474	NaN
689	0689-1692	1001602.564	1749.072	1718	1719	76.218	963.773	NaN
690	0690-1686	462278.107	1334.273	21	1667	114.102	709.645	NaN
691	0691-1700	1424843.853	1783.964	989	1674	107.784	1441.701	NaN
692	0692-1678	64718.935	365.441	551	1675	142.125	224.359	NaN
693	0693-1696	694444.444	1226.773	1788	1714	70.145	1008.841	NaN
694	0694-1686	125328.731	570.657	1760	1679	128.157	347.767	NaN
695	0695-1684	90401.052	435.945	2221	1680	143.973	256.410	NaN
696	0696-1705	1057075.937	1691.445	1680	1729	62.949	1070.746	NaN
697	0697-1687	50336.949	317.292	829	1684	135.000	224.359	NaN
698	0698-1756	9460264.629	4706.412	1869	1827	73.787	2978.693	NaN
699	0699-1703	900928.665	1376.714	1250	1699	167.905	993.590	NaN
700	0700-1698	109919.461	551.431	533	1705	54.462	314.201	NaN
701	0701-1695	50336.949	317.292	47	1692	135.000	224.359	NaN
702	0702-1702	57527.942	340.710	63	1699	138.814	224.359	NaN
703	0703-1705	77046.351	410.457	49	1701	141.340	256.410	NaN
704	0704-1727	1354988.494	1648.383	1737	1749	63.435	1153.846	NaN
705	0705-1720	497205.786	1161.389	86	1704	117.979	739.892	NaN
706	0706-1708	57527.942	340.710	100	1704	131.186	224.359	NaN
707	0707-1719	752999.671	1228.447	1796	1724	15.124	946.029	NaN
708	0708-1744	2804487.179	2552.256	1100	1784	82.786	1688.989	NaN
709	0709-1714	137656.147	570.657	65	1720	38.157	349.842	NaN
710	0710-1732	1155695.266	1673.126	1204	1712	126.431	1037.169	NaN
711	0711-1716	50336.949	317.292	160	1713	135.000	224.359	NaN
712	0712-1770	6821170.283	3673.474	2285	1826	60.751	2952.756	NaN
713	0713-1740	1659064.760	2237.629	2364	1717	141.981	1356.143	NaN
714	0714-1720	50336.949	317.292	820	1717	135.000	224.359	NaN
715	0715-1760	3863617.686	2853.284	1279	1803	75.027	1860.315	NaN
716	0716-1740	928665.352	1573.454	1016	1721	123.366	939.548	NaN
717	0717-1726	173611.111	619.013	1158	1723	158.749	352.564	NaN
718	0718-1727	94510.191	431.206	178	1722	131.987	320.513	NaN
719	0719-1729	50336.949	317.292	126	1726	135.000	224.359	NaN
720	0720-1814	15218195.266	5559.027	1319	1899	80.375	3955.549	NaN
721	0721-1735	101701.183	480.769	1136	1740	36.870	288.462	NaN
722	0722-1797	6452375.082	4225.910	781	1739	112.286	2096.460	NaN
723	0723-1738	97592.045	455.534	231	1743	39.289	288.462	NaN
724	0724-1758	1243014.464	1742.894	1683	1780	57.771	1269.166	NaN
725	0725-1741	87319.198	417.898	106	1737	147.529	256.410	NaN
726	0726-1775	2868178.830	2566.705	982	1737	105.945	1803.387	NaN
727	0727-1822	11350468.442	5335.937	1786	1742	106.040	2973.155	NaN
728	0728-1773	1316978.961	1782.236	1189	1748	127.694	1061.111	NaN
729	0729-1790	2349400.066	2548.430	1140	1830	83.501	1457.190	NaN
730	0730-1782	1599482.249	1875.753	1463	1810	73.113	1302.857	NaN
731	0731-1769	111974.030	533.440	268	1774	32.735	288.462	NaN
732	0732-1770	90401.052	431.206	1218	1765	131.987	288.462	NaN
733	0733-1770	57527.942	340.710	1449	1766	131.186	224.359	NaN
734	0734-1806	2137779.421	2573.101	933	1845	76.310	1314.103	NaN
735	0735-1806	2719222.551	2473.146	1727	1770	108.905	1669.795	NaN
736	0736-1806	2641148.915	2398.927	2442	1772	112.797	1472.989	NaN
737	0737-1776	79100.920	410.457	2329	1771	128.660	256.410	NaN
738	0738-1879	12446581.197	7251.315	1027	1786	119.965	2686.740	NaN
739	0739-1839	8194649.901	4501.922	164	1780	121.314	2601.711	NaN
740	0740-1914	19561554.898	8806.640	2082	1779	101.760	3262.316	NaN
741	0741-1816	2803459.895	2463.157	1627	1850	57.758	1664.633	NaN
742	0742-1804	628698.225	1290.437	1172	1824	75.619	608.974	NaN
743	0743-1820	2178870.809	2226.353	727	1852	67.126	1476.252	NaN
744	0744-1809	910174.227	1442.308	1574	1824	53.130	1210.240	NaN
745	0745-1869	12873931.624	5128.706	1229	1949	83.541	3588.730	NaN
746	0746-1814	877301.118	1737.286	2030	1837	52.496	890.000	NaN
747	0747-1866	11524079.553	4416.685	1466	1926	52.964	3647.277	NaN
748	0748-1850	4151257.396	3369.198	116	1803	117.784	1798.517	NaN
749	0749-1816	616370.809	1347.679	1978	1808	154.654	760.425	NaN
750	0750-1828	1076594.346	1423.308	644	1813	125.838	1301.205	NaN
751	0751-1819	126356.016	588.383	83	1815	150.642	310.943	NaN
752	0752-1819	102728.468	498.601	2521	1825	45.000	352.564	NaN
753	0753-1820	57527.942	340.710	50	1816	131.186	224.359	NaN
754	0754-1843	1060157.791	1559.683	1435	1867	80.538	897.436	NaN
755	0755-1824	64718.935	362.619	212	1820	135.000	256.410	NaN
756	0756-1824	50336.949	317.292	1970	1821	135.000	224.359	NaN
757	0757-1928	17485412.558	6935.012	2478	2035	75.000	4191.440	NaN
758	0758-1831	113001.315	489.242	1170	1838	58.392	288.462	NaN
759	0759-1866	2937006.903	2709.424	67	1827	117.474	1456.632	NaN
760	0760-1885	9954388.560	5410.215	1652	1866	158.451	3530.901	NaN
761	0761-1846	843400.723	1600.319	676	1863	32.735	1089.744	NaN
762	0762-1893	12190787.311	4770.476	939	1955	51.821	3695.048	NaN
763	0763-1845	215729.783	846.785	555	1857	60.524	408.557	NaN
764	0764-1872	1833703.156	2379.578	579	1839	117.255	1559.497	NaN
765	0765-1856	907092.373	1247.120	1581	1839	115.907	1051.625	NaN
766	0766-1855	260930.309	1077.419	2011	1870	59.621	473.014	NaN
767	0767-1845	71909.928	385.949	2611	1850	48.366	256.410	NaN
768	0768-1858	580415.845	1133.184	635	1843	118.740	891.780	NaN
769	0769-1849	100673.899	462.250	2443	1846	146.310	288.462	NaN
770	0770-1853	180802.104	659.976	257	1849	150.945	384.615	NaN
771	0771-1851	72937.212	385.949	607	1847	138.366	256.410	NaN
772	0772-1940	13695759.369	6072.005	729	2033	75.010	3075.576	NaN
773	0773-1886	643080.210	1290.437	824	1867	104.381	728.130	NaN
774	0774-1871	71909.928	391.236	525	1868	145.008	224.359	NaN
775	0775-1883	751972.387	1404.783	1604	1899	34.778	853.608	NaN
776	0776-1908	3769107.495	2674.122	2041	1868	103.870	2157.487	NaN
777	0777-1908	3722879.684	2815.592	1366	1926	22.770	2364.318	NaN
778	0778-1908	1786448.060	2271.801	1053	1943	73.610	1177.397	NaN
779	0779-1897	1043721.236	1547.118	690	1879	129.958	1015.985	NaN
780	0780-1892	50336.949	317.292	1856	1889	135.000	224.359	NaN
781	0781-1893	57527.942	340.710	643	1890	138.814	224.359	NaN
782	0782-1898	50336.949	317.292	2523	1895	135.000	224.359	NaN
783	0783-1901	71909.928	365.441	1405	1897	127.875	256.410	NaN
784	0784-1904	50336.949	317.292	588	1901	135.000	224.359	NaN
785	0785-1905	80128.205	391.236	1605	1901	145.008	256.410	NaN
786	0786-1967	7100591.716	5527.801	1850	1901	130.061	2311.357	NaN
787	0787-1906	72937.212	385.949	2588	1910	41.634	256.410	NaN
788	0788-1907	64718.935	362.619	1620	1903	135.000	256.410	NaN
789	0789-1942	4001273.833	2829.422	151	1948	175.452	2287.545	NaN
790	0790-1914	134574.293	560.668	215	1906	120.964	288.462	NaN
791	0791-1916	357495.069	968.988	126	1907	145.784	605.958	NaN
792	0792-1930	797172.913	1338.501	1573	1910	106.699	833.333	NaN
793	0793-1943	3063362.919	3025.750	70	1914	143.616	1599.139	NaN
794	0794-1958	5891477.646	3471.170	814	1921	151.305	2618.421	NaN
795	0795-1961	3204100.920	2858.500	1595	1921	120.303	1826.923	NaN
796	0796-1928	89373.767	410.457	1285	1924	141.340	288.462	NaN
797	0797-1975	5073759.040	3299.881	1810	1931	119.055	2307.692	NaN
798	0798-1999	12844140.368	4992.187	1447	1956	155.739	4106.587	NaN
799	0799-2061	24995890.861	9541.436	1675	1949	129.411	4034.047	NaN
800	0800-1946	116083.169	516.811	2261	1939	119.745	288.462	NaN
801	0801-1952	106837.607	500.657	256	1958	50.194	320.513	NaN
802	0802-1950	50336.949	317.292	1284	1947	135.000	224.359	NaN
803	0803-1966	423241.289	1119.503	410	1982	66.371	587.859	NaN
804	0804-1957	134574.293	506.775	1366	1951	124.695	352.564	NaN
805	0805-1955	114028.600	533.440	2045	1960	32.735	288.462	NaN
806	0806-1957	109919.461	455.534	1190	1952	129.289	352.564	NaN
807	0807-1994	3690006.575	2721.341	1056	1958	122.005	2010.100	NaN
808	0808-1966	165392.834	657.637	11	1959	136.975	385.283	NaN
809	0809-2032	4974112.426	4349.773	258	1966	101.476	1923.077	NaN
810	0810-2084	23181706.114	9181.056	40	1969	136.273	5848.799	NaN
811	0811-1985	331812.952	1024.138	389	1970	110.136	559.154	NaN
812	0812-2084	20374137.081	9134.615	447	1970	126.870	4930.005	NaN
813	0813-1974	97592.045	455.534	948	1979	39.289	288.462	NaN
814	0814-1976	91428.337	498.601	25	1982	45.000	317.292	NaN
815	0815-1975	64718.935	362.619	1183	1979	45.000	256.410	NaN
816	0816-1981	57527.942	340.710	1320	1978	138.814	224.359	NaN
817	0817-1982	63691.650	362.619	1431	1986	45.000	256.410	NaN
818	0818-1983	50336.949	317.292	1152	1980	135.000	224.359	NaN
819	0819-2048	14228920.118	4740.340	1139	2100	51.038	4281.870	NaN
820	0820-1987	86291.913	435.945	105	1991	36.027	256.410	NaN
821	0821-1996	168474.688	659.976	16	1987	119.055	352.564	NaN
822	0822-2013	478714.661	1227.192	201	1997	139.236	671.824	NaN
823	0823-2003	57527.942	340.710	898	1999	131.186	224.359	NaN
824	0824-2004	57527.942	340.710	29	2000	131.186	224.359	NaN
825	0825-2010	373931.624	952.953	986	2001	137.726	663.111	NaN
826	0826-2006	82182.774	407.946	232	2011	45.000	288.462	NaN
827	0827-2006	70882.643	385.949	1415	2002	131.634	256.410	NaN
828	0828-2007	88346.483	431.206	968	2012	41.987	288.462	NaN
829	0829-2008	50336.949	317.292	1370	2005	135.000	224.359	NaN
830	0830-2011	85264.629	410.457	136	2016	38.660	288.462	NaN
831	0831-2011	92455.621	462.250	161	2007	146.310	256.410	NaN
832	0832-2022	819773.176	1581.269	1594	2033	17.700	898.166	NaN
833	0833-2016	125328.731	545.814	149	2010	130.236	352.564	NaN
834	0834-2048	2068951.348	2527.381	1876	2010	102.450	1366.944	NaN
835	0835-2104	23177596.976	7373.537	1597	2047	144.375	5928.688	NaN
836	0836-2020	220866.206	931.695	171	2026	26.565	406.978	NaN
837	0837-2050	2588757.396	2448.726	871	2013	104.400	1489.124	NaN
838	0838-2079	7531023.997	4028.019	975	2017	95.937	2838.110	NaN
839	0839-2049	1392998.028	1978.112	919	2021	116.980	1025.641	NaN
840	0840-2025	101701.183	462.250	700	2022	146.310	288.462	NaN
841	0841-2028	129437.870	489.242	1010	2024	148.392	352.564	NaN
842	0842-2054	1625164.366	1932.934	1040	2029	139.708	1544.860	NaN
843	0843-2055	1314924.392	1697.205	1924	2081	79.114	1103.616	NaN
844	0844-2035	50336.949	317.292	193	2032	135.000	224.359	NaN
845	0845-2068	2563075.279	3059.681	1361	2032	134.576	1285.095	NaN
846	0846-2037	79100.920	391.236	509	2034	145.008	256.410	NaN
847	0847-2050	329758.383	1040.063	21	2037	123.690	563.781	NaN
848	0848-2047	191074.951	666.944	225	2043	144.782	480.769	NaN
849	0849-2075	2774695.924	2544.799	1532	2050	130.914	2115.385	NaN
850	0850-2047	50336.949	317.292	1017	2044	135.000	224.359	NaN
851	0851-2053	50336.949	317.292	1577	2050	135.000	224.359	NaN
852	0852-2061	50336.949	317.292	303	2058	135.000	224.359	NaN
853	0853-2064	86291.913	391.236	127	2059	124.992	288.462	NaN
854	0854-2069	205456.936	690.406	226	2074	21.801	416.667	NaN
855	0855-2125	9223989.152	4338.186	1953	2070	124.160	3135.294	NaN
856	0856-2081	423241.289	1084.546	45	2065	108.970	673.077	NaN
857	0857-2073	64718.935	362.619	1310	2077	45.000	256.410	NaN
858	0858-2074	63691.650	362.619	1291	2070	135.000	256.410	NaN
859	0859-2132	7610124.918	3852.825	1068	2190	73.072	3073.743	NaN
860	0860-2082	98619.329	462.250	245	2088	56.310	288.462	NaN
861	0861-2113	2003205.128	2281.952	216	2084	119.445	1845.632	NaN
862	0862-2125	5430226.824	3958.041	842	2157	15.499	2519.173	NaN
863	0863-2085	57527.942	340.710	1437	2082	138.814	224.359	NaN
864	0864-2086	57527.942	340.710	1583	2083	138.814	224.359	NaN
865	0865-2102	815664.037	1138.159	69	2089	147.653	1025.641	NaN
866	0866-2125	2517874.753	2512.502	1883	2160	60.164	1506.410	NaN
867	0867-2096	117110.454	489.242	24	2090	121.608	320.513	NaN
868	0868-2098	109919.461	480.769	209	2092	126.870	320.513	NaN
869	0869-2146	8770956.607	4085.124	2438	2180	26.565	3301.282	NaN
870	0870-2105	192102.235	693.375	2655	2114	56.310	384.615	NaN
871	0871-2104	106837.607	521.757	888	2110	47.490	351.792	NaN
872	0872-2107	129437.870	506.775	1288	2101	124.695	352.564	NaN
873	0873-2105	79100.920	410.457	1401	2109	38.660	256.410	NaN
874	0874-2106	50336.949	317.292	1041	2103	135.000	224.359	NaN
875	0875-2110	100673.899	473.232	869	2106	151.699	256.410	NaN
876	0876-2112	57527.942	340.710	617	2109	138.814	224.359	NaN
877	0877-2118	103755.753	476.477	626	2113	132.274	320.513	NaN
878	0878-2118	50336.949	317.292	1022	2115	135.000	224.359	NaN
879	0879-2129	424268.573	1292.028	1532	2115	136.005	584.964	NaN
880	0880-2158	5936678.172	4027.891	1148	2118	145.045	2369.057	NaN
881	0881-2139	298939.842	796.137	272	2130	130.101	587.520	NaN
882	0882-2135	64718.935	362.619	215	2131	135.000	256.410	NaN
883	0883-2134	50336.949	317.292	844	2131	135.000	224.359	NaN
884	0884-2140	50336.949	317.292	1437	2137	135.000	224.359	NaN
885	0885-2145	88346.483	431.206	221	2140	131.987	288.462	NaN
886	0886-2149	80128.205	410.457	1251	2144	128.660	256.410	NaN
887	0887-2172	2052514.793	2906.965	226	2196	34.216	1413.558	NaN
888	0888-2149	50336.949	317.292	554	2146	135.000	224.359	NaN
889	0889-2172	4952539.448	3971.515	925	2183	173.047	1698.718	NaN
890	0890-2158	57527.942	340.710	1413	2155	138.814	224.359	NaN
891	0891-2165	170529.257	631.337	64	2174	66.038	320.513	NaN
892	0892-2168	133547.009	500.657	299	2162	129.806	384.615	NaN
893	0893-2165	50336.949	317.292	2141	2162	135.000	224.359	NaN
894	0894-2169	122246.877	489.242	47	2166	148.392	320.513	NaN
895	0895-2181	3019189.678	4035.153	1859	2183	173.157	1057.692	NaN
896	0896-2172	120192.308	551.431	30	2167	144.462	314.201	NaN
897	0897-2183	1897394.806	3151.474	2546	2188	175.333	1025.641	NaN
898	0898-2173	50336.949	317.292	1505	2170	135.000	224.359	NaN
899	0899-2186	1193704.799	2226.353	1669	2197	6.613	769.231	NaN
900	0900-2188	468441.815	1013.551	1125	2180	145.305	673.077	NaN
901	0901-2183	101701.183	453.274	1400	2188	45.000	320.513	NaN
902	0902-2185	172583.826	577.813	318	2189	33.690	416.667	NaN
903	0903-2184	81155.490	407.946	303	2189	45.000	288.462	NaN
904	0904-2190	614316.239	1439.813	170	2199	16.821	576.923	NaN
905	0905-2187	131492.439	500.657	337	2192	39.806	384.615	NaN
906	0906-2189	221893.491	711.654	26	2184	144.162	480.769	NaN
907	0907-2189	133547.009	615.685	1570	2182	128.660	380.914	NaN
908	0908-2189	122246.877	521.757	1290	2183	132.510	352.564	NaN
909	0909-2188	57527.942	340.710	1367	2184	131.186	224.359	NaN
910	0910-2191	418104.865	1427.992	1781	2190	170.961	448.718	NaN
911	0911-2192	251684.747	761.850	46	2199	22.249	448.718	NaN
912	0912-2191	425295.858	1314.103	2134	2189	167.320	416.667	NaN
913	0913-2194	65746.220	362.619	353	2190	135.000	256.410	NaN
914	0914-2194	64718.935	362.619	1470	2190	135.000	256.410	NaN
915	0915-2194	50336.949	317.292	747	2191	135.000	224.359	NaN
