 	Label	Area	Feret	FeretX	FeretY	FeretAngle	MinFeret	Perinuclei
1	0001-0005	63691.650	362.619	1444	1	135.000	256.410	NaN
2	0002-0084	10917981.591	5568.167	1417	4	113.762	3019.061	NaN
3	0003-0018	502342.209	1272.400	746	5	139.086	658.866	NaN
4	0004-0011	116083.169	521.757	1499	5	132.510	352.564	NaN
5	0005-0052	9449991.782	5522.688	2393	28	155.666	2179.984	NaN
6	0006-0099	9955415.845	6507.594	1635	8	116.313	2334.314	NaN
7	0007-0015	116083.169	525.680	1989	9	127.569	320.513	NaN
8	0008-0016	134574.293	590.996	1866	22	40.601	353.517	NaN
9	0009-0014	64718.935	365.441	1118	11	142.125	224.359	NaN
10	0010-0087	16698512.492	7843.925	123	91	166.532	4585.927	NaN
11	0011-0018	57527.942	340.710	816	14	131.186	224.359	NaN
12	0012-0034	845455.293	1905.906	1702	14	137.726	884.697	NaN
13	0013-0079	7028681.788	4676.523	1489	18	124.670	2529.504	NaN
14	0014-0055	1749465.812	2755.106	1908	18	119.249	974.696	NaN
15	0015-0045	1871712.689	1964.563	1854	42	151.763	1624.719	NaN
16	0016-0086	6840688.692	4611.933	1118	26	120.486	2049.729	NaN
17	0017-0027	50336.949	317.292	257	24	135.000	224.359	NaN
18	0018-0078	7199211.045	3922.454	2584	31	133.345	2861.056	NaN
19	0019-0060	1076594.346	2192.645	1592	27	105.255	989.257	NaN
20	0020-0056	1868630.835	2518.219	1777	27	132.421	1353.956	NaN
21	0021-0041	442759.698	907.680	1375	53	47.862	768.666	NaN
22	0022-0077	4006410.256	3971.385	1948	32	132.056	1690.613	NaN
23	0023-0059	1127958.580	1907.253	775	32	114.842	1053.464	NaN
24	0024-0051	746835.963	1342.333	1749	34	123.311	893.028	NaN
25	0025-0044	50336.949	317.292	892	41	135.000	224.359	NaN
26	0026-0048	71909.928	391.236	308	45	145.008	224.359	NaN
27	0027-0053	80128.205	391.236	921	48	124.992	256.410	NaN
28	0028-0053	81155.490	410.457	1023	48	128.660	256.410	NaN
29	0029-0139	9929733.728	6364.339	1704	51	116.952	2648.272	NaN
30	0030-0113	6856097.962	3984.814	1304	59	116.771	2717.997	NaN
31	0031-0078	1263560.158	1477.491	2351	61	130.601	1282.051	NaN
32	0032-0109	8252177.844	5766.114	2399	62	148.872	1967.702	NaN
33	0033-0164	25642052.926	10514.872	2258	89	155.701	5395.164	NaN
34	0034-0067	57527.942	340.710	75	64	138.814	224.359	NaN
35	0035-0068	71909.928	365.441	348	64	127.875	256.410	NaN
36	0036-0094	2442882.972	3022.523	2035	65	145.804	1494.869	NaN
37	0037-0125	3600632.807	3711.588	1064	80	126.573	1344.032	NaN
38	0038-0081	116083.169	525.680	57	75	127.569	320.513	NaN
39	0039-0160	12785585.141	7531.028	1844	81	137.415	2674.314	NaN
40	0040-0095	50336.949	317.292	1274	92	135.000	224.359	NaN
41	0041-0104	400641.026	1001.314	2372	116	50.194	721.683	NaN
42	0042-0136	2133670.283	3096.393	1583	93	115.769	1189.703	NaN
43	0043-0101	123274.162	551.431	931	96	144.462	320.513	NaN
44	0044-0144	2432610.125	3275.039	1044	96	110.031	1220.740	NaN
45	0045-0118	1009820.842	1824.954	1958	102	149.381	828.250	NaN
46	0046-0105	50336.949	317.292	88	102	135.000	224.359	NaN
47	0047-0111	315376.397	846.178	686	102	142.696	608.974	NaN
48	0048-0109	50336.949	317.292	74	106	135.000	224.359	NaN
49	0049-0109	50336.949	317.292	922	106	135.000	224.359	NaN
50	0050-0111	50336.949	317.292	1827	108	135.000	224.359	NaN
51	0051-0126	606097.962	1066.879	1264	113	122.735	892.580	NaN
52	0052-0124	510560.487	1146.702	2219	136	26.565	716.388	NaN
53	0053-0118	57527.942	340.710	1299	114	131.186	224.359	NaN
54	0054-0177	13807733.399	6543.801	2041	125	147.400	3688.217	NaN
55	0055-0142	618425.378	1581.269	72	119	107.700	620.315	NaN
56	0056-0178	8855193.951	4217.759	623	192	168.605	3814.103	NaN
57	0057-0129	510560.487	1237.196	1215	123	163.443	581.727	NaN
58	0058-0191	9363699.869	5426.046	1827	119	128.766	2782.841	NaN
59	0059-0139	511587.771	1280.849	994	157	58.299	699.757	NaN
60	0060-0127	50336.949	317.292	755	124	135.000	224.359	NaN
61	0061-0173	3594469.099	3263.885	1389	125	107.723	1875.977	NaN
62	0062-0168	2679158.448	2979.563	895	207	58.191	1345.101	NaN
63	0063-0187	5118959.566	3958.041	2248	128	105.499	2161.561	NaN
64	0064-0149	551651.874	1224.678	2005	139	132.879	699.350	NaN
65	0065-0142	160256.410	590.996	113	135	130.601	416.667	NaN
66	0066-0140	86291.913	435.945	383	146	53.973	256.410	NaN
67	0067-0146	285585.141	974.802	873	157	46.332	518.452	NaN
68	0068-0144	151010.848	544.872	1207	142	151.928	352.564	NaN
69	0069-0151	336949.375	838.862	1283	162	43.452	732.068	NaN
70	0070-0220	11118302.104	5661.748	1508	145	120.630	2850.594	NaN
71	0071-0237	13980317.226	6810.049	963	143	117.771	3357.560	NaN
72	0072-0164	507478.632	1315.665	1247	147	124.077	657.247	NaN
73	0073-0220	11147066.075	5117.878	781	148	115.602	4031.763	NaN
74	0074-0163	467414.530	924.500	999	166	33.690	823.790	NaN
75	0075-0178	1798775.477	1847.055	1144	158	128.660	1602.564	NaN
76	0076-0159	50336.949	317.292	634	156	135.000	224.359	NaN
77	0077-0162	110946.746	480.769	162	157	143.130	320.513	NaN
78	0078-0192	2345290.927	2139.528	115	159	98.616	1607.285	NaN
79	0079-0162	50336.949	317.292	1224	159	135.000	224.359	NaN
80	0080-0221	5568910.256	3793.578	1309	164	103.684	2313.574	NaN
81	0081-0225	8532626.561	5165.032	124	267	33.098	2979.563	NaN
82	0082-0244	11887738.330	6645.136	1649	168	132.850	3045.404	NaN
83	0083-0244	10374547.995	5161.849	1214	169	110.348	2894.753	NaN
84	0084-0211	3464003.945	2753.614	1446	180	129.806	2008.036	NaN
85	0085-0182	101701.183	480.769	1013	178	143.130	288.462	NaN
86	0086-0254	10800871.137	5778.127	2037	178	123.690	3056.407	NaN
87	0087-0185	50336.949	317.292	144	182	135.000	224.359	NaN
88	0088-0213	740672.255	1511.856	1101	234	57.995	915.197	NaN
89	0089-0198	87319.198	417.898	1093	193	122.471	256.410	NaN
90	0090-0198	64718.935	362.619	263	202	45.000	256.410	NaN
91	0091-0197	50336.949	317.292	1039	194	135.000	224.359	NaN
92	0092-0202	116083.169	516.811	606	207	29.745	288.462	NaN
93	0093-0251	5053213.346	3730.362	516	209	130.121	3244.724	NaN
94	0094-0217	561924.721	1165.363	254	202	121.504	865.385	NaN
95	0095-0222	711908.284	1557.705	55	242	53.366	916.667	NaN
96	0096-0207	50336.949	317.292	301	204	135.000	224.359	NaN
97	0097-0241	1801857.331	2819.966	1612	204	121.522	1000.518	NaN
98	0098-0290	12409598.948	5565.122	1142	206	114.499	3285.674	NaN
99	0099-0245	2734631.821	3103.683	1040	206	125.331	1290.039	NaN
100	0100-0327	17289201.183	7781.666	1370	208	104.551	3324.864	NaN
101	0101-0218	57527.942	340.710	596	215	138.814	224.359	NaN
102	0102-0265	7159146.943	4035.153	2566	228	149.973	2560.824	NaN
103	0103-0270	4131738.988	3429.637	894	322	74.275	1950.578	NaN
104	0104-0224	50336.949	317.292	740	221	135.000	224.359	NaN
105	0105-0364	34992398.093	9999.281	2387	505	61.052	5484.407	NaN
106	0106-0229	113001.315	521.757	1764	224	137.490	339.955	NaN
107	0107-0231	57527.942	340.710	1288	227	131.186	224.359	NaN
108	0108-0244	1079676.200	2093.172	51	259	25.388	917.619	NaN
109	0109-0237	50336.949	317.292	294	234	135.000	224.359	NaN
110	0110-0243	172583.826	645.020	1108	252	63.435	382.409	NaN
111	0111-0246	375986.193	796.137	247	237	130.101	641.026	NaN
112	0112-0241	50336.949	317.292	696	238	135.000	224.359	NaN
113	0113-0288	7763190.335	5209.393	1787	239	146.799	2541.913	NaN
114	0114-0272	1792611.769	2378.283	1443	243	127.333	1415.250	NaN
115	0115-0251	132519.724	533.440	10	256	32.735	320.513	NaN
116	0116-0308	10449539.776	6019.244	2170	253	149.612	3073.500	NaN
117	0117-0263	379068.047	934.447	103	277	67.834	576.923	NaN
118	0118-0256	103755.753	455.534	270	251	140.711	320.513	NaN
119	0119-0256	71909.928	391.236	501	253	145.008	224.359	NaN
120	0120-0272	594797.830	1419.695	512	253	118.301	711.462	NaN
121	0121-0320	14019354.043	7325.454	1918	276	154.332	3201.054	NaN
122	0122-0280	2819896.450	2524.738	705	262	151.157	1698.718	NaN
123	0123-0339	14773380.999	6391.800	1450	305	146.868	4704.265	NaN
124	0124-0283	1702210.717	2205.724	2302	256	125.538	1334.948	NaN
125	0125-0261	50336.949	317.292	91	258	135.000	224.359	NaN
126	0126-0294	3743425.378	2892.617	615	276	158.552	2169.844	NaN
127	0127-0263	64718.935	365.441	82	259	127.875	224.359	NaN
128	0128-0266	50336.949	317.292	660	263	135.000	224.359	NaN
129	0129-0266	50336.949	317.292	1934	263	135.000	224.359	NaN
130	0130-0334	11278558.514	4773.167	155	379	40.643	3727.461	NaN
131	0131-0314	1926158.777	2150.065	471	347	79.695	1685.866	NaN
132	0132-0334	7623479.619	4553.087	783	282	144.744	2809.155	NaN
133	0133-0328	4186185.076	3177.121	55	313	149.036	2644.414	NaN
134	0134-0340	6791379.027	3903.683	1618	289	122.255	2503.507	NaN
135	0135-0293	50336.949	317.292	69	290	135.000	224.359	NaN
136	0136-0295	64718.935	362.619	1352	299	45.000	256.410	NaN
137	0137-0339	3118836.292	3040.652	1099	294	108.435	1592.214	NaN
138	0138-0312	531106.180	1135.900	508	295	106.390	791.724	NaN
139	0139-0307	208538.790	681.420	77	315	48.814	448.718	NaN
140	0140-0345	3254437.870	2910.320	1314	302	106.639	1798.221	NaN
141	0141-0328	1160831.690	1682.005	551	315	149.036	1282.051	NaN
142	0142-0317	155119.987	705.856	589	309	129.472	385.984	NaN
143	0143-0314	94510.191	435.945	2351	309	126.027	288.462	NaN
144	0144-0345	2361727.482	2322.778	924	378	62.021	1571.726	NaN
145	0145-0386	9056541.749	5656.302	658	456	51.442	3138.010	NaN
146	0146-0393	14122082.512	7609.058	2131	342	150.195	3027.613	NaN
147	0147-0341	1115631.164	1451.184	676	354	43.210	1189.165	NaN
148	0148-0329	139710.717	543.928	2232	335	45.000	384.615	NaN
149	0149-0403	13376273.833	5576.739	980	325	115.534	3788.895	NaN
150	0150-0369	2234344.181	2523.110	1245	407	64.411	1718.466	NaN
151	0151-0397	8880876.068	5762.995	1715	331	132.295	2802.664	NaN
152	0152-0338	71909.928	391.236	276	333	124.992	224.359	NaN
153	0153-0390	7576224.523	4580.082	1914	340	133.299	2817.643	NaN
154	0154-0394	9126397.107	4581.428	550	417	17.928	3068.107	NaN
155	0155-0380	5140532.544	3376.964	465	395	16.543	2225.863	NaN
156	0156-0370	1897394.806	2561.096	1840	342	135.507	1237.616	NaN
157	0157-0348	57527.942	340.710	1281	345	138.814	224.359	NaN
158	0158-0364	526997.041	1390.449	409	353	154.026	611.465	NaN
159	0159-0379	1315951.677	2365.940	2006	358	144.372	996.247	NaN
160	0160-0360	50336.949	317.292	452	357	135.000	224.359	NaN
161	0161-0405	3038708.087	3627.322	1832	362	133.568	1544.757	NaN
162	0162-0405	2919543.064	2886.218	377	379	150.018	1936.799	NaN
163	0163-0412	2038132.807	2838.665	1524	368	96.483	1159.181	NaN
164	0164-0424	5325443.787	3921.406	1149	388	134.007	2189.888	NaN
165	0165-0401	1190622.945	1837.017	98	425	42.879	1299.521	NaN
166	0166-0385	50336.949	317.292	409	382	135.000	224.359	NaN
167	0167-0436	11076183.432	4835.921	2445	482	19.756	3330.868	NaN
168	0168-0418	2555884.287	2400.211	2091	399	145.886	1798.677	NaN
169	0169-0389	50336.949	317.292	204	386	135.000	224.359	NaN
170	0170-0470	14675788.955	5671.628	907	391	123.241	3640.959	NaN
171	0171-0478	14860700.197	6398.226	1276	386	112.068	3474.103	NaN
172	0172-0479	12567800.789	7209.330	1697	386	123.761	2637.153	NaN
173	0173-0464	6810897.436	4761.854	870	538	84.980	1963.044	NaN
174	0174-0394	50336.949	317.292	1335	391	135.000	224.359	NaN
175	0175-0415	1588182.117	1814.227	787	429	32.005	1395.701	NaN
176	0176-0422	1415598.291	1863.390	176	403	139.185	1175.489	NaN
177	0177-0442	3594469.099	2973.868	1634	403	120.434	1795.696	NaN
178	0178-0509	17439184.747	7044.358	1125	405	108.847	4154.241	NaN
179	0179-0409	57527.942	340.710	1232	406	138.814	224.359	NaN
180	0180-0422	308185.404	1096.323	127	436	52.125	501.682	NaN
181	0181-0413	94510.191	489.242	239	417	31.608	256.410	NaN
182	0182-0486	11471688.034	6472.534	2022	438	145.287	2534.331	NaN
183	0183-0421	64718.935	365.441	376	418	142.125	224.359	NaN
184	0184-0455	6342455.621	4750.731	2165	435	164.745	2052.514	NaN
185	0185-0437	421186.719	973.220	471	452	72.759	631.817	NaN
186	0186-0459	2872287.968	2404.701	1465	424	111.092	1628.563	NaN
187	0187-0482	6239727.153	3711.588	1576	540	73.443	2396.035	NaN
188	0188-0439	305103.550	820.913	526	447	38.660	576.923	NaN
189	0189-0517	13753287.311	5863.370	1364	431	115.585	3520.556	NaN
190	0190-0439	161283.695	632.150	492	434	149.534	384.615	NaN
191	0191-0467	2264135.437	3372.093	664	496	36.107	1400.040	NaN
192	0192-0480	6179117.357	3564.039	738	521	41.719	2786.550	NaN
193	0193-0437	50336.949	317.292	1821	434	135.000	224.359	NaN
194	0194-0445	308185.404	1077.419	124	453	30.379	556.588	NaN
195	0195-0447	108892.176	476.477	450	453	42.274	352.564	NaN
196	0196-0483	7510478.304	4149.620	525	457	156.801	2574.736	NaN
197	0197-0481	3676651.874	3130.542	1844	445	137.490	1945.404	NaN
198	0198-0509	13319773.176	7331.341	1916	448	150.970	2795.187	NaN
199	0199-0449	57527.942	340.710	18	445	131.186	224.359	NaN
200	0200-0454	303048.981	750.986	2138	446	140.194	576.923	NaN
201	0201-0453	116083.169	545.814	391	460	49.764	352.564	NaN
202	0202-0457	217784.352	782.472	146	464	34.992	408.575	NaN
203	0203-0454	70882.643	385.949	490	450	131.634	256.410	NaN
204	0204-0492	3849235.700	2949.589	69	499	160.974	2279.069	NaN
205	0205-0493	2127506.575	2392.065	445	526	54.819	1422.014	NaN
206	0206-0507	3022271.532	3013.843	382	544	57.155	1805.233	NaN
207	0207-0482	471523.669	994.107	177	468	110.772	769.231	NaN
208	0208-0514	3536941.157	2858.859	334	556	70.346	2225.670	NaN
209	0209-0478	130465.155	525.680	496	485	52.431	384.615	NaN
210	0210-0487	357495.069	1032.131	707	499	53.842	551.444	NaN
211	0211-0477	50336.949	317.292	39	474	135.000	224.359	NaN
212	0212-0479	84237.344	431.206	441	474	131.987	288.462	NaN
213	0213-0586	27785996.055	9545.957	2183	493	136.769	5482.398	NaN
214	0214-0504	1653928.337	2142.647	1517	476	124.641	1184.403	NaN
215	0215-0528	6708168.968	4134.491	2477	491	150.255	2460.286	NaN
216	0216-0485	57527.942	340.710	11	481	131.186	224.359	NaN
217	0217-0495	275312.295	863.007	149	508	68.199	416.667	NaN
218	0218-0517	1479289.941	2179.723	1637	485	109.767	981.418	NaN
219	0219-0490	64718.935	362.619	47	486	135.000	256.410	NaN
220	0220-0506	789981.920	1405.879	491	526	65.772	1025.641	NaN
221	0221-0491	64718.935	362.619	299	495	45.000	256.410	NaN
222	0222-0491	64718.935	365.441	2431	487	127.875	224.359	NaN
223	0223-0494	50336.949	317.292	258	491	135.000	224.359	NaN
224	0224-0575	12773257.725	6472.534	1676	494	124.713	2659.228	NaN
225	0225-0524	2030941.815	2083.333	1030	494	112.620	1367.471	NaN
226	0226-0503	50336.949	317.292	245	500	135.000	224.359	NaN
227	0227-0525	1483399.080	1951.183	179	503	132.337	1221.228	NaN
228	0228-0531	1603591.387	2009.030	2591	505	123.944	1246.502	NaN
229	0229-0561	4841592.702	4196.148	1488	507	124.418	2131.459	NaN
230	0230-0513	65746.220	362.619	208	509	135.000	256.410	NaN
231	0231-0513	80128.205	410.457	656	509	141.340	256.410	NaN
232	0232-0536	2300090.401	2541.972	648	555	23.009	1576.769	NaN
233	0233-0541	1398134.451	1752.300	591	554	39.806	1327.808	NaN
234	0234-0523	50336.949	317.292	636	520	135.000	224.359	NaN
235	0235-0599	11987384.944	7117.983	1880	532	141.582	2515.668	NaN
236	0236-0556	2837360.289	2586.838	241	525	146.113	1804.864	NaN
237	0237-0530	79100.920	417.898	75	527	147.529	224.359	NaN
238	0238-0562	5265861.275	4052.428	745	541	171.357	1939.862	NaN
239	0239-0540	164365.549	657.637	88	548	46.975	417.174	NaN
240	0240-0538	130465.155	525.680	519	543	37.569	352.564	NaN
241	0241-0538	95537.475	455.534	1142	533	129.289	288.462	NaN
242	0242-0618	11186102.893	6509.252	1854	535	125.177	2651.323	NaN
243	0243-0562	1827539.448	1920.137	525	575	33.425	1440.726	NaN
244	0244-0540	50336.949	317.292	1264	537	135.000	224.359	NaN
245	0245-0571	2231262.327	2325.651	1607	540	119.745	1419.896	NaN
246	0246-0581	5396326.430	3286.937	427	616	43.815	2515.668	NaN
247	0247-0552	315376.397	731.584	1109	562	61.189	641.026	NaN
248	0248-0550	64718.935	362.619	1140	554	45.000	256.410	NaN
249	0249-0552	81155.490	410.457	141	557	51.340	256.410	NaN
250	0250-0552	114028.600	525.680	163	547	142.431	320.513	NaN
251	0251-0574	1394025.312	1827.204	1273	548	111.615	1346.154	NaN
252	0252-0552	50336.949	317.292	1567	549	135.000	224.359	NaN
253	0253-0555	50336.949	317.292	97	552	135.000	224.359	NaN
254	0254-0617	5180596.647	4529.675	177	554	116.021	2559.913	NaN
255	0255-0658	17904544.707	6754.385	721	554	97.361	4656.382	NaN
256	0256-0560	175665.680	588.383	1256	563	29.358	416.667	NaN
257	0257-0560	57527.942	340.710	1079	556	131.186	224.359	NaN
258	0258-0562	108892.176	462.250	155	558	146.310	320.513	NaN
259	0259-0607	9486974.030	4190.391	917	570	158.931	3097.693	NaN
260	0260-0563	50336.949	317.292	1133	560	135.000	224.359	NaN
261	0261-0587	1680637.738	2068.488	1052	570	139.399	1376.830	NaN
262	0262-0572	260930.309	1051.360	1118	562	142.431	438.228	NaN
263	0263-0626	12774285.010	4996.095	2102	584	138.641	3674.194	NaN
264	0264-0570	171556.542	596.188	388	563	126.254	448.718	NaN
265	0265-0575	223948.060	808.938	875	582	33.690	436.519	NaN
266	0266-0587	687253.452	1727.799	309	606	40.486	711.175	NaN
267	0267-0581	157174.556	676.123	158	590	58.570	384.615	NaN
268	0268-0598	1887121.959	1978.112	629	621	49.600	1442.308	NaN
269	0269-0578	71909.928	385.949	140	574	138.366	256.410	NaN
270	0270-0601	2234344.181	2090.225	572	621	35.640	1662.223	NaN
271	0271-0593	920447.074	1760.196	2573	582	146.889	1159.200	NaN
272	0272-0581	142792.571	545.814	173	586	40.236	384.615	NaN
273	0273-0610	2791132.479	2694.024	2037	576	124.824	1693.671	NaN
274	0274-0596	646162.064	1335.812	337	614	59.744	774.559	NaN
275	0275-0669	11131656.805	5823.904	1323	760	84.948	2660.256	NaN
276	0276-0592	238330.046	801.282	892	582	126.870	457.806	NaN
277	0277-0660	10350920.447	6073.359	1669	583	125.116	2698.128	NaN
278	0278-0587	50336.949	317.292	372	584	135.000	224.359	NaN
279	0279-0595	189020.381	705.856	30	587	129.472	465.130	NaN
280	0280-0608	1170077.252	1780.217	841	623	23.334	1160.310	NaN
281	0281-0607	566033.859	1457.893	2616	587	123.341	744.567	NaN
282	0282-0659	8819238.988	6060.744	1461	589	131.785	2755.735	NaN
283	0283-0670	13228344.839	5301.654	1243	590	109.421	3388.608	NaN
284	0284-0635	2743877.383	2847.518	1124	679	78.311	1631.241	NaN
285	0285-0646	4853920.118	3991.382	1586	592	119.859	2075.318	NaN
286	0286-0607	481796.515	1256.557	243	592	127.747	657.247	NaN
287	0287-0600	57527.942	340.710	402	597	138.814	224.359	NaN
288	0288-0622	2566157.133	2292.059	759	633	20.462	1590.990	NaN
289	0289-0628	2914406.640	2500.000	482	645	22.620	1688.991	NaN
290	0290-0605	103755.753	500.657	149	610	39.806	320.513	NaN
291	0291-0613	463305.391	1476.448	1055	605	152.879	596.321	NaN
292	0292-0610	50336.949	317.292	413	607	135.000	224.359	NaN
293	0293-0614	82182.774	407.946	17	610	135.000	288.462	NaN
294	0294-0616	63691.650	362.619	324	620	45.000	256.410	NaN
295	0295-0621	215729.783	616.519	282	626	27.897	480.769	NaN
296	0296-0629	542406.312	1049.894	1162	614	121.264	673.077	NaN
297	0297-0621	64718.935	362.619	869	625	45.000	256.410	NaN
298	0298-0649	2040187.377	2100.032	2257	618	105.945	1346.154	NaN
299	0299-0630	139710.717	705.856	156	622	129.472	384.772	NaN
300	0300-0696	9981097.962	5061.465	902	622	115.105	3018.745	NaN
301	0301-0661	4381369.165	3128.737	291	692	37.926	1938.433	NaN
302	0302-0803	28681788.297	11309.017	1021	979	84.144	5388.014	NaN
303	0303-0670	2596975.674	2437.794	397	636	114.880	1762.821	NaN
304	0304-0720	11632971.729	5874.835	1821	635	111.105	3276.331	NaN
305	0305-0641	65746.220	362.619	68	637	135.000	256.410	NaN
306	0306-0665	581443.130	1470.522	255	687	69.590	623.550	NaN
307	0307-0683	5183678.501	3645.543	511	708	32.433	2141.269	NaN
308	0308-0665	418104.865	1414.983	845	687	76.908	384.615	NaN
309	0309-0652	50336.949	317.292	191	649	135.000	224.359	NaN
310	0310-0653	50336.949	317.292	133	650	135.000	224.359	NaN
311	0311-0704	7926528.600	5298.844	2065	664	145.349	1998.655	NaN
312	0312-0664	298939.842	846.178	42	652	114.624	512.821	NaN
313	0313-0659	178747.535	641.026	1159	665	36.870	448.718	NaN
314	0314-0658	88346.483	435.945	70	662	36.027	256.410	NaN
315	0315-0685	1267669.297	2098.074	807	655	108.712	1081.499	NaN
316	0316-0666	283530.572	846.785	21	678	60.524	447.882	NaN
317	0317-0661	57527.942	340.710	152	657	131.186	224.359	NaN
318	0318-0663	191074.951	780.500	2632	660	160.821	288.462	NaN
319	0319-0666	50336.949	317.292	102	663	135.000	224.359	NaN
320	0320-0686	1679610.454	2090.225	1985	665	144.360	1182.941	NaN
321	0321-0670	64718.935	365.441	1577	667	142.125	224.359	NaN
322	0322-0672	57527.942	340.710	813	668	131.186	224.359	NaN
323	0323-0675	71909.928	385.949	464	671	131.634	256.410	NaN
324	0324-0678	221893.491	835.795	2657	671	147.529	385.149	NaN
325	0325-0676	81155.490	407.946	148	672	135.000	288.462	NaN
326	0326-0677	50336.949	317.292	368	674	135.000	224.359	NaN
327	0327-0686	335922.091	846.178	189	676	142.696	641.026	NaN
328	0328-0680	50336.949	317.292	103	677	135.000	224.359	NaN
329	0329-0683	98619.329	462.250	179	677	123.690	256.410	NaN
330	0330-0681	50336.949	317.292	381	678	135.000	224.359	NaN
331	0331-0712	1833703.156	2049.779	457	742	63.034	1474.359	NaN
332	0332-0715	1290269.560	2006.728	44	744	63.435	1175.719	NaN
333	0333-0717	1738165.680	2173.115	1137	694	127.208	1256.692	NaN
334	0334-0711	1525517.751	2053.534	1894	688	145.814	1152.374	NaN
335	0335-0693	50336.949	317.292	121	690	135.000	224.359	NaN
336	0336-0701	157174.556	619.013	181	692	111.251	288.462	NaN
337	0337-0731	5288461.538	3150.985	2222	694	136.236	2528.360	NaN
338	0338-0698	127383.300	476.477	2647	693	132.274	352.564	NaN
339	0339-0696	50336.949	317.292	23	693	135.000	224.359	NaN
340	0340-0764	10031434.911	5650.942	2052	699	132.011	2826.421	NaN
341	0341-0732	5290516.108	3771.988	2313	709	155.395	2067.364	NaN
342	0342-0721	983111.440	1573.454	253	740	56.634	1013.981	NaN
343	0343-0744	5134368.836	3479.447	584	720	148.946	2135.904	NaN
344	0344-0760	8342578.895	4100.811	318	819	68.448	2916.487	NaN
345	0345-0708	124301.446	551.431	198	701	125.538	320.513	NaN
346	0346-0726	1747411.243	2207.819	2421	702	140.301	1304.240	NaN
347	0347-0724	879355.687	1530.763	219	747	70.427	877.515	NaN
348	0348-0739	2245644.313	2243.819	1111	706	111.801	1381.880	NaN
349	0349-0710	50336.949	317.292	594	707	135.000	224.359	NaN
350	0350-0739	2311390.533	2030.392	1616	708	101.842	1602.564	NaN
351	0351-0712	50336.949	317.292	135	709	135.000	224.359	NaN
352	0352-0760	6861234.385	4216.419	1961	716	133.768	2594.183	NaN
353	0353-0724	109919.461	498.601	422	719	135.000	352.564	NaN
354	0354-0725	50336.949	317.292	143	722	135.000	224.359	NaN
355	0355-0730	126356.016	533.440	402	735	32.735	320.513	NaN
356	0356-0765	4929939.185	3164.486	764	780	6.981	2371.795	NaN
357	0357-0738	210593.360	641.026	74	731	143.130	512.821	NaN
358	0358-0786	3298611.111	3456.341	411	736	108.939	1611.703	NaN
359	0359-0741	71909.928	365.441	492	737	127.875	256.410	NaN
360	0360-0779	4766600.920	3645.543	522	744	147.567	2416.434	NaN
361	0361-0748	140738.001	570.657	170	755	51.843	352.564	NaN
362	0362-0771	2322690.664	2080.126	1063	745	123.690	1675.649	NaN
363	0363-0770	1098167.324	2099.787	1906	742	121.264	1205.688	NaN
364	0364-0889	20493302.104	9401.904	1203	743	95.477	3861.188	NaN
365	0365-0794	4232412.886	3210.572	181	842	75.548	2300.979	NaN
366	0366-0757	278394.149	726.653	76	751	138.576	544.872	NaN
367	0367-0829	13584812.623	5594.303	1346	757	118.768	4184.443	NaN
368	0368-0779	1361152.202	1671.590	247	757	122.471	1153.846	NaN
369	0369-0810	11488124.589	5597.516	2296	773	156.371	3099.636	NaN
370	0370-0802	2983234.714	2829.604	479	759	99.782	1831.737	NaN
371	0371-0830	8613782.051	4555.343	1138	899	76.159	2994.113	NaN
372	0372-0770	64718.935	365.441	153	767	142.125	224.359	NaN
373	0373-0842	10465976.331	5094.843	2202	769	111.400	3483.106	NaN
374	0374-0831	13191362.590	5462.370	608	872	25.362	3876.129	NaN
375	0375-0793	1413543.721	1971.870	1406	771	135.659	1206.619	NaN
376	0376-0784	464332.676	1192.377	1900	772	143.746	723.458	NaN
377	0377-0803	2504520.053	2551.451	46	773	153.113	1640.510	NaN
378	0378-0780	137656.147	545.814	101	775	139.764	352.564	NaN
379	0379-0788	458168.968	1084.546	888	780	145.840	663.904	NaN
380	0380-0802	930719.921	1649.941	2570	779	114.075	1253.203	NaN
381	0381-0815	2253862.590	2809.748	1805	787	147.579	1477.508	NaN
382	0382-0848	6125698.554	4440.346	1014	795	129.435	2105.126	NaN
383	0383-0798	50336.949	317.292	22	795	135.000	224.359	NaN
384	0384-0814	350304.076	1192.377	396	800	126.254	560.837	NaN
385	0385-0813	597879.684	1292.028	887	817	23.385	861.401	NaN
386	0386-0806	88346.483	410.457	2614	801	128.660	288.462	NaN
387	0387-0859	13811842.538	6293.569	1886	811	152.391	3521.500	NaN
388	0388-0812	137656.147	567.045	574	806	132.709	408.228	NaN
389	0389-0819	202375.082	685.927	11	827	52.595	413.449	NaN
390	0390-0824	299967.127	874.830	270	836	61.557	553.148	NaN
391	0391-0832	1337524.655	2265.461	552	842	25.115	1061.081	NaN
392	0392-0884	12978714.661	5875.184	2064	816	132.568	3363.334	NaN
393	0393-0823	223948.060	730.882	114	829	37.875	512.821	NaN
394	0394-0876	13297172.913	4857.646	773	930	41.791	3844.415	NaN
395	0395-0837	775599.934	1435.168	1431	817	113.703	988.514	NaN
396	0396-0831	294830.703	1157.846	371	818	131.634	428.591	NaN
397	0397-0842	1162886.259	1607.684	41	819	113.499	1097.510	NaN
398	0398-0825	133547.009	525.680	239	832	52.431	384.615	NaN
399	0399-0831	231139.053	846.178	1610	824	142.696	515.457	NaN
400	0400-0826	64718.935	362.619	2458	830	45.000	256.410	NaN
401	0401-0831	57527.942	340.710	259	828	138.814	224.359	NaN
402	0402-0841	616370.809	1319.953	495	833	150.945	801.282	NaN
403	0403-0836	240384.615	860.026	345	843	26.565	381.278	NaN
404	0404-0883	6255136.423	3584.302	887	929	58.158	2415.575	NaN
405	0405-0884	4654626.890	3775.663	290	840	127.064	2027.231	NaN
406	0406-0838	64718.935	362.619	2575	842	45.000	256.410	NaN
407	0407-0852	463305.391	1189.789	160	836	117.255	795.802	NaN
408	0408-0910	9646203.156	4626.500	2314	838	93.972	3239.432	NaN
409	0409-0900	4500534.188	3933.438	106	841	104.149	2046.351	NaN
410	0410-0849	87319.198	431.206	234	854	48.013	288.462	NaN
411	0411-0896	6878698.225	4471.699	453	844	138.196	2758.557	NaN
412	0412-0851	114028.600	480.769	365	857	53.130	320.513	NaN
413	0413-0849	50336.949	317.292	141	846	135.000	224.359	NaN
414	0414-0923	11769600.592	5315.684	385	862	131.088	3104.969	NaN
415	0415-0878	1148504.274	1564.943	194	859	124.992	1219.819	NaN
416	0416-0929	10605687.048	5387.000	2350	968	20.915	3875.489	NaN
417	0417-0921	5129232.413	4445.780	243	866	132.663	1665.341	NaN
418	0418-0883	237302.761	827.147	2524	894	54.462	533.647	NaN
419	0419-0924	2695595.003	3109.470	1267	971	75.677	1323.559	NaN
420	0420-0972	13334155.161	7573.468	151	881	128.470	3250.104	NaN
421	0421-0889	118137.738	462.250	587	895	56.310	352.564	NaN
422	0422-0889	50336.949	317.292	1357	886	135.000	224.359	NaN
423	0423-0910	1795693.623	2524.738	1343	892	151.157	1302.418	NaN
424	0424-0946	10726906.640	5133.111	626	907	154.875	3112.795	NaN
425	0425-0903	50336.949	317.292	2527	900	135.000	224.359	NaN
426	0426-1014	19882067.719	6963.690	1085	1115	72.316	4769.318	NaN
427	0427-0936	1414571.006	2068.488	584	911	130.601	1066.891	NaN
428	0428-0959	8913749.178	5269.293	1954	975	170.194	3036.960	NaN
429	0429-0990	13655695.266	5714.124	1288	1065	43.182	4062.678	NaN
430	0430-0957	2353509.204	2821.241	64	916	111.318	1397.008	NaN
431	0431-0925	109919.461	500.657	1974	920	140.194	320.513	NaN
432	0432-0928	91428.337	476.477	46	923	132.274	320.513	NaN
433	0433-0934	50336.949	317.292	2485	931	135.000	224.359	NaN
434	0434-0995	9029832.347	4391.026	914	949	129.966	3130.187	NaN
435	0435-0999	10725879.356	4579.297	796	947	144.975	3752.494	NaN
436	0436-0954	597879.684	1054.287	554	963	19.537	850.970	NaN
437	0437-0948	73964.497	385.949	45	944	131.634	256.410	NaN
438	0438-0999	7828936.555	3785.445	1610	945	115.046	3134.491	NaN
439	0439-0949	97592.045	545.814	2477	955	40.236	311.130	NaN
440	0440-0953	85264.629	435.945	2138	948	126.027	256.410	NaN
441	0441-0978	1456689.678	2701.640	2123	951	138.366	968.947	NaN
442	0442-0956	81155.490	410.457	2149	952	141.340	256.410	NaN
443	0443-0960	182856.673	588.383	357	955	150.642	384.615	NaN
444	0444-0966	115055.884	506.775	2468	960	124.695	320.513	NaN
445	0445-0980	794091.059	1407.340	518	961	120.069	1045.961	NaN
446	0446-0976	296885.273	946.463	1860	989	61.699	432.074	NaN
447	0447-0971	98619.329	453.274	2171	966	135.000	320.513	NaN
448	0448-0972	81155.490	385.949	125	968	131.634	288.462	NaN
449	0449-0979	281476.003	666.944	367	985	35.218	576.923	NaN
450	0450-0976	96564.760	453.274	2351	981	45.000	320.513	NaN
451	0451-0981	294830.703	820.913	1267	973	141.340	544.872	NaN
452	0452-1004	1760765.943	2231.883	115	985	144.941	1392.252	NaN
453	0453-0994	1152613.412	1662.037	560	980	140.477	1185.897	NaN
454	0454-0984	149983.563	590.996	2328	990	40.601	373.132	NaN
455	0455-0981	50336.949	317.292	2479	978	135.000	224.359	NaN
456	0456-1033	5440499.671	4384.001	2008	982	131.147	2204.479	NaN
457	0457-1041	8051857.331	4455.589	322	989	127.694	2868.348	NaN
458	0458-1049	9302062.788	4318.487	630	986	109.511	3248.800	NaN
459	0459-1007	450977.975	1209.485	2467	1022	57.995	589.196	NaN
460	0460-1077	11367932.281	5358.990	1422	1160	83.130	3116.564	NaN
461	0461-1012	829018.738	1539.129	400	997	148.627	1027.422	NaN
462	0462-1015	1820348.455	2128.456	734	1006	161.565	1290.613	NaN
463	0463-1068	14637779.421	6134.619	2124	995	143.070	3693.157	NaN
464	0464-1007	422214.004	929.487	546	997	136.397	638.537	NaN
465	0465-1022	816691.321	1737.286	1240	1042	52.496	717.441	NaN
466	0466-1064	8950731.427	4765.305	463	1012	141.280	2666.590	NaN
467	0467-1009	50336.949	317.292	2432	1006	135.000	224.359	NaN
468	0468-1065	4762491.782	3893.011	81	1009	112.765	2365.741	NaN
469	0469-1026	82182.774	407.946	67	1031	45.000	288.462	NaN
470	0470-1052	1231714.333	2151.260	580	1023	118.474	1082.870	NaN
471	0471-1029	71909.928	391.236	191	1026	145.008	224.359	NaN
472	0472-1039	336949.375	846.178	557	1027	114.624	576.923	NaN
473	0473-1096	9878369.494	4315.988	899	1038	115.043	3422.059	NaN
474	0474-1038	137656.147	551.431	1186	1034	144.462	352.564	NaN
475	0475-1064	2059705.786	2458.147	803	1035	129.710	1291.830	NaN
476	0476-1095	6844797.830	4023.681	739	1037	112.479	2690.928	NaN
477	0477-1071	1885067.390	2176.185	1178	1049	136.193	1659.700	NaN
478	0478-1064	1516272.189	1814.510	421	1040	125.655	1278.360	NaN
479	0479-1086	2722304.405	3001.547	1017	1045	120.124	1564.158	NaN
480	0480-1075	1673446.746	2122.415	1542	1050	128.254	1480.207	NaN
481	0481-1058	127383.300	516.811	159	1051	119.745	320.513	NaN
482	0482-1066	633834.648	1146.702	50	1056	153.435	859.201	NaN
483	0483-1118	13136916.502	5629.541	193	1053	131.769	3570.238	NaN
484	0484-1073	794091.059	1378.578	1329	1056	125.538	819.232	NaN
485	0485-1167	31492439.185	9349.585	1473	1085	151.766	5770.137	NaN
486	0486-1114	6195553.912	4026.998	1645	1062	123.311	2570.738	NaN
487	0487-1067	86291.913	435.945	1628	1063	143.973	256.410	NaN
488	0488-1125	11470660.750	5272.509	1245	1070	145.151	3410.699	NaN
489	0489-1081	64718.935	362.619	2104	1085	45.000	256.410	NaN
490	0490-1084	214702.498	693.375	2455	1078	146.310	416.667	NaN
491	0491-1093	316403.682	1033.623	1165	1079	119.745	491.402	NaN
492	0492-1090	173611.111	615.685	90	1097	51.340	416.667	NaN
493	0493-1103	780736.358	1752.300	594	1086	140.194	734.000	NaN
494	0494-1099	485905.654	1508.795	414	1107	12.265	487.468	NaN
495	0495-1116	930719.921	1715.867	324	1094	122.800	1010.244	NaN
496	0496-1115	1299515.122	1967.959	55	1098	149.676	1037.091	NaN
497	0497-1185	14574087.771	5668.367	819	1270	69.823	4584.979	NaN
498	0498-1124	766354.372	1502.313	1595	1147	78.930	744.727	NaN
499	0499-1129	1664201.183	1849.278	813	1103	115.677	1433.890	NaN
500	0500-1120	528024.326	1119.503	380	1136	66.371	769.231	NaN
501	0501-1111	80128.205	431.206	2448	1106	131.987	288.462	NaN
502	0502-1111	50336.949	317.292	150	1108	135.000	224.359	NaN
503	0503-1137	957429.323	2039.479	421	1110	120.192	1146.702	NaN
504	0504-1134	1796720.907	2083.333	1128	1155	36.870	1484.860	NaN
505	0505-1165	6374301.446	3808.038	1194	1116	126.098	2510.700	NaN
506	0506-1147	2284681.131	2083.333	1056	1128	149.490	1696.507	NaN
507	0507-1121	50336.949	317.292	136	1118	135.000	224.359	NaN
508	0508-1123	173611.111	690.406	2272	1118	158.199	352.564	NaN
509	0509-1136	524942.472	1496.489	149	1153	46.736	657.247	NaN
510	0510-1221	11244658.120	6521.865	480	1120	93.945	3019.936	NaN
511	0511-1189	10074580.868	5047.848	523	1138	130.365	3245.427	NaN
512	0512-1145	549597.304	1578.343	412	1169	77.093	635.365	NaN
513	0513-1127	79100.920	410.457	2455	1132	51.340	256.410	NaN
514	0514-1126	50336.949	317.292	370	1123	135.000	224.359	NaN
515	0515-1128	93482.906	410.457	492	1133	38.660	320.513	NaN
516	0516-1188	10878944.773	4693.625	991	1128	123.582	3316.814	NaN
517	0517-1152	1743302.104	2187.485	643	1132	140.947	1446.318	NaN
518	0518-1148	1538872.452	1840.648	1941	1136	144.926	1357.727	NaN
519	0519-1146	758136.095	1342.333	701	1161	33.311	1083.223	NaN
520	0520-1151	1518326.759	1977.073	1826	1172	19.904	1442.308	NaN
521	0521-1133	50336.949	317.292	2251	1130	135.000	224.359	NaN
522	0522-1243	26712483.563	7855.180	20	1270	18.065	6450.886	NaN
523	0523-1154	1025230.112	1526.731	70	1136	129.036	1102.638	NaN
524	0524-1142	50336.949	317.292	2221	1139	135.000	224.359	NaN
525	0525-1186	2315499.671	3102.524	2233	1232	70.067	1444.153	NaN
526	0526-1169	1833703.156	2108.818	349	1196	46.848	1530.864	NaN
527	0527-1148	50336.949	317.292	1925	1145	135.000	224.359	NaN
528	0528-1151	79100.920	407.946	631	1147	135.000	288.462	NaN
529	0529-1178	1589209.402	2059.529	1896	1148	110.973	1288.431	NaN
530	0530-1153	57527.942	340.710	789	1149	131.186	224.359	NaN
531	0531-1156	64718.935	365.441	2302	1152	127.875	224.359	NaN
532	0532-1163	57527.942	340.710	2389	1160	138.814	224.359	NaN
533	0533-1175	460223.537	1005.920	331	1161	112.479	705.128	NaN
534	0534-1168	182856.673	612.339	1378	1175	47.121	448.718	NaN
535	0535-1186	2373027.613	2453.546	12	1176	160.145	1447.729	NaN
536	0536-1189	1555309.007	1974.994	629	1168	131.711	1144.106	NaN
537	0537-1315	35582059.500	9876.633	1123	1165	102.367	5842.937	NaN
538	0538-1188	1020093.688	1772.989	705	1210	49.399	906.547	NaN
539	0539-1262	11432651.216	6212.494	2019	1177	114.053	2468.839	NaN
540	0540-1265	11400805.391	6570.513	404	1172	114.190	2963.659	NaN
541	0541-1193	656434.911	1470.522	1425	1172	110.410	737.179	NaN
542	0542-1183	320512.821	820.913	425	1194	51.340	544.872	NaN
543	0543-1177	87319.198	435.945	1872	1173	143.973	256.410	NaN
544	0544-1212	2798323.471	2512.502	734	1246	66.705	1880.759	NaN
545	0545-1179	50336.949	317.292	2418	1176	135.000	224.359	NaN
546	0546-1273	14145710.059	6183.904	1948	1185	111.912	3013.909	NaN
547	0547-1184	88346.483	435.945	689	1180	143.973	256.410	NaN
548	0548-1185	65746.220	362.619	1864	1181	135.000	256.410	NaN
549	0549-1193	224975.345	730.882	1384	1202	52.125	512.821	NaN
550	0550-1249	10684787.968	4271.848	1300	1312	64.204	3571.448	NaN
551	0551-1276	11018655.490	6378.930	273	1187	117.209	2832.402	NaN
552	0552-1199	50336.949	317.292	90	1196	135.000	224.359	NaN
553	0553-1208	482823.800	1040.063	1828	1215	33.690	705.128	NaN
554	0554-1211	71909.928	391.236	90	1208	145.008	224.359	NaN
555	0555-1236	808473.044	1920.137	636	1211	123.425	742.137	NaN
556	0556-1248	2477810.651	2533.876	1403	1211	108.435	1474.590	NaN
557	0557-1386	33457634.780	11345.837	1886	1213	101.405	4950.760	NaN
558	0558-1219	50336.949	317.292	2386	1216	135.000	224.359	NaN
559	0559-1247	1171104.536	1920.137	679	1218	104.500	961.538	NaN
560	0560-1235	321540.105	793.552	241	1245	46.637	641.026	NaN
561	0561-1231	87319.198	410.457	2651	1226	128.660	288.462	NaN
562	0562-1300	9000041.091	5232.906	909	1233	120.964	2788.069	NaN
563	0563-1270	2608275.805	2962.794	2104	1229	121.283	1440.526	NaN
564	0564-1252	728344.839	1309.404	236	1260	21.541	1057.692	NaN
565	0565-1241	50336.949	317.292	1450	1238	135.000	224.359	NaN
566	0566-1297	3575977.975	3652.299	2239	1353	79.380	1379.103	NaN
567	0567-1271	1709401.709	1920.137	881	1242	104.500	1267.479	NaN
568	0568-1255	272230.440	821.539	708	1243	110.556	448.718	NaN
569	0569-1287	3339702.498	2946.627	553	1248	134.119	1730.406	NaN
570	0570-1288	4740918.803	3440.851	989	1251	152.241	2067.364	NaN
571	0571-1254	50336.949	317.292	227	1251	135.000	224.359	NaN
572	0572-1291	1813157.462	2334.469	778	1255	98.686	1250.174	NaN
573	0573-1290	1532708.744	2327.417	734	1256	112.681	1072.754	NaN
574	0574-1297	2626766.930	2648.646	633	1259	111.286	1551.489	NaN
575	0575-1295	3852317.554	2643.988	1533	1261	120.606	2036.933	NaN
576	0576-1269	178747.535	615.685	1481	1262	128.660	453.274	NaN
577	0577-1269	71909.928	391.236	699	1264	124.992	224.359	NaN
578	0578-1330	8776093.031	4002.819	1629	1387	65.898	3331.448	NaN
579	0579-1284	383177.186	922.832	1101	1298	69.677	608.974	NaN
580	0580-1295	954347.469	1571.820	1500	1273	110.283	993.590	NaN
581	0581-1312	2326799.803	2943.313	229	1278	128.367	1177.775	NaN
582	0582-1293	758136.095	1231.370	1435	1286	141.340	1026.972	NaN
583	0583-1343	5176487.508	4216.419	529	1280	108.159	1839.987	NaN
584	0584-1341	6165762.656	4056.862	828	1284	115.755	2402.822	NaN
585	0585-1322	2126479.290	2339.524	710	1286	99.462	1729.106	NaN
586	0586-1382	19184541.420	6756.134	1311	1478	65.624	4704.064	NaN
587	0587-1301	57527.942	340.710	683	1297	131.186	224.359	NaN
588	0588-1342	3784516.765	2690.208	1080	1383	74.805	2140.135	NaN
589	0589-1320	569115.713	1237.196	1455	1335	53.427	939.744	NaN
590	0590-1309	103755.753	453.274	2602	1304	135.000	320.513	NaN
591	0591-1333	1114603.879	1949.603	999	1307	117.408	1103.721	NaN
592	0592-1323	559870.151	1175.456	2153	1340	64.134	727.687	NaN
593	0593-1314	86291.913	410.457	375	1319	38.660	288.462	NaN
594	0594-1353	2241535.174	2643.988	2181	1312	96.263	1174.743	NaN
595	0595-1322	139710.717	726.653	132	1331	48.576	393.862	NaN
596	0596-1321	73964.497	385.949	615	1317	131.634	256.410	NaN
597	0597-1321	57527.942	340.710	2036	1317	131.186	224.359	NaN
598	0598-1411	17529585.799	8285.923	199	1328	138.293	3533.381	NaN
599	0599-1325	57527.942	340.710	1474	1322	138.814	224.359	NaN
600	0600-1433	23956278.764	8318.342	1382	1527	45.781	5701.539	NaN
601	0601-1330	85264.629	431.206	2347	1335	48.013	288.462	NaN
602	0602-1334	288666.995	780.500	372	1335	19.179	544.872	NaN
603	0603-1349	1036530.243	1929.743	2030	1328	131.634	1235.222	NaN
604	0604-1335	88346.483	417.898	117	1330	122.471	256.410	NaN
605	0605-1353	1017011.834	1782.236	407	1331	127.694	1040.730	NaN
606	0606-1340	80128.205	407.946	579	1336	135.000	288.462	NaN
607	0607-1375	3402366.864	2839.751	610	1344	126.741	1975.972	NaN
608	0608-1401	7407749.836	4206.540	904	1337	102.766	3005.064	NaN
609	0609-1382	4548816.568	2950.982	1704	1337	98.746	2194.853	NaN
610	0610-1415	9476701.183	5788.518	784	1338	127.124	2304.490	NaN
611	0611-1342	57527.942	340.710	733	1339	138.814	224.359	NaN
612	0612-1359	781763.642	1847.055	295	1341	141.340	833.409	NaN
613	0613-1343	50336.949	317.292	589	1340	135.000	224.359	NaN
614	0614-1454	12402407.955	7458.038	1798	1342	105.709	2986.003	NaN
615	0615-1389	4684418.146	2929.845	2130	1344	100.081	2238.906	NaN
616	0616-1349	64718.935	362.619	401	1345	135.000	256.410	NaN
617	0617-1352	119165.023	476.477	2064	1347	132.274	352.564	NaN
618	0618-1353	98619.329	462.250	147	1349	146.310	256.410	NaN
619	0619-1360	372904.339	803.203	744	1372	61.390	705.128	NaN
620	0620-1362	270175.871	819.034	371	1373	59.421	505.283	NaN
621	0621-1355	57527.942	340.710	2263	1351	131.186	224.359	NaN
622	0622-1399	2431582.840	3005.481	1579	1353	97.352	1538.462	NaN
623	0623-1420	10231755.424	4821.987	457	1360	130.147	2984.039	NaN
624	0624-1422	2242562.459	4152.342	2227	1486	81.119	810.062	NaN
625	0625-1365	119165.023	551.431	402	1370	35.538	336.683	NaN
626	0626-1431	11461415.187	6699.638	673	1363	138.685	3008.294	NaN
627	0627-1395	2890779.093	2667.776	1009	1362	125.218	1950.071	NaN
628	0628-1367	95537.475	435.945	82	1373	53.973	288.462	NaN
629	0629-1394	1720701.841	2037.463	177	1364	109.290	1237.957	NaN
630	0630-1371	78073.636	410.457	297	1367	141.340	256.410	NaN
631	0631-1376	117110.454	544.872	417	1384	61.928	288.462	NaN
632	0632-1435	10358111.440	4872.217	2010	1373	122.645	3198.403	NaN
633	0633-1378	110946.746	498.601	2209	1384	45.000	352.564	NaN
634	0634-1380	246548.323	875.417	1590	1376	156.251	416.667	NaN
635	0635-1378	57527.942	340.710	1665	1375	138.814	224.359	NaN
636	0636-1400	1573800.131	2222.890	359	1379	155.283	1560.874	NaN
637	0637-1386	64718.935	362.619	2221	1382	135.000	256.410	NaN
638	0638-1388	97592.045	462.250	2621	1394	56.310	288.462	NaN
639	0639-1424	3330456.936	2608.785	1094	1384	95.641	1711.531	NaN
640	0640-1388	50336.949	317.292	2633	1385	135.000	224.359	NaN
641	0641-1392	50336.949	317.292	2211	1389	135.000	224.359	NaN
642	0642-1439	6450320.513	3649.063	562	1411	141.419	2686.433	NaN
643	0643-1437	4911448.060	2846.616	1629	1394	125.838	2589.808	NaN
644	0644-1433	2081278.764	2500.000	2166	1468	67.380	1286.110	NaN
645	0645-1399	50336.949	317.292	2624	1396	135.000	224.359	NaN
646	0646-1422	470496.384	1095.385	2204	1438	69.444	652.017	NaN
647	0647-1415	50336.949	317.292	172	1412	135.000	224.359	NaN
648	0648-1415	57527.942	340.710	889	1412	138.814	224.359	NaN
649	0649-1438	796145.628	1841.485	194	1428	148.523	892.681	NaN
650	0650-1430	313321.828	911.069	409	1441	50.711	543.928	NaN
651	0651-1507	11943211.703	6196.517	1710	1441	131.855	2713.521	NaN
652	0652-1463	2445964.826	2694.787	665	1426	116.870	1480.270	NaN
653	0653-1480	4308431.953	3435.921	975	1533	75.964	1734.386	NaN
654	0654-1504	11531270.546	4478.013	1247	1436	103.241	3426.046	NaN
655	0655-1481	4470742.932	2994.695	1012	1443	137.603	2299.261	NaN
656	0656-1490	3357166.338	4141.070	1957	1440	127.136	1489.984	NaN
657	0657-1548	12423980.934	7025.960	2102	1657	83.977	3594.078	NaN
658	0658-1449	272230.440	884.174	2200	1439	133.531	575.697	NaN
659	0659-1453	213675.214	820.913	194	1443	128.660	439.655	NaN
660	0660-1459	264012.163	788.357	425	1448	116.565	448.718	NaN
661	0661-1507	4990548.981	3852.825	342	1505	160.058	2942.097	NaN
662	0662-1490	2427473.702	2437.794	1586	1456	114.880	1522.583	NaN
663	0663-1467	50336.949	317.292	1133	1464	135.000	224.359	NaN
664	0664-1503	4588880.671	3026.089	1097	1526	28.465	2360.500	NaN
665	0665-1471	50336.949	317.292	442	1468	135.000	224.359	NaN
666	0666-1489	805391.190	1565.271	238	1472	132.510	1110.520	NaN
667	0667-1532	3720825.115	4294.513	904	1477	122.504	1571.539	NaN
668	0668-1670	42856262.327	12838.529	1672	1475	102.544	6224.333	NaN
669	0669-1490	383177.186	952.953	446	1476	109.654	573.394	NaN
670	0670-1483	79100.920	410.457	923	1488	51.340	256.410	NaN
671	0671-1536	9092496.713	4398.856	466	1575	43.229	3318.088	NaN
672	0672-1503	1265614.727	1564.943	1326	1519	34.992	1089.744	NaN
673	0673-1530	5272024.984	3351.314	587	1491	146.310	2515.540	NaN
674	0674-1494	57527.942	340.710	891	1491	138.814	224.359	NaN
675	0675-1495	72937.212	385.949	2620	1491	131.634	256.410	NaN
676	0676-1498	96564.760	489.242	2213	1505	58.392	256.410	NaN
677	0677-1533	3894436.226	3814.641	277	1498	142.167	1688.921	NaN
678	0678-1502	86291.913	445.271	37	1496	120.256	224.359	NaN
679	0679-1560	8270668.968	4107.069	1440	1511	145.814	3077.152	NaN
680	0680-1565	11573389.218	4810.363	723	1511	150.018	3695.535	NaN
681	0681-1512	148956.279	588.383	1854	1504	119.358	320.513	NaN
682	0682-1678	31262327.416	11906.048	1941	1850	67.024	5019.931	NaN
683	0683-1521	373931.624	1040.063	879	1508	123.690	547.317	NaN
684	0684-1528	795118.343	1347.679	692	1509	115.346	833.333	NaN
685	0685-1513	57527.942	340.710	234	1510	138.814	224.359	NaN
686	0686-1539	1862467.127	1842.600	1544	1520	130.061	1602.564	NaN
687	0687-1555	2846605.851	2724.359	1072	1513	98.797	1760.450	NaN
688	0688-1519	65746.220	362.619	339	1515	135.000	256.410	NaN
689	0689-1563	4787146.614	3114.257	1173	1515	98.881	2236.447	NaN
690	0690-1552	1556336.292	1935.059	997	1525	116.565	1317.616	NaN
691	0691-1593	10798816.568	4740.340	1306	1640	38.962	3408.839	NaN
692	0692-1538	113001.315	516.811	2234	1545	60.255	256.410	NaN
693	0693-1570	2236398.751	2325.872	568	1606	78.071	1595.563	NaN
694	0694-1541	50336.949	317.292	457	1538	135.000	224.359	NaN
695	0695-1588	3380793.886	2889.064	1104	1546	109.440	1666.233	NaN
696	0696-1599	3543104.865	2997.952	676	1553	96.137	1732.337	NaN
697	0697-1558	99646.614	476.477	2437	1553	137.726	320.513	NaN
698	0698-1602	5724030.243	3778.519	1869	1566	145.366	2294.336	NaN
699	0699-1581	1031393.820	1673.126	383	1558	126.431	999.898	NaN
700	0700-1578	819773.176	1731.956	900	1557	128.991	904.832	NaN
701	0701-1679	13122534.517	7763.360	712	1560	100.707	2980.769	NaN
702	0702-1574	251684.747	782.472	866	1585	55.008	450.080	NaN
703	0703-1571	87319.198	435.945	2434	1567	143.973	256.410	NaN
704	0704-1591	2693540.434	3069.067	277	1599	7.199	1256.967	NaN
705	0705-1614	5070677.186	2979.390	1225	1572	130.200	2572.575	NaN
706	0706-1575	50336.949	317.292	2184	1572	135.000	224.359	NaN
707	0707-1577	57527.942	340.710	931	1573	131.186	224.359	NaN
708	0708-1580	109919.461	506.775	424	1574	124.695	288.462	NaN
709	0709-1577	50336.949	317.292	899	1574	135.000	224.359	NaN
710	0710-1580	114028.600	476.477	436	1575	132.274	352.564	NaN
711	0711-1583	162310.980	551.431	241	1589	35.538	448.718	NaN
712	0712-1600	975920.447	1419.695	989	1581	118.301	1062.473	NaN
713	0713-1603	1182404.668	1703.549	586	1622	41.186	1250.000	NaN
714	0714-1592	149983.563	657.637	942	1585	133.025	430.610	NaN
715	0715-1594	124301.446	533.440	442	1587	122.735	320.513	NaN
716	0716-1593	79100.920	391.236	416	1588	124.992	256.410	NaN
717	0717-1611	1874794.543	1885.585	1402	1596	148.201	1458.162	NaN
718	0718-1592	50336.949	317.292	1059	1589	135.000	224.359	NaN
719	0719-1757	36891847.469	10738.758	1831	1591	96.340	5724.490	NaN
720	0720-1599	148956.279	660.754	2188	1607	50.906	355.577	NaN
721	0721-1609	511587.771	1166.684	824	1621	37.185	681.724	NaN
722	0722-1601	72937.212	385.949	1062	1606	48.366	256.410	NaN
723	0723-1608	204429.652	782.472	517	1598	124.992	450.203	NaN
724	0724-1602	80128.205	385.949	555	1598	131.634	288.462	NaN
725	0725-1650	4031065.089	3523.455	1522	1598	111.898	1644.633	NaN
726	0726-1631	2199416.502	2138.808	870	1601	119.638	1480.752	NaN
727	0727-1610	128410.585	516.811	540	1603	119.745	320.513	NaN
728	0728-1637	2005259.698	2480.405	1721	1606	122.869	1330.866	NaN
729	0729-1629	1186513.807	1733.438	1017	1649	56.310	1228.279	NaN
730	0730-1641	2164488.823	2361.594	1078	1605	97.800	1260.225	NaN
731	0731-1651	8442225.510	4672.567	294	1651	13.083	2835.294	NaN
732	0732-1615	79100.920	410.457	509	1610	128.660	256.410	NaN
733	0733-1620	231139.053	645.020	563	1629	63.435	512.821	NaN
734	0734-1650	2153188.692	2432.521	919	1615	108.435	1602.564	NaN
735	0735-1651	3225673.899	2524.738	1133	1641	171.973	1942.161	NaN
736	0736-1656	2013477.975	2996.066	419	1687	34.540	1706.770	NaN
737	0737-1639	476660.092	1231.370	979	1624	128.660	594.621	NaN
738	0738-1655	2386382.314	2158.886	804	1681	49.214	1642.092	NaN
739	0739-1649	989275.148	1663.273	768	1626	115.084	957.667	NaN
740	0740-1691	9999589.086	4836.346	565	1638	138.493	3302.793	NaN
741	0741-1630	71909.928	391.236	2180	1627	145.008	224.359	NaN
742	0742-1678	4083456.607	3328.399	1367	1729	74.358	1809.229	NaN
743	0743-1708	14505259.698	5523.246	1463	1628	111.801	4147.281	NaN
744	0744-1634	86291.913	431.206	546	1639	41.987	288.462	NaN
745	0745-1639	85264.629	410.457	1044	1644	51.340	288.462	NaN
746	0746-1642	64718.935	365.441	279	1639	142.125	224.359	NaN
747	0747-1650	70882.643	385.949	60	1646	138.366	256.410	NaN
748	0748-1651	97592.045	431.206	2137	1646	131.987	320.513	NaN
749	0749-1668	468441.815	1282.852	519	1688	77.005	538.805	NaN
750	0750-1724	10198882.314	4882.853	1282	1651	105.222	2942.532	NaN
751	0751-1662	314349.112	791.608	537	1651	121.759	657.247	NaN
752	0752-1663	317430.966	1032.131	1217	1656	154.231	490.635	NaN
753	0753-1665	146901.709	521.757	491	1658	137.490	384.615	NaN
754	0754-1674	394477.318	942.656	956	1660	107.819	535.137	NaN
755	0755-1679	262984.878	1003.876	2630	1694	73.301	416.667	NaN
756	0756-1668	50336.949	317.292	30	1665	135.000	224.359	NaN
757	0757-1684	806418.475	1677.112	104	1665	135.000	936.953	NaN
758	0758-1728	9892751.479	4346.229	862	1672	142.792	3434.353	NaN
759	0759-1679	221893.491	711.654	984	1689	54.162	448.718	NaN
760	0760-1674	50336.949	317.292	560	1671	135.000	224.359	NaN
761	0761-1701	2586702.827	2347.633	1008	1674	147.829	1722.440	NaN
762	0762-1678	93482.906	453.274	1047	1673	135.000	320.513	NaN
763	0763-1705	1869658.120	2030.392	1242	1674	101.842	1420.063	NaN
764	0764-1753	11283694.938	6192.868	1103	1676	127.641	2923.591	NaN
765	0765-1680	88346.483	435.945	2109	1684	36.027	256.410	NaN
766	0766-1690	296885.273	874.830	538	1679	118.443	492.959	NaN
767	0767-1693	642052.926	1148.939	1174	1699	30.141	993.590	NaN
768	0768-1686	121219.592	498.601	282	1691	45.000	352.564	NaN
769	0769-1691	177720.250	590.996	401	1698	49.399	384.615	NaN
770	0770-1688	71909.928	385.949	2654	1693	48.366	256.410	NaN
771	0771-1713	1487508.218	2221.041	152	1691	135.000	1149.681	NaN
772	0772-1696	212647.929	793.552	490	1687	136.637	480.029	NaN
773	0773-1693	111974.030	500.657	2093	1698	39.806	320.513	NaN
774	0774-1700	208538.790	761.850	273	1689	112.249	352.564	NaN
775	0775-1697	88346.483	410.457	557	1692	128.660	288.462	NaN
776	0776-1708	780736.358	1697.205	286	1708	169.114	876.158	NaN
777	0777-1761	7518696.581	4490.955	775	1828	65.996	2523.744	NaN
778	0778-1699	64718.935	362.619	205	1695	135.000	256.410	NaN
779	0779-1698	50336.949	317.292	284	1695	135.000	224.359	NaN
780	0780-1704	113001.315	521.757	98	1698	132.510	340.798	NaN
781	0781-1704	139710.717	525.680	482	1700	142.431	352.564	NaN
782	0782-1702	71909.928	391.236	509	1699	145.008	224.359	NaN
783	0783-1741	2908242.932	2868.366	975	1699	108.232	1592.865	NaN
784	0784-1711	159229.126	666.944	516	1720	54.782	384.615	NaN
785	0785-1722	314349.112	917.809	530	1735	65.225	496.934	NaN
786	0786-1716	71909.928	385.949	568	1712	131.634	256.410	NaN
787	0787-1750	3338675.214	2694.024	1538	1716	124.824	1696.387	NaN
788	0788-1717	50336.949	317.292	2079	1714	135.000	224.359	NaN
789	0789-1770	5156969.099	4580.194	107	1715	129.036	2260.341	NaN
790	0790-1725	224975.345	660.754	473	1735	67.166	416.667	NaN
791	0791-1723	98619.329	431.206	490	1727	41.987	320.513	NaN
792	0792-1735	368795.201	1022.129	311	1746	48.814	619.805	NaN
793	0793-1785	6060979.619	3866.001	1061	1727	101.962	2275.303	NaN
794	0794-1739	374958.909	1216.261	514	1731	161.565	607.207	NaN
795	0795-1737	50336.949	317.292	284	1734	135.000	224.359	NaN
796	0796-1764	2431582.840	2053.785	1208	1735	112.964	1772.247	NaN
797	0797-1745	221893.491	791.608	496	1753	31.759	480.769	NaN
798	0798-1763	1250205.457	1999.034	567	1739	138.900	1173.077	NaN
799	0799-1751	167447.403	827.147	471	1741	125.538	393.572	NaN
800	0800-1853	22254068.047	7286.646	1379	1742	102.447	4564.456	NaN
801	0801-1784	4493343.195	3188.740	1595	1749	129.289	2243.590	NaN
802	0802-1753	234220.907	730.882	373	1748	142.125	523.945	NaN
803	0803-1748	50336.949	317.292	403	1745	135.000	224.359	NaN
804	0804-1754	266066.732	898.008	535	1762	34.824	464.832	NaN
805	0805-1756	305103.550	906.547	612	1747	135.000	566.317	NaN
806	0806-1750	50336.949	317.292	2074	1747	135.000	224.359	NaN
807	0807-1768	984138.725	1717.961	287	1781	14.036	1083.035	NaN
808	0808-1752	57527.942	340.710	360	1749	138.814	224.359	NaN
809	0809-1852	16803295.529	6375.869	652	1950	77.221	4157.960	NaN
810	0810-1856	20165598.291	8033.563	97	1856	4.118	5522.571	NaN
811	0811-1812	6253081.854	4161.856	340	1795	147.901	2789.305	NaN
812	0812-1770	178747.535	604.742	635	1762	122.005	416.667	NaN
813	0813-1794	1681665.023	2133.759	520	1825	57.265	1430.869	NaN
814	0814-1778	404750.164	1360.576	933	1778	164.982	638.507	NaN
815	0815-1774	96564.760	431.206	380	1769	131.987	320.513	NaN
816	0816-1778	217784.352	725.238	1266	1770	135.000	476.142	NaN
817	0817-1777	57527.942	340.710	495	1774	138.814	224.359	NaN
818	0818-1780	130465.155	500.657	2037	1774	129.806	384.615	NaN
819	0819-1779	64718.935	365.441	514	1775	127.875	224.359	NaN
820	0820-1844	11055637.738	4913.055	788	1867	13.583	3263.188	NaN
821	0821-1791	246548.323	874.830	2622	1785	151.557	407.946	NaN
822	0822-1813	1149531.558	1788.565	1019	1790	126.254	900.568	NaN
823	0823-1795	57527.942	340.710	2012	1791	131.186	224.359	NaN
824	0824-1800	317430.966	1238.026	932	1792	158.749	483.463	NaN
825	0825-1798	85264.629	435.945	517	1793	126.027	256.410	NaN
826	0826-1816	1375534.188	1802.012	603	1839	51.499	1451.184	NaN
827	0827-1834	1804939.185	2854.184	985	1794	114.550	1026.112	NaN
828	0828-1798	50336.949	317.292	24	1795	135.000	224.359	NaN
829	0829-1816	861891.847	1522.689	466	1838	59.657	1185.897	NaN
830	0830-1799	90401.052	431.206	2024	1804	41.987	288.462	NaN
831	0831-1984	55399408.284	13118.375	1532	1796	113.621	9121.370	NaN
832	0832-1803	105810.322	506.775	446	1810	55.305	288.462	NaN
833	0833-1808	298939.842	1067.361	1228	1819	41.348	636.679	NaN
834	0834-1828	3094181.460	2339.963	1243	1836	23.405	1777.670	NaN
835	0835-1805	97592.045	453.274	1499	1800	135.000	320.513	NaN
836	0836-1806	87319.198	431.206	923	1801	131.987	288.462	NaN
837	0837-1967	17931254.109	10728.900	941	1810	110.276	3067.917	NaN
838	0838-1845	2475756.082	2302.790	1109	1810	98.807	1410.837	NaN
839	0839-1815	50336.949	317.292	1487	1812	135.000	224.359	NaN
840	0840-1828	501314.924	1084.546	1497	1844	71.030	673.077	NaN
841	0841-1836	1301569.691	1677.112	1771	1812	116.075	1089.744	NaN
842	0842-1816	50336.949	317.292	925	1813	135.000	224.359	NaN
843	0843-1824	134574.293	521.757	42	1819	137.490	352.564	NaN
844	0844-1828	155119.987	604.742	338	1824	147.995	352.564	NaN
845	0845-1835	259903.024	703.670	1976	1842	30.069	576.923	NaN
846	0846-1830	50336.949	317.292	71	1827	135.000	224.359	NaN
847	0847-1834	122246.877	521.757	99	1840	47.490	352.564	NaN
848	0848-1924	16382108.810	6289.406	524	2020	76.743	4448.420	NaN
849	0849-1890	4025928.665	4337.357	27	1830	120.165	1565.075	NaN
850	0850-1848	648216.634	1405.879	351	1864	24.228	1025.641	NaN
851	0851-1883	7685116.700	3977.072	1153	1836	130.752	2975.565	NaN
852	0852-1843	142792.571	648.989	1996	1852	57.095	359.185	NaN
853	0853-1845	211620.644	660.754	72	1837	129.094	498.601	NaN
854	0854-1840	50336.949	317.292	1807	1837	135.000	224.359	NaN
855	0855-1844	73964.497	385.949	497	1840	138.366	256.410	NaN
856	0856-1846	50336.949	317.292	375	1843	135.000	224.359	NaN
857	0857-1930	11886711.045	5447.304	1307	1846	96.080	2824.809	NaN
858	0858-1850	63691.650	362.619	2015	1854	45.000	256.410	NaN
859	0859-1887	2175788.955	2696.121	1039	1927	71.996	1300.000	NaN
860	0860-1915	6554076.266	4578.961	1491	1851	113.515	2184.375	NaN
861	0861-1860	108892.176	498.601	412	1866	45.000	352.564	NaN
862	0862-1908	3673570.020	3280.680	766	1859	104.715	1852.375	NaN
863	0863-1863	95537.475	417.898	1922	1860	147.529	288.462	NaN
864	0864-1873	578361.275	1378.578	363	1879	17.592	576.923	NaN
865	0865-1919	5257642.998	3828.083	881	1973	64.722	2115.385	NaN
866	0866-1872	126356.016	500.657	349	1877	39.806	352.564	NaN
867	0867-1878	255793.886	827.147	409	1868	125.538	623.016	NaN
868	0868-1964	11348413.872	8550.967	90	1874	137.278	2653.698	NaN
869	0869-1881	154092.702	590.996	437	1888	49.399	416.667	NaN
870	0870-1912	2072033.202	2411.526	1736	1948	66.501	1346.154	NaN
871	0871-1885	155119.987	648.989	1916	1877	122.905	333.146	NaN
872	0872-1917	2305226.824	2371.145	1086	1881	99.335	1561.998	NaN
873	0873-1891	57527.942	340.710	89	1887	131.186	224.359	NaN
874	0874-1891	64718.935	365.441	395	1888	142.125	224.359	NaN
875	0875-1911	1188568.376	1662.964	1121	1888	117.553	1212.678	NaN
876	0876-1953	5750739.645	4222.262	304	2016	74.592	1987.179	NaN
877	0877-1935	2069978.632	3063.036	802	1889	103.309	1117.576	NaN
878	0878-1937	4388560.158	3804.394	395	1896	140.812	1985.473	NaN
879	0879-1958	5837031.558	4346.939	354	2026	84.500	2274.490	NaN
880	0880-1895	64718.935	365.441	437	1892	142.125	224.359	NaN
881	0881-1902	79100.920	410.457	161	1906	38.660	256.410	NaN
882	0882-1925	120192.308	560.668	467	1929	30.964	320.513	NaN
883	0883-1983	7536160.421	4075.053	730	1920	97.684	3100.049	NaN
884	0884-1964	2744904.668	2851.123	1155	1920	98.403	1634.615	NaN
885	0885-1934	72937.212	385.949	1859	1930	138.366	256.410	NaN
886	0886-2065	21300747.863	9508.055	1226	1936	118.379	3293.441	NaN
887	0887-1974	2028887.245	2727.186	1039	1935	113.552	1188.354	NaN
888	0888-1941	50336.949	317.292	1881	1938	135.000	224.359	NaN
889	0889-2011	9668803.419	4530.922	1463	1942	115.115	3178.114	NaN
890	0890-1985	1820348.455	2523.924	614	1959	139.635	1473.042	NaN
891	0891-1960	109919.461	521.757	128	1955	137.490	351.155	NaN
892	0892-2030	8827457.265	6063.455	83	1956	138.643	2633.005	NaN
893	0893-1985	1878903.682	2294.523	1096	1963	138.965	1261.882	NaN
894	0894-1972	180802.104	720.263	1031	1983	69.146	320.513	NaN
895	0895-1991	2039160.092	1912.900	1376	2017	58.707	1602.564	NaN
896	0896-1986	613288.955	1178.511	63	1985	157.620	897.436	NaN
897	0897-1978	178747.535	659.976	649	1972	150.945	383.432	NaN
898	0898-2058	11725427.350	5757.288	423	2141	66.718	4264.840	NaN
899	0899-1991	300994.412	791.608	459	1981	121.759	576.923	NaN
900	0900-2065	9232207.429	5262.856	564	2145	75.541	3442.907	NaN
901	0901-2092	16533119.658	7180.060	1548	1987	110.376	4051.647	NaN
902	0902-1995	50336.949	317.292	49	1992	135.000	224.359	NaN
903	0903-2042	2107988.166	2648.646	1090	2003	111.286	1359.711	NaN
904	0904-2014	50336.949	317.292	78	2011	135.000	224.359	NaN
905	0905-2079	7801199.869	4356.263	1171	2013	101.889	2709.091	NaN
906	0906-2020	57527.942	340.710	1134	2016	131.186	224.359	NaN
907	0907-2079	9670857.988	4385.407	642	2030	125.781	3282.598	NaN
908	0908-2021	50336.949	317.292	413	2018	135.000	224.359	NaN
909	0909-2023	50336.949	317.292	329	2020	135.000	224.359	NaN
910	0910-2053	1990877.712	2219.884	1331	2021	107.650	1346.154	NaN
911	0911-2024	50336.949	317.292	1183	2021	135.000	224.359	NaN
912	0912-2090	10660133.136	4750.623	1378	2035	125.942	3344.271	NaN
913	0913-2087	5653147.600	4081.728	315	2026	105.018	1986.559	NaN
914	0914-2037	465359.961	1197.535	522	2046	15.524	596.206	NaN
915	0915-2043	241411.900	705.856	779	2051	39.472	543.928	NaN
916	0916-2061	631780.079	1102.862	788	2075	54.462	807.176	NaN
917	0917-2055	64718.935	362.619	546	2051	135.000	256.410	NaN
918	0918-2094	2119288.297	2169.330	750	2061	102.804	1373.528	NaN
919	0919-2073	295857.988	835.795	239	2063	122.471	557.244	NaN
920	0920-2094	1261505.588	1904.019	992	2071	126.098	1071.530	NaN
921	0921-2080	57527.942	340.710	426	2076	131.186	224.359	NaN
922	0922-2137	8867521.368	4320.270	458	2086	123.808	2987.461	NaN
923	0923-2087	204429.652	730.882	279	2078	127.875	424.679	NaN
924	0924-2134	5469263.642	3723.747	1496	2191	76.562	1960.577	NaN
925	0925-2095	145874.425	570.657	253	2088	128.157	384.615	NaN
926	0926-2127	2540475.016	2880.517	189	2102	137.255	1418.650	NaN
927	0927-2098	89373.767	431.206	1225	2103	48.013	288.462	NaN
928	0928-2111	818745.891	1226.773	1248	2093	109.855	934.428	NaN
929	0929-2102	71909.928	385.949	281	2098	131.634	256.410	NaN
930	0930-2149	3955046.022	3275.039	1074	2196	69.969	1693.590	NaN
931	0931-2107	50336.949	317.292	255	2104	135.000	224.359	NaN
932	0932-2110	121219.592	506.775	1745	2114	34.695	320.513	NaN
933	0933-2111	50336.949	317.292	167	2108	135.000	224.359	NaN
934	0934-2117	50336.949	317.292	606	2114	135.000	224.359	NaN
935	0935-2118	79100.920	391.236	631	2114	145.008	256.410	NaN
936	0936-2158	4472797.502	3299.414	272	2119	129.877	2090.154	NaN
937	0937-2160	5547337.278	3820.561	557	2197	37.158	2403.846	NaN
938	0938-2161	5240179.158	3458.272	360	2137	145.574	2339.744	NaN
939	0939-2164	5920241.617	4825.714	660	2177	175.047	2147.436	NaN
940	0940-2164	3575977.975	2816.139	1135	2132	131.309	2147.436	NaN
941	0941-2150	1190622.945	1835.898	658	2142	163.780	1081.153	NaN
942	0942-2166	2921597.633	2339.963	1210	2139	126.085	1853.374	NaN
943	0943-2159	433514.135	1393.033	1255	2139	113.025	474.228	NaN
944	0944-2175	3545159.435	3118.377	1382	2196	12.465	1442.308	NaN
945	0945-2157	50336.949	317.292	71	2154	135.000	224.359	NaN
946	0946-2184	315376.397	968.988	1041	2196	55.784	537.182	NaN
947	0947-2185	465359.961	1157.846	1663	2198	41.634	723.054	NaN
948	0948-2186	334894.806	884.174	1643	2196	43.531	578.263	NaN
949	0949-2190	328731.098	871.889	904	2182	143.973	512.821	NaN
950	0950-2189	129437.870	590.996	1630	2196	49.399	380.423	NaN
951	0951-2191	327703.813	964.206	1265	2188	164.578	448.718	NaN
952	0952-2192	332840.237	1158.289	820	2198	14.421	384.615	NaN
953	0953-2191	306130.835	1026.142	859	2188	165.530	352.564	NaN
954	0954-2191	57527.942	340.710	244	2187	131.186	224.359	NaN
