 	Label	Area	Feret	FeretX	FeretY	FeretAngle	MinFeret	Perinuclei
1	0001-0023	864973.702	1522.689	2517	9	130.732	989.701	NaN
2	0002-0014	143819.855	545.814	2560	21	49.764	416.667	NaN
3	0003-0020	468441.815	1044.006	2358	22	17.879	641.026	NaN
4	0004-0018	206484.221	657.637	2392	25	43.025	448.718	NaN
5	0005-0017	104783.037	431.206	577	22	41.987	320.513	NaN
6	0006-0025	383177.186	1049.894	1967	18	148.736	573.351	NaN
7	0007-0021	72937.212	385.949	1831	26	48.366	256.410	NaN
8	0008-0065	9635930.309	4635.927	2297	47	163.946	3067.554	NaN
9	0009-0023	128410.585	567.045	2507	17	132.709	384.615	NaN
10	0010-0023	94510.191	435.945	2570	29	53.973	288.462	NaN
11	0011-0026	242439.185	660.754	1455	23	157.166	480.769	NaN
12	0012-0022	50336.949	317.292	2068	19	135.000	224.359	NaN
13	0013-0027	448923.406	1290.437	887	33	14.381	480.769	NaN
14	0014-0030	403722.880	1033.623	1477	22	150.255	533.929	NaN
15	0015-0028	130465.155	489.242	2558	22	121.608	352.564	NaN
16	0016-0027	71909.928	385.949	927	32	48.366	256.410	NaN
17	0017-0046	2038132.807	2846.616	1897	54	7.765	1294.773	NaN
18	0018-0031	245521.039	791.608	2481	26	158.629	416.667	NaN
19	0019-0040	744781.394	1624.845	906	49	14.859	775.689	NaN
20	0020-0037	432486.851	1096.323	1571	26	142.125	549.803	NaN
21	0021-0042	971811.308	1714.369	2407	32	159.193	888.694	NaN
22	0022-0033	50336.949	317.292	2278	30	135.000	224.359	NaN
23	0023-0049	1021120.973	1854.825	1524	39	161.878	853.402	NaN
24	0024-0046	405777.449	934.447	594	34	149.036	800.229	NaN
25	0025-0050	1100221.893	1875.753	1387	54	19.983	1012.425	NaN
26	0026-0071	4223167.324	3415.680	1816	55	161.395	2284.170	NaN
27	0027-0052	799227.482	1686.884	1999	54	14.300	928.064	NaN
28	0028-0094	11129602.235	5451.828	829	54	158.261	3358.753	NaN
29	0029-0045	86291.913	431.206	2267	41	138.013	288.462	NaN
30	0030-0057	841346.154	1713.170	2485	51	162.582	878.959	NaN
31	0031-0079	3435239.974	3560.434	276	79	166.464	1881.961	NaN
32	0032-0052	99646.614	455.534	808	58	50.711	320.513	NaN
33	0033-0073	1732001.972	1857.039	1585	66	158.749	1454.075	NaN
34	0034-0077	1361152.202	2079.632	1772	107	65.410	1121.795	NaN
35	0035-0053	50336.949	317.292	615	50	135.000	224.359	NaN
36	0036-0058	86291.913	445.271	1367	52	120.256	224.359	NaN
37	0037-0078	3656106.180	3228.123	1440	77	173.157	1646.544	NaN
38	0038-0064	493096.647	1161.389	2607	77	39.401	650.863	NaN
39	0039-0095	5381944.444	3257.584	129	78	156.209	2528.244	NaN
40	0040-0058	64718.935	362.619	715	62	45.000	256.410	NaN
41	0041-0087	2975016.437	3244.787	1332	64	156.727	1763.054	NaN
42	0042-0063	182856.673	659.976	2595	54	119.055	352.564	NaN
43	0043-0084	2112097.304	2298.102	2209	114	50.092	1481.594	NaN
44	0044-0076	1305678.830	1565.271	2560	94	47.490	1240.630	NaN
45	0045-0062	50336.949	317.292	1668	59	135.000	224.359	NaN
46	0046-0126	12828731.098	5973.933	662	166	33.179	3125.839	NaN
47	0047-0071	143819.855	533.440	710	64	122.735	352.564	NaN
48	0048-0078	445841.552	1116.287	1242	90	39.174	595.592	NaN
49	0049-0080	1350879.356	2545.001	1934	94	16.837	838.418	NaN
50	0050-0090	1368343.195	1738.173	2453	115	67.218	1421.941	NaN
51	0051-0103	9120233.399	5357.264	2038	83	167.211	2389.698	NaN
52	0052-0073	113001.315	455.534	974	68	129.289	352.564	NaN
53	0053-0098	2116206.443	2673.354	1298	75	142.306	1177.213	NaN
54	0054-0125	8060075.608	4171.348	21	105	154.026	3053.035	NaN
55	0055-0099	3694115.713	3574.257	1650	129	32.550	1576.882	NaN
56	0056-0092	1785420.776	2892.440	640	78	167.196	1225.815	NaN
57	0057-0086	820800.460	1404.783	1545	78	152.850	833.333	NaN
58	0058-0076	50336.949	317.292	1641	73	135.000	224.359	NaN
59	0059-0091	465359.961	1206.508	2521	77	129.611	711.640	NaN
60	0060-0090	417077.581	1022.129	2500	78	131.186	584.264	NaN
61	0061-0095	787927.350	1393.033	1196	97	23.025	950.414	NaN
62	0062-0134	10691978.961	5729.385	1197	137	165.420	3356.479	NaN
63	0063-0103	1445389.546	2121.446	987	82	153.048	1127.220	NaN
64	0064-0088	120192.308	480.769	1185	82	126.870	352.564	NaN
65	0065-0105	526997.041	1315.665	537	122	55.923	824.868	NaN
66	0066-0129	7926528.600	5469.793	1888	118	169.875	2353.603	NaN
67	0067-0157	12600673.899	5641.390	240	94	143.781	3913.972	NaN
68	0068-0117	1388888.889	2077.408	2235	136	38.108	1310.676	NaN
69	0069-0101	149983.563	551.431	522	105	35.538	416.667	NaN
70	0070-0120	1413543.721	1733.438	1135	114	146.310	1497.433	NaN
71	0071-0151	9822896.121	5108.335	366	142	3.958	3056.936	NaN
72	0072-0117	1291296.844	2402.778	597	114	170.789	961.538	NaN
73	0073-0125	4215976.331	5143.007	1470	112	169.951	1273.890	NaN
74	0074-0108	50336.949	317.292	1139	105	135.000	224.359	NaN
75	0075-0115	71909.928	385.949	554	111	138.366	256.410	NaN
76	0076-0126	485905.654	1256.557	564	142	52.253	676.985	NaN
77	0077-0121	510560.487	1089.744	2495	113	151.928	641.026	NaN
78	0078-0116	77046.351	410.457	1798	120	38.660	256.410	NaN
79	0079-0154	9353427.022	5232.317	2314	137	3.160	2481.170	NaN
80	0080-0146	5079922.748	3967.762	1373	137	170.233	2003.341	NaN
81	0081-0125	532133.465	983.196	1850	119	160.974	769.231	NaN
82	0082-0157	6776997.041	3841.477	1042	130	162.019	2518.284	NaN
83	0083-0122	50336.949	317.292	2284	119	135.000	224.359	NaN
84	0084-0125	84237.344	431.206	1749	120	131.987	288.462	NaN
85	0085-0140	1216305.062	1648.072	975	137	166.504	1217.949	NaN
86	0086-0129	162310.980	622.323	2529	137	55.491	384.615	NaN
87	0087-0147	1187541.091	1733.438	1799	136	146.310	1250.000	NaN
88	0088-0136	219838.922	679.910	1741	129	135.000	480.695	NaN
89	0089-0136	145874.425	590.996	2206	143	49.399	384.615	NaN
90	0090-0134	89373.767	431.206	605	130	138.013	288.462	NaN
91	0091-0150	842373.439	1396.347	528	132	121.866	1025.641	NaN
92	0092-0140	183883.958	703.670	575	145	30.069	448.718	NaN
93	0093-0141	207511.506	688.170	612	148	27.759	478.383	NaN
94	0094-0147	226002.630	796.137	18	137	130.101	493.590	NaN
95	0095-0154	1300542.406	2027.101	2469	164	18.435	1057.692	NaN
96	0096-0147	209566.075	636.200	2545	152	40.914	512.821	NaN
97	0097-0143	50336.949	317.292	7	140	135.000	224.359	NaN
98	0098-0173	2690458.580	2743.710	158	153	142.595	1654.449	NaN
99	0099-0170	5263806.706	4160.498	1623	189	15.642	1823.609	NaN
100	0100-0160	746835.963	1315.665	2173	177	55.923	913.556	NaN
101	0101-0147	50336.949	317.292	1721	144	135.000	224.359	NaN
102	0102-0151	98619.329	453.274	1771	156	45.000	320.513	NaN
103	0103-0194	12303788.626	5677.059	868	157	167.612	3015.831	NaN
104	0104-0172	2464455.950	2325.872	1547	152	168.071	1568.041	NaN
105	0105-0169	1441280.408	1978.112	2210	183	26.980	1162.909	NaN
106	0106-0156	85264.629	410.457	1534	153	141.340	288.462	NaN
107	0107-0179	3957100.592	3450.987	2042	167	173.601	1710.818	NaN
108	0108-0182	5092250.164	4946.293	1859	183	3.715	1770.655	NaN
109	0109-0161	79100.920	385.949	13	157	138.366	288.462	NaN
110	0110-0203	8304569.362	4707.503	536	199	173.746	2816.994	NaN
111	0111-0165	156147.272	596.188	2541	170	36.254	384.615	NaN
112	0112-0188	1744329.389	1904.019	808	204	36.098	1569.876	NaN
113	0113-0191	2349400.066	2154.838	1155	207	22.751	1647.436	NaN
114	0114-0166	50336.949	317.292	2158	163	135.000	224.359	NaN
115	0115-0214	8575772.518	4292.599	2182	237	15.593	2749.913	NaN
116	0116-0171	57527.942	340.710	526	168	138.814	224.359	NaN
117	0117-0235	10099235.700	5102.600	95	188	146.010	3269.777	NaN
118	0118-0176	103755.753	480.769	390	170	126.870	288.462	NaN
119	0119-0214	7562869.822	4011.535	1726	226	14.813	2714.948	NaN
120	0120-0185	410913.872	1033.623	497	195	29.745	619.022	NaN
121	0121-0186	620479.947	1479.923	1510	180	162.350	641.026	NaN
122	0122-0213	8796638.725	6418.584	2357	216	8.616	2324.586	NaN
123	0123-0196	829018.738	1338.501	2011	204	16.699	1100.115	NaN
124	0124-0212	2478837.936	2746.890	19	190	145.939	1639.012	NaN
125	0125-0188	201347.798	616.519	476	191	27.897	416.667	NaN
126	0126-0221	8308678.501	5833.686	1404	200	167.949	2151.531	NaN
127	0127-0223	10970373.110	6826.396	1182	241	7.826	2185.825	NaN
128	0128-0219	2013477.975	2594.571	2122	234	27.198	1314.493	NaN
129	0129-0241	12665392.834	6354.242	674	246	2.891	2795.460	NaN
130	0130-0220	1012902.696	1553.413	1055	198	111.801	1242.899	NaN
131	0131-0206	72937.212	385.949	1912	211	48.366	256.410	NaN
132	0132-0209	136628.863	533.440	2554	216	57.265	352.564	NaN
133	0133-0214	407832.018	1074.555	491	210	162.646	544.872	NaN
134	0134-0226	1214250.493	1884.495	1856	206	138.447	1160.280	NaN
135	0135-0229	4294049.967	3918.261	1604	214	166.759	1390.555	NaN
136	0136-0211	72937.212	385.949	1939	207	138.366	256.410	NaN
137	0137-0227	1331360.947	1849.278	421	213	154.323	1185.897	NaN
138	0138-0217	175665.680	685.927	1569	209	127.405	435.897	NaN
139	0139-0218	164365.549	711.654	2047	209	125.838	410.044	NaN
140	0140-0219	282503.287	820.913	1994	210	141.340	572.336	NaN
141	0141-0215	64718.935	362.619	482	219	45.000	256.410	NaN
142	0142-0223	418104.865	960.469	1083	228	25.710	681.222	NaN
143	0143-0214	50336.949	317.292	2535	211	135.000	224.359	NaN
144	0144-0227	525969.757	1042.529	2073	237	45.000	897.436	NaN
145	0145-0233	1712483.563	2422.577	1920	249	25.887	975.573	NaN
146	0146-0262	7560815.253	4846.531	453	265	176.967	2769.576	NaN
147	0147-0270	7754972.058	3674.033	1066	276	173.991	3140.865	NaN
148	0148-0227	120192.308	489.242	414	222	148.392	320.513	NaN
149	0149-0283	12382889.546	5836.590	881	259	173.695	3200.165	NaN
150	0150-0267	11731591.059	6168.019	252	234	164.014	2673.305	NaN
151	0151-0227	50336.949	317.292	2326	224	135.000	224.359	NaN
152	0152-0231	71909.928	385.949	56	236	48.366	256.410	NaN
153	0153-0240	110946.746	453.274	2498	245	45.000	320.513	NaN
154	0154-0287	10483440.171	6226.946	1367	319	14.608	3008.373	NaN
155	0155-0279	7882355.358	4764.766	1944	269	5.404	2439.460	NaN
156	0156-0276	4443006.246	3553.214	2352	247	164.836	2156.437	NaN
157	0157-0291	8587072.650	4905.626	1568	274	166.781	2687.085	NaN
158	0158-0248	71909.928	385.949	15	244	138.366	256.410	NaN
159	0159-0253	57527.942	340.710	27	249	131.186	224.359	NaN
160	0160-0274	2472674.227	2413.017	615	298	16.991	1508.388	NaN
161	0161-0254	50336.949	317.292	2160	251	135.000	224.359	NaN
162	0162-0255	57527.942	340.710	442	252	138.814	224.359	NaN
163	0163-0278	1829594.017	2158.886	1174	303	40.786	1385.384	NaN
164	0164-0315	10712524.655	4520.254	2219	347	38.089	3517.920	NaN
165	0165-0304	8438116.371	5135.412	1830	268	155.674	2885.793	NaN
166	0166-0276	814636.752	1282.051	1729	293	53.130	985.340	NaN
167	0167-0265	50336.949	317.292	1684	262	135.000	224.359	NaN
168	0168-0325	12745521.039	6576.451	1161	324	14.104	3320.166	NaN
169	0169-0301	2766477.646	3324.075	1773	271	140.477	1760.260	NaN
170	0170-0272	50336.949	317.292	140	269	135.000	224.359	NaN
171	0171-0278	57527.942	340.710	2102	275	138.814	224.359	NaN
172	0172-0290	1161858.974	1920.939	2194	302	25.710	871.164	NaN
173	0173-0279	50336.949	317.292	2174	276	135.000	224.359	NaN
174	0174-0331	11533325.115	6450.196	698	373	26.565	2869.144	NaN
175	0175-0282	97592.045	455.534	459	278	140.711	288.462	NaN
176	0176-0293	463305.391	995.655	474	280	123.179	769.231	NaN
177	0177-0285	50336.949	317.292	2633	282	135.000	224.359	NaN
178	0178-0291	81155.490	410.457	58	286	128.660	256.410	NaN
179	0179-0311	3221564.760	3069.067	682	308	7.199	1505.420	NaN
180	0180-0310	2859960.552	3094.235	2525	317	13.173	1278.027	NaN
181	0181-0293	104783.037	476.477	144	298	42.274	320.513	NaN
182	0182-0294	50336.949	317.292	115	291	135.000	224.359	NaN
183	0183-0299	50336.949	317.292	329	296	135.000	224.359	NaN
184	0184-0349	9445882.643	5513.659	1471	384	12.420	2932.747	NaN
185	0185-0302	50336.949	317.292	2160	299	135.000	224.359	NaN
186	0186-0308	310239.974	874.830	1745	314	28.443	517.239	NaN
187	0187-0323	1984714.004	2481.233	1007	324	5.932	1266.363	NaN
188	0188-0359	8561390.533	4264.748	130	386	38.593	3496.762	NaN
189	0189-0317	427350.427	918.369	2626	306	119.249	608.974	NaN
190	0190-0325	791009.204	1762.821	283	309	143.130	846.233	NaN
191	0191-0319	354413.215	942.656	2647	309	144.689	620.174	NaN
192	0192-0326	1140285.996	1864.768	405	333	24.362	998.312	NaN
193	0193-0314	63691.650	362.619	255	310	135.000	256.410	NaN
194	0194-0334	1043721.236	2009.030	639	312	146.056	900.774	NaN
195	0195-0317	87319.198	410.457	1088	312	128.660	288.462	NaN
196	0196-0365	10306747.206	4962.983	518	323	155.587	3300.654	NaN
197	0197-0335	1521408.613	2645.542	1451	341	19.093	1071.810	NaN
198	0198-0346	2979125.575	2800.226	1686	342	174.746	1749.821	NaN
199	0199-0328	621507.232	1282.852	341	324	167.005	673.077	NaN
200	0200-0324	171556.542	641.026	1768	330	36.870	384.615	NaN
201	0201-0334	907092.373	1534.785	2172	342	28.706	993.590	NaN
202	0202-0333	269148.586	793.552	495	325	133.363	536.528	NaN
203	0203-0326	50336.949	317.292	2370	323	135.000	224.359	NaN
204	0204-0374	10498849.441	5885.753	990	400	9.719	2468.279	NaN
205	0205-0359	3818417.160	3609.151	902	371	19.722	1447.611	NaN
206	0206-0341	454059.829	962.073	2481	329	119.982	641.026	NaN
207	0207-0344	885519.395	1593.887	2019	333	164.846	977.563	NaN
208	0208-0338	377013.478	1175.456	2118	329	154.134	562.933	NaN
209	0209-0332	50336.949	317.292	2381	329	135.000	224.359	NaN
210	0210-0334	64718.935	362.619	120	330	135.000	256.410	NaN
211	0211-0338	104783.037	570.657	148	345	51.843	322.013	NaN
212	0212-0348	1334442.801	1917.995	1350	351	9.620	943.885	NaN
213	0213-0342	385231.755	1138.159	1988	353	32.347	578.590	NaN
214	0214-0371	8134040.105	5285.450	2507	347	171.280	2236.617	NaN
215	0215-0340	63691.650	362.619	1495	344	45.000	256.410	NaN
216	0216-0355	491042.078	1473.313	269	339	134.119	623.746	NaN
217	0217-0343	71909.928	385.949	1435	339	138.366	256.410	NaN
218	0218-0355	849564.431	1659.873	2108	349	169.992	733.640	NaN
219	0219-0353	210593.360	841.308	2464	363	49.635	448.718	NaN
220	0220-0355	266066.732	832.100	2387	355	164.358	511.936	NaN
221	0221-0352	85264.629	435.945	2451	347	126.027	256.410	NaN
222	0222-0365	1624137.081	2736.399	336	355	166.452	964.535	NaN
223	0223-0393	5497000.329	3508.261	1716	392	5.242	2553.298	NaN
224	0224-0367	581443.130	1290.039	440	360	153.435	780.434	NaN
225	0225-0367	500287.640	1308.226	1841	379	30.964	716.688	NaN
226	0226-0403	11556952.663	6002.153	1221	393	176.939	2922.677	NaN
227	0227-0364	284557.857	730.882	1416	373	37.875	544.872	NaN
228	0228-0363	191074.951	660.754	1822	358	140.906	480.769	NaN
229	0229-0364	252712.032	660.754	1920	356	129.094	512.821	NaN
230	0230-0359	50336.949	317.292	2175	356	135.000	224.359	NaN
231	0231-0402	8615836.621	5140.310	1546	408	176.067	2552.085	NaN
232	0232-0362	96564.760	431.206	2483	367	48.013	320.513	NaN
233	0233-0378	930719.921	1746.427	478	358	132.769	875.583	NaN
234	0234-0367	272230.440	846.178	1937	361	155.376	512.821	NaN
235	0235-0389	2403846.154	2224.507	2041	409	36.209	1651.876	NaN
236	0236-0366	71909.928	391.236	321	361	124.992	224.359	NaN
237	0237-0364	50336.949	317.292	1447	361	135.000	224.359	NaN
238	0238-0364	50336.949	317.292	1455	361	135.000	224.359	NaN
239	0239-0377	979002.301	1774.437	1985	363	159.928	923.454	NaN
240	0240-0365	64718.935	365.441	2368	362	142.125	224.359	NaN
241	0241-0380	1151586.128	1906.445	2200	369	153.004	909.303	NaN
242	0242-0368	70882.643	385.949	329	364	131.634	256.410	NaN
243	0243-0369	80128.205	385.949	102	365	131.634	288.462	NaN
244	0244-0370	64718.935	362.619	2104	366	135.000	256.410	NaN
245	0245-0413	7289612.097	3846.154	2258	440	36.870	2905.704	NaN
246	0246-0373	64718.935	365.441	1882	369	127.875	224.359	NaN
247	0247-0374	88346.483	431.206	2127	379	48.013	288.462	NaN
248	0248-0373	50336.949	317.292	94	370	135.000	224.359	NaN
249	0249-0389	1224523.340	1929.743	1861	382	168.503	1111.996	NaN
250	0250-0378	50336.949	317.292	389	375	135.000	224.359	NaN
251	0251-0427	11272394.806	5488.261	748	398	159.131	3282.880	NaN
252	0252-0408	5620274.490	4732.315	2459	399	171.431	2118.724	NaN
253	0253-0384	117110.454	489.242	2374	391	58.392	320.513	NaN
254	0254-0426	9021614.070	4576.043	2109	449	11.310	2998.314	NaN
255	0255-0397	1374506.903	1937.181	657	409	16.336	1071.079	NaN
256	0256-0409	2571293.557	2131.109	263	417	12.155	1729.365	NaN
257	0257-0405	1881985.536	2254.096	1416	382	150.154	1291.648	NaN
258	0258-0388	146901.709	570.657	82	394	38.157	352.564	NaN
259	0259-0388	72937.212	385.949	38	392	41.634	256.410	NaN
260	0260-0416	2968852.728	2679.495	1120	414	173.130	1750.154	NaN
261	0261-0436	7955292.571	4301.683	1889	435	7.707	2890.491	NaN
262	0262-0390	57527.942	340.710	2450	387	138.814	224.359	NaN
263	0263-0392	63691.650	362.619	2031	396	45.000	256.410	NaN
264	0264-0395	95537.475	462.250	2016	399	33.690	256.410	NaN
265	0265-0396	79100.920	417.898	2382	393	147.529	224.359	NaN
266	0266-0419	2478837.936	2225.199	921	432	11.634	1472.255	NaN
267	0267-0399	94510.191	435.945	7	396	143.973	288.462	NaN
268	0268-0402	142792.571	567.045	517	396	137.291	384.615	NaN
269	0269-0443	5046022.354	3884.689	115	406	154.069	2694.749	NaN
270	0270-0430	2290844.839	2193.816	2417	463	64.933	1550.083	NaN
271	0271-0417	1316978.961	1971.870	1805	422	172.528	1077.317	NaN
272	0272-0420	658489.481	1178.511	1494	427	22.380	833.333	NaN
273	0273-0413	57527.942	340.710	88	410	138.814	224.359	NaN
274	0274-0430	888601.249	1841.485	721	417	148.523	879.480	NaN
275	0275-0423	197238.659	622.323	1868	432	55.491	416.667	NaN
276	0276-0471	7964538.133	4827.949	22	439	147.470	2689.804	NaN
277	0277-0431	1084812.623	2162.452	1050	428	168.024	737.179	NaN
278	0278-0464	5505218.606	4084.118	1635	471	171.425	2686.254	NaN
279	0279-0462	11987384.944	6133.865	556	472	3.595	2634.445	NaN
280	0280-0452	4960757.725	5337.958	1325	470	10.028	1607.169	NaN
281	0281-0452	1457716.963	1943.534	311	439	166.651	1390.430	NaN
282	0282-0459	1542981.591	2198.727	247	440	143.297	1108.987	NaN
283	0283-0435	105810.322	476.477	1676	440	42.274	320.513	NaN
284	0284-0471	5498027.613	3253.639	2010	499	34.160	2618.792	NaN
285	0285-0435	64718.935	362.619	95	439	45.000	256.410	NaN
286	0286-0450	1173159.106	2240.153	2533	462	19.213	820.907	NaN
287	0287-0476	7625534.188	4331.669	1188	461	169.771	2488.739	NaN
288	0288-0446	410913.872	907.114	2457	437	147.995	673.077	NaN
289	0289-0477	6360946.746	4544.732	924	473	6.072	2071.194	NaN
290	0290-0447	276339.579	801.282	1541	455	36.870	543.928	NaN
291	0291-0481	8562417.817	4773.489	1770	456	166.804	2720.654	NaN
292	0292-0447	328731.098	989.445	1648	454	24.905	467.281	NaN
293	0293-0451	123274.162	545.814	421	445	130.236	352.564	NaN
294	0294-0448	50336.949	317.292	1681	445	135.000	224.359	NaN
295	0295-0449	50336.949	317.292	114	446	135.000	224.359	NaN
296	0296-0467	3259574.293	3862.412	1068	485	9.071	1249.922	NaN
297	0297-0455	279421.433	903.141	2490	450	152.526	445.973	NaN
298	0298-0500	7289612.097	4902.170	2191	546	26.398	2424.181	NaN
299	0299-0456	96564.760	431.206	1323	460	41.987	320.513	NaN
300	0300-0515	16633793.557	8523.472	1418	493	173.089	3309.006	NaN
301	0301-0472	1047830.375	1529.085	764	463	146.976	1155.797	NaN
302	0302-0466	1148504.274	1986.662	1571	474	17.850	737.179	NaN
303	0303-0460	114028.600	480.769	2381	465	36.870	320.513	NaN
304	0304-0482	2318581.525	2626.250	2555	491	23.749	1250.481	NaN
305	0305-0463	50336.949	317.292	2203	460	135.000	224.359	NaN
306	0306-0524	11870274.490	5231.335	2420	480	162.897	3701.133	NaN
307	0307-0466	50336.949	317.292	366	463	135.000	224.359	NaN
308	0308-0468	70882.643	385.949	434	464	138.366	256.410	NaN
309	0309-0470	79100.920	385.949	511	466	138.366	288.462	NaN
310	0310-0510	4524161.736	4231.376	186	504	169.967	1853.073	NaN
311	0311-0477	210593.360	666.944	2365	473	144.782	480.769	NaN
312	0312-0480	223948.060	771.897	521	489	48.366	544.640	NaN
313	0313-0496	894764.957	1638.068	2114	474	120.579	1078.340	NaN
314	0314-0478	113001.315	533.440	2393	483	32.735	288.462	NaN
315	0315-0478	50336.949	317.292	309	475	135.000	224.359	NaN
316	0316-0487	764299.803	1912.900	339	480	171.327	784.303	NaN
317	0317-0483	143819.855	545.814	2132	477	130.236	384.615	NaN
318	0318-0505	1286160.421	1791.721	2156	524	47.175	1182.127	NaN
319	0319-0489	111974.030	501.682	1982	486	153.435	256.410	NaN
320	0320-0501	976947.732	1595.175	1354	487	157.557	993.590	NaN
321	0321-0494	163338.264	615.685	310	489	141.340	416.667	NaN
322	0322-0493	64718.935	362.619	416	497	45.000	256.410	NaN
323	0323-0498	336949.375	891.118	810	508	37.694	594.631	NaN
324	0324-0493	71909.928	385.949	2405	497	41.634	256.410	NaN
325	0325-0495	50336.949	317.292	353	492	135.000	224.359	NaN
326	0326-0540	10620069.034	6143.906	513	520	170.390	2980.870	NaN
327	0327-0503	278394.149	871.889	1933	492	126.027	568.923	NaN
328	0328-0497	64718.935	365.441	378	493	127.875	224.359	NaN
329	0329-0497	57527.942	340.710	398	493	131.186	224.359	NaN
330	0330-0562	14068663.708	6093.538	752	588	25.217	4272.105	NaN
331	0331-0496	50336.949	317.292	1965	493	135.000	224.359	NaN
332	0332-0509	714990.138	2207.587	981	525	25.821	500.493	NaN
333	0333-0515	1619000.657	2324.768	719	524	15.186	1271.943	NaN
334	0334-0534	10409475.674	6591.820	993	539	9.233	2423.764	NaN
335	0335-0500	50336.949	317.292	1983	497	135.000	224.359	NaN
336	0336-0510	486932.939	1022.129	13	522	48.814	683.711	NaN
337	0337-0546	7799145.299	4196.883	1670	584	17.328	2475.912	NaN
338	0338-0506	99646.614	480.769	1919	512	53.130	288.462	NaN
339	0339-0507	64718.935	362.619	2056	511	45.000	256.410	NaN
340	0340-0511	107864.892	570.657	61	506	141.843	324.058	NaN
341	0341-0533	1799802.761	2295.194	2318	554	35.910	1294.872	NaN
342	0342-0516	204429.652	688.170	804	523	27.759	416.667	NaN
343	0343-0515	87319.198	431.206	830	520	41.987	288.462	NaN
344	0344-0520	240384.615	730.882	437	527	37.875	544.872	NaN
345	0345-0551	8071375.740	6456.007	1283	574	10.585	2504.673	NaN
346	0346-0535	1878903.682	2493.417	359	537	17.969	1334.847	NaN
347	0347-0545	4382396.450	3730.086	1994	524	160.942	1805.679	NaN
348	0348-0584	9768450.033	4512.861	2383	517	106.504	3254.271	NaN
349	0349-0522	71909.928	385.949	467	518	138.366	256.410	NaN
350	0350-0537	2032996.384	2743.148	1202	527	173.290	1194.302	NaN
351	0351-0531	654380.342	1484.774	2092	519	147.339	687.383	NaN
352	0352-0522	50336.949	317.292	168	519	135.000	224.359	NaN
353	0353-0535	925583.498	1751.420	2269	551	34.563	885.715	NaN
354	0354-0546	1169049.967	1982.262	451	569	50.906	1224.211	NaN
355	0355-0526	50336.949	317.292	238	523	135.000	224.359	NaN
356	0356-0550	3775271.203	3030.669	1823	560	17.860	1609.357	NaN
357	0357-0526	50336.949	317.292	2422	523	135.000	224.359	NaN
358	0358-0550	2121342.867	2198.727	1934	530	143.297	1602.564	NaN
359	0359-0533	80128.205	385.949	431	529	131.634	288.462	NaN
360	0360-0601	10043762.327	5858.462	927	533	131.451	2819.974	NaN
361	0361-0575	5070677.186	3558.270	72	531	134.635	2464.311	NaN
362	0362-0548	995438.856	1679.255	194	535	156.371	1010.577	NaN
363	0363-0540	278394.149	922.832	302	543	20.323	500.403	NaN
364	0364-0538	109919.461	506.775	513	543	34.695	288.462	NaN
365	0365-0562	2106960.881	2482.889	697	588	39.237	1456.821	NaN
366	0366-0543	147928.994	588.383	131	539	150.642	320.513	NaN
367	0367-0548	542406.312	1329.645	1496	541	164.624	673.077	NaN
368	0368-0541	50336.949	317.292	1796	538	135.000	224.359	NaN
369	0369-0554	455087.114	1155.625	408	562	33.690	819.082	NaN
370	0370-0543	50336.949	317.292	449	540	135.000	224.359	NaN
371	0371-0556	579388.560	1179.383	2146	543	132.797	865.385	NaN
372	0372-0548	57527.942	340.710	329	544	131.186	224.359	NaN
373	0373-0616	8563445.102	5209.393	20	551	123.201	2486.839	NaN
374	0374-0552	155119.987	577.813	515	560	56.310	448.718	NaN
375	0375-0548	71909.928	391.236	2161	545	145.008	224.359	NaN
376	0376-0596	8040557.199	4473.078	1160	576	163.773	2757.322	NaN
377	0377-0554	71909.928	385.949	316	558	41.634	256.410	NaN
378	0378-0555	100673.899	489.242	2289	559	31.608	256.410	NaN
379	0379-0560	81155.490	410.457	2193	556	141.340	256.410	NaN
380	0380-0562	103755.753	453.274	2274	557	135.000	320.513	NaN
381	0381-0564	57527.942	340.710	526	560	131.186	224.359	NaN
382	0382-0565	71909.928	391.236	2657	560	124.992	224.359	NaN
383	0383-0571	254766.601	771.897	1511	577	41.634	575.457	NaN
384	0384-0582	1136176.857	1557.705	2302	571	143.366	1218.506	NaN
385	0385-0566	70882.643	385.949	1402	570	41.634	256.410	NaN
386	0386-0590	3599605.523	3494.766	229	578	172.093	1704.193	NaN
387	0387-0587	1277942.143	2551.451	349	565	153.113	910.621	NaN
388	0388-0592	3532832.018	3960.117	1544	601	11.674	1563.763	NaN
389	0389-0570	57527.942	340.710	538	566	131.186	224.359	NaN
390	0390-0609	6279791.256	4748.135	1677	628	24.316	1993.031	NaN
391	0391-0588	2952416.174	3670.816	1396	571	174.489	1346.154	NaN
392	0392-0586	1474153.517	2089.488	2595	594	20.659	1037.598	NaN
393	0393-0572	50336.949	317.292	580	569	135.000	224.359	NaN
394	0394-0574	50336.949	317.292	649	571	135.000	224.359	NaN
395	0395-0575	50336.949	317.292	434	572	135.000	224.359	NaN
396	0396-0577	64718.935	362.619	448	573	135.000	256.410	NaN
397	0397-0590	560897.436	1655.845	1519	608	42.647	657.443	NaN
398	0398-0579	130465.155	567.045	2465	573	137.291	362.619	NaN
399	0399-0621	9921515.450	4827.417	1039	581	157.351	2980.769	NaN
400	0400-0582	124301.446	551.431	2102	575	125.538	320.513	NaN
401	0401-0582	87319.198	431.206	2269	577	131.987	288.462	NaN
402	0402-0607	1568663.708	2794.901	481	584	143.393	1278.903	NaN
403	0403-0581	50336.949	317.292	2025	578	135.000	224.359	NaN
404	0404-0584	78073.636	410.457	2175	589	51.340	256.410	NaN
405	0405-0634	7867973.373	4582.437	1831	598	168.297	3135.853	NaN
406	0406-0588	79100.920	407.946	1966	593	45.000	288.462	NaN
407	0407-0596	379068.047	1005.920	1988	586	149.349	737.179	NaN
408	0408-0598	354413.215	968.988	1500	611	55.784	641.026	NaN
409	0409-0591	101701.183	476.477	2077	597	47.726	320.513	NaN
410	0410-0591	87319.198	431.206	2236	587	138.013	288.462	NaN
411	0411-0624	5593565.089	4095.171	565	609	173.709	1993.468	NaN
412	0412-0602	462278.107	1022.632	1658	588	122.196	673.077	NaN
413	0413-0598	322567.390	863.007	2051	597	158.199	576.923	NaN
414	0414-0650	10618014.464	5140.410	126	693	7.524	3752.315	NaN
415	0415-0595	57527.942	340.710	2283	591	131.186	224.359	NaN
416	0416-0601	296885.273	961.538	2477	592	143.130	484.072	NaN
417	0417-0603	110946.746	489.242	900	610	58.392	288.462	NaN
418	0418-0637	2637039.776	2895.989	2115	678	62.301	1726.534	NaN
419	0419-0617	2249753.452	2848.239	437	634	19.047	1250.000	NaN
420	0420-0640	10687869.822	6125.821	1295	609	165.455	2568.380	NaN
421	0421-0610	341058.514	810.840	704	609	161.565	673.077	NaN
422	0422-0651	7558760.684	4293.676	2263	619	145.954	2880.174	NaN
423	0423-0623	1779257.068	2124.591	2533	624	11.310	1242.892	NaN
424	0424-0615	282503.287	775.879	2009	606	128.290	537.182	NaN
425	0425-0629	1899449.375	2753.427	321	617	167.905	1310.106	NaN
426	0426-0612	83210.059	407.946	1603	608	135.000	288.462	NaN
427	0427-0612	71909.928	385.949	2177	616	41.634	256.410	NaN
428	0428-0611	50336.949	317.292	2277	608	135.000	224.359	NaN
429	0429-0641	2787023.340	2538.534	1485	620	155.376	1684.362	NaN
430	0430-0628	432486.851	961.538	2047	641	53.130	769.231	NaN
431	0431-0644	1187541.091	2169.093	929	616	124.160	939.943	NaN
432	0432-0649	3657133.465	2939.297	2436	650	161.565	2020.797	NaN
433	0433-0646	1117685.733	1866.970	2168	618	101.889	1057.692	NaN
434	0434-0623	93482.906	431.206	2214	618	131.987	320.513	NaN
435	0435-0661	9599975.345	5622.146	1544	673	3.923	2660.256	NaN
436	0436-0645	2477810.651	2565.905	723	633	159.528	1457.215	NaN
437	0437-0645	1902531.229	2483.716	791	625	162.734	1406.745	NaN
438	0438-0664	8497698.882	5600.910	1728	667	168.111	2772.826	NaN
439	0439-0630	283530.572	761.850	2061	639	22.249	576.923	NaN
440	0440-0635	207511.506	645.020	1277	630	153.435	384.615	NaN
441	0441-0656	1643655.490	1875.753	668	650	163.113	1515.848	NaN
442	0442-0642	183883.958	659.976	2203	633	119.055	384.615	NaN
443	0443-0738	23332716.963	8405.323	735	814	31.751	4204.145	NaN
444	0444-0642	72937.212	385.949	403	638	138.366	256.410	NaN
445	0445-0642	57527.942	340.710	2521	638	131.186	224.359	NaN
446	0446-0645	341058.514	1096.323	1984	643	164.745	407.367	NaN
447	0447-0643	70882.643	385.949	2235	647	41.634	256.410	NaN
448	0448-0685	3572896.121	3230.826	2175	719	36.529	1979.986	NaN
449	0449-0648	86291.913	410.457	34	653	51.340	288.462	NaN
450	0450-0651	161283.695	615.685	1187	659	51.340	401.391	NaN
451	0451-0654	183883.958	590.996	506	660	40.601	448.718	NaN
452	0452-0657	605070.677	1247.120	1255	664	25.907	641.026	NaN
453	0453-0652	89373.767	431.206	371	657	41.987	288.462	NaN
454	0454-0655	163338.264	577.813	447	663	56.310	384.615	NaN
455	0455-0662	391395.464	1005.920	351	676	59.349	662.746	NaN
456	0456-0674	1215277.778	2027.354	515	698	39.226	1285.429	NaN
457	0457-0689	3056171.926	3558.270	420	728	44.635	2164.218	NaN
458	0458-0670	989275.148	1502.313	2388	657	146.310	1153.846	NaN
459	0459-0656	50336.949	317.292	297	653	135.000	224.359	NaN
460	0460-0663	239357.331	764.542	1209	657	146.976	538.277	NaN
461	0461-0663	92455.621	431.206	2536	658	131.987	288.462	NaN
462	0462-0674	782790.927	1510.496	622	674	162.719	856.990	NaN
463	0463-0664	64718.935	362.619	2004	668	45.000	256.410	NaN
464	0464-0664	57527.942	340.710	2153	660	131.186	224.359	NaN
465	0465-0665	105810.322	489.242	1988	669	31.608	256.410	NaN
466	0466-0668	121219.592	498.601	320	663	135.000	352.564	NaN
467	0467-0669	130465.155	551.431	424	665	144.462	352.564	NaN
468	0468-0700	5407626.561	4057.368	1079	678	170.910	1941.521	NaN
469	0469-0676	271203.156	891.118	446	684	37.694	569.356	NaN
470	0470-0688	2681213.018	4042.529	1309	667	165.303	1065.427	NaN
471	0471-0678	388313.609	888.809	795	674	154.359	608.974	NaN
472	0472-0689	958456.607	1376.340	2143	671	117.759	993.590	NaN
473	0473-0695	2008341.552	2093.172	2056	681	154.612	1491.190	NaN
474	0474-0679	226002.630	685.927	410	671	127.405	544.872	NaN
475	0475-0737	12798939.842	5211.759	635	698	169.727	3697.362	NaN
476	0476-0698	1265614.727	2154.123	36	675	133.191	951.875	NaN
477	0477-0692	1144395.135	1835.618	1242	678	155.225	1102.822	NaN
478	0478-0707	1651873.767	2169.093	977	675	108.970	1267.093	NaN
479	0479-0699	2237426.036	2681.794	999	681	155.273	1376.800	NaN
480	0480-0696	1690910.585	2604.845	1446	705	18.658	1201.444	NaN
481	0481-0682	120192.308	480.769	1228	678	143.130	320.513	NaN
482	0482-0682	50336.949	317.292	502	679	135.000	224.359	NaN
483	0483-0706	2641148.915	3005.481	1677	702	172.648	1466.668	NaN
484	0484-0706	1121794.872	1904.019	305	682	126.098	1091.478	NaN
485	0485-0685	93482.906	473.232	1989	682	151.699	224.359	NaN
486	0486-0696	354413.215	1005.920	387	710	59.349	534.863	NaN
487	0487-0688	85264.629	431.206	1532	684	138.013	288.462	NaN
488	0488-0729	7102646.285	3942.829	2222	732	162.007	2831.686	NaN
489	0489-0728	10467003.616	5840.901	2423	701	159.775	2724.359	NaN
490	0490-0692	79100.920	410.457	2563	688	141.340	256.410	NaN
491	0491-0719	1216305.062	1583.217	2382	699	121.759	1378.205	NaN
492	0492-0732	4402942.143	4291.043	1132	756	13.829	1594.310	NaN
493	0493-0735	4287886.259	3650.189	205	716	163.156	1750.347	NaN
494	0494-0723	959483.892	1397.451	108	710	143.393	927.022	NaN
495	0495-0720	477687.377	1155.625	2339	730	33.690	629.688	NaN
496	0496-0745	8635355.030	5430.304	1299	733	175.938	2107.157	NaN
497	0497-0730	850591.716	1423.308	1804	713	125.838	1057.692	NaN
498	0498-0721	253739.316	737.876	1840	731	55.620	512.821	NaN
499	0499-0764	9170570.348	4940.682	1836	755	168.398	3170.416	NaN
500	0500-0721	117110.454	480.769	398	715	126.870	320.513	NaN
501	0501-0731	696499.014	1192.377	1019	715	126.254	997.202	NaN
502	0502-0745	2121342.867	2108.818	2115	774	43.152	1599.554	NaN
503	0503-0725	57527.942	340.710	2059	721	131.186	224.359	NaN
504	0504-0731	89373.767	410.457	513	726	128.660	288.462	NaN
505	0505-0746	1411489.152	2112.955	154	746	170.395	1025.641	NaN
506	0506-0753	1277942.143	1601.923	1070	730	109.885	1133.456	NaN
507	0507-0738	114028.600	521.757	2344	732	132.510	379.276	NaN
508	0508-0750	410913.872	1211.606	576	766	52.524	663.968	NaN
509	0509-0745	204429.652	616.519	509	741	152.103	480.769	NaN
510	0510-0785	10302638.067	5845.736	1150	769	166.040	3041.095	NaN
511	0511-0744	174638.396	660.754	471	749	22.834	352.564	NaN
512	0512-0768	1701183.432	2107.113	2056	798	63.825	1519.630	NaN
513	0513-0803	9144888.231	4568.067	40	863	49.268	3146.917	NaN
514	0514-0747	103755.753	462.250	2178	741	123.690	288.462	NaN
515	0515-0759	1276914.859	1925.746	2364	751	161.565	983.879	NaN
516	0516-0748	157174.556	641.026	2196	742	143.130	384.615	NaN
517	0517-0798	8570636.095	4738.064	317	833	33.690	3165.576	NaN
518	0518-0750	57527.942	340.710	499	747	138.814	224.359	NaN
519	0519-0755	317430.966	989.445	544	749	155.095	448.718	NaN
520	0520-0755	108892.176	462.250	360	751	146.310	320.513	NaN
521	0521-0754	71909.928	385.949	2625	750	138.366	256.410	NaN
522	0522-0786	4354659.763	3127.423	982	757	155.799	2065.803	NaN
523	0523-0790	7405695.266	6410.337	1343	810	5.739	2001.966	NaN
524	0524-0772	866000.986	1563.958	2183	757	135.830	1099.136	NaN
525	0525-0777	1186513.807	1733.438	2145	763	146.310	1106.287	NaN
526	0526-0764	50336.949	317.292	970	761	135.000	224.359	NaN
527	0527-0767	88346.483	410.457	454	764	141.340	288.462	NaN
528	0528-0790	2086415.187	2472.939	1110	764	137.626	1539.447	NaN
529	0529-0772	88346.483	431.206	938	777	48.013	288.462	NaN
530	0530-0805	7632725.181	5212.646	149	812	8.130	2238.586	NaN
531	0531-0778	143819.855	533.440	1583	784	32.735	352.564	NaN
532	0532-0811	7612179.487	5227.111	451	827	9.174	2336.824	NaN
533	0533-0781	185938.527	641.026	1552	788	36.870	416.667	NaN
534	0534-0815	4680309.007	3008.385	2566	838	14.184	2339.847	NaN
535	0535-0808	3231837.607	3049.086	2350	778	140.117	1788.442	NaN
536	0536-0796	906065.089	1376.340	2421	777	117.759	949.316	NaN
537	0537-0818	7586497.370	3914.195	2450	824	16.654	2647.478	NaN
538	0538-0789	453032.544	1314.103	4	780	167.320	621.956	NaN
539	0539-0783	50336.949	317.292	586	780	135.000	224.359	NaN
540	0540-0784	57527.942	340.710	2116	780	131.186	224.359	NaN
541	0541-0788	184911.243	641.026	2238	796	53.130	416.667	NaN
542	0542-0801	791009.204	1726.014	937	795	164.932	1179.892	NaN
543	0543-0788	108892.176	533.440	2644	781	122.735	284.537	NaN
544	0544-0795	397559.172	1088.800	656	782	132.614	634.583	NaN
545	0545-0806	2243589.744	2337.987	2275	790	146.746	1494.420	NaN
546	0546-0818	2086415.187	2337.108	2098	794	132.221	1450.475	NaN
547	0547-0794	50336.949	317.292	2009	791	135.000	224.359	NaN
548	0548-0803	185938.527	702.939	615	795	133.152	434.556	NaN
549	0549-0844	8437089.086	4314.679	1891	884	41.386	3141.026	NaN
550	0550-0822	2573348.126	2270.444	1735	812	161.053	1659.444	NaN
551	0551-0805	183883.958	596.188	909	801	143.746	480.769	NaN
552	0552-0826	2084360.618	2572.502	2007	806	149.281	1484.316	NaN
553	0553-0807	86291.913	435.945	14	803	143.973	256.410	NaN
554	0554-0815	613288.955	1129.097	2201	804	145.408	801.282	NaN
555	0555-0825	1247123.603	1974.734	870	841	13.134	1200.809	NaN
556	0556-0811	81155.490	410.457	962	816	51.340	256.410	NaN
557	0557-0822	762245.233	1251.643	2167	837	50.194	905.637	NaN
558	0558-0811	50336.949	317.292	333	808	135.000	224.359	NaN
559	0559-0814	80128.205	391.236	724	809	124.992	256.410	NaN
560	0560-0813	57527.942	340.710	2041	809	131.186	224.359	NaN
561	0561-0814	50336.949	317.292	434	811	135.000	224.359	NaN
562	0562-0847	3041789.941	3309.208	2248	819	148.465	1489.774	NaN
563	0563-0829	1741247.535	3306.412	1095	817	168.254	833.333	NaN
564	0564-0821	72937.212	385.949	668	817	138.366	256.410	NaN
565	0565-0829	593770.546	1348.060	1807	822	161.996	705.128	NaN
566	0566-0850	2669912.886	2841.197	566	857	11.056	1881.217	NaN
567	0567-0859	4214949.047	3291.465	993	873	22.319	1842.503	NaN
568	0568-0848	3484549.638	3733.390	1291	844	164.055	1518.257	NaN
569	0569-0833	204429.652	788.357	442	822	116.565	435.833	NaN
570	0570-0831	211620.644	688.170	1862	841	62.241	416.667	NaN
571	0571-0838	461250.822	1118.126	985	829	152.700	712.310	NaN
572	0572-0842	440705.128	904.846	1221	845	22.932	737.179	NaN
573	0573-0870	5844222.551	3661.429	666	872	13.671	2278.797	NaN
574	0574-0848	1203977.646	2446.208	231	862	21.523	735.938	NaN
575	0575-0841	50336.949	317.292	557	838	135.000	224.359	NaN
576	0576-0859	1108440.171	1742.894	1397	838	147.771	1240.161	NaN
577	0577-0876	5450772.518	4543.601	2158	857	163.610	1928.851	NaN
578	0578-0852	1024202.827	2230.272	901	859	7.431	799.070	NaN
579	0579-0848	117110.454	516.811	986	855	60.255	288.462	NaN
580	0580-0846	57527.942	340.710	1388	842	131.186	224.359	NaN
581	0581-0846	57527.942	340.710	2569	842	131.186	224.359	NaN
582	0582-0877	5902777.778	5195.077	1114	851	164.249	1838.927	NaN
583	0583-0868	2258999.014	2922.472	2344	851	158.782	1236.031	NaN
584	0584-0863	877301.118	1352.245	2439	847	148.570	1064.103	NaN
585	0585-0862	2284681.131	3067.561	1777	855	169.160	958.926	NaN
586	0586-0866	1005711.703	1567.894	159	885	40.855	1133.010	NaN
587	0587-0879	2189143.655	2330.726	793	910	58.496	1497.038	NaN
588	0588-0861	107864.892	455.534	404	867	50.711	320.513	NaN
589	0589-0871	644107.495	1404.783	359	860	145.222	851.758	NaN
590	0590-0867	438650.559	1018.606	445	861	155.854	576.923	NaN
591	0591-0861	50336.949	317.292	967	858	135.000	224.359	NaN
592	0592-0898	6705087.114	4684.753	2005	872	163.301	2142.829	NaN
593	0593-0900	8879848.784	5697.651	179	894	171.915	2564.103	NaN
594	0594-0869	304076.266	922.832	539	864	159.677	544.872	NaN
595	0595-0882	659516.765	1495.116	481	903	59.036	776.235	NaN
596	0596-0866	64718.935	362.619	508	870	45.000	256.410	NaN
597	0597-0920	11986357.659	5414.390	847	978	34.631	3750.000	NaN
598	0598-0867	156147.272	631.337	519	871	23.962	288.462	NaN
599	0599-0929	12098331.690	5618.856	1059	900	157.531	3123.659	NaN
600	0600-0875	448923.406	1067.361	1276	863	138.652	729.756	NaN
601	0601-0867	50336.949	317.292	657	864	135.000	224.359	NaN
602	0602-0868	57527.942	340.710	116	865	138.814	224.359	NaN
603	0603-0885	1768984.221	2030.392	2510	886	11.842	1282.051	NaN
604	0604-0876	156147.272	631.337	421	885	66.038	288.462	NaN
605	0605-0870	50336.949	317.292	2479	867	135.000	224.359	NaN
606	0606-0878	404750.164	1049.894	1307	878	167.661	480.769	NaN
607	0607-0914	5096359.303	3785.445	39	943	25.046	2352.337	NaN
608	0608-0884	100673.899	501.682	523	877	116.565	224.359	NaN
609	0609-0894	685198.882	1414.983	427	900	13.092	866.159	NaN
610	0610-0903	2361727.482	2798.758	551	926	23.629	1565.730	NaN
611	0611-0890	329758.383	863.007	2472	885	148.671	576.923	NaN
612	0612-0888	141765.286	525.680	550	893	37.569	384.615	NaN
613	0613-0909	3659188.034	3973.583	1768	894	160.688	1436.244	NaN
614	0614-0888	57527.942	340.710	513	884	131.186	224.359	NaN
615	0615-0923	10322156.476	6771.018	1269	920	173.750	2183.189	NaN
616	0616-0893	145874.425	602.189	2361	888	154.799	318.552	NaN
617	0617-0943	6538666.995	3886.672	2306	893	121.855	2883.101	NaN
618	0618-0928	3323265.943	3205.288	2438	890	130.539	1750.655	NaN
619	0619-0914	2523011.177	2524.738	1902	896	151.157	1442.308	NaN
620	0620-0900	124301.446	545.814	504	906	40.236	351.155	NaN
621	0621-0898	50336.949	317.292	536	895	135.000	224.359	NaN
622	0622-0906	273257.725	862.412	2166	898	138.013	578.291	NaN
623	0623-0902	180802.104	761.850	2379	897	157.751	319.819	NaN
624	0624-0911	544460.881	1452.245	383	904	157.964	650.237	NaN
625	0625-0961	9468482.906	5282.242	612	1021	37.357	2975.599	NaN
626	0626-0907	121219.592	521.757	1710	913	47.490	352.564	NaN
627	0627-0990	15564390.204	6484.585	1692	902	118.972	4154.781	NaN
628	0628-0912	257848.455	788.357	526	916	26.565	512.821	NaN
629	0629-0923	1352933.925	1797.445	1986	940	21.991	1165.583	NaN
630	0630-0954	11694608.810	6214.396	925	968	171.995	3092.342	NaN
631	0631-0923	824909.599	1970.046	457	916	158.025	803.489	NaN
632	0632-0931	1372452.334	2154.838	1197	910	149.621	1099.044	NaN
633	0633-0940	5115877.712	4855.002	112	954	4.544	1781.020	NaN
634	0634-0925	386259.040	1346.535	2251	912	141.766	517.239	NaN
635	0635-0935	1328279.093	1970.046	2507	918	158.025	1376.606	NaN
636	0636-0922	277366.864	863.007	766	916	148.671	512.821	NaN
637	0637-0937	1077621.631	2314.138	2203	916	149.172	1042.009	NaN
638	0638-0920	50336.949	317.292	516	917	135.000	224.359	NaN
639	0639-0943	745808.679	1885.313	807	919	125.311	653.846	NaN
640	0640-0946	1488535.503	1973.953	2158	925	147.600	1375.661	NaN
641	0641-0933	200320.513	756.437	2139	943	53.616	467.827	NaN
642	0642-0936	374958.909	1026.142	372	926	141.340	622.260	NaN
643	0643-0992	11329922.748	6706.611	1755	929	144.335	2778.359	NaN
644	0644-0932	94510.191	455.534	523	937	39.289	288.462	NaN
645	0645-0933	103755.753	435.945	2573	937	36.027	320.513	NaN
646	0646-0946	771490.796	1541.797	576	947	20.695	1029.647	NaN
647	0647-0935	50336.949	317.292	404	932	135.000	224.359	NaN
648	0648-0988	12468154.175	5847.053	2000	957	164.745	2962.154	NaN
649	0649-0953	1508053.912	2226.353	414	973	22.874	1033.822	NaN
650	0650-0966	3193828.074	2442.846	2613	995	51.927	1947.272	NaN
651	0651-0964	2607248.521	2373.743	758	938	145.452	1753.711	NaN
652	0652-0964	2517874.753	3029.312	276	988	29.820	1317.300	NaN
653	0653-0945	93482.906	455.534	558	940	129.289	288.462	NaN
654	0654-0979	4078320.184	2939.297	1910	950	152.038	2119.525	NaN
655	0655-0957	539324.458	1446.220	2537	962	12.804	480.769	NaN
656	0656-0957	203402.367	676.123	393	952	148.570	416.667	NaN
657	0657-1004	10857371.795	5797.828	1172	1030	19.036	2827.297	NaN
658	0658-0955	50336.949	317.292	509	952	135.000	224.359	NaN
659	0659-0998	11264176.529	6416.744	1457	976	2.577	2852.589	NaN
660	0660-1007	6954717.291	4275.814	2413	954	127.385	2575.681	NaN
661	0661-1010	5618219.921	4099.809	490	961	129.289	2897.359	NaN
662	0662-0965	50336.949	317.292	1102	962	135.000	224.359	NaN
663	0663-0972	1226577.909	2746.890	1357	964	168.559	641.026	NaN
664	0664-0966	103755.753	516.811	2254	962	150.255	256.410	NaN
665	0665-1009	8947649.573	5661.476	83	979	175.129	2852.469	NaN
666	0666-0977	251684.747	739.961	476	966	107.650	544.872	NaN
667	0667-0971	64718.935	362.619	394	967	135.000	256.410	NaN
668	0668-0972	96564.760	453.274	2393	977	45.000	320.513	NaN
669	0669-0974	122246.877	498.601	322	980	45.000	352.564	NaN
670	0670-0976	85264.629	435.945	2368	971	126.027	256.410	NaN
671	0671-0977	94510.191	453.274	459	982	45.000	320.513	NaN
672	0672-0991	1057075.937	1781.083	2185	1001	30.256	1027.415	NaN
673	0673-0998	1895340.237	2767.012	421	984	154.622	1324.865	NaN
674	0674-0983	223948.060	705.856	2520	992	50.528	512.821	NaN
675	0675-0997	638971.072	1519.988	2496	976	114.944	686.491	NaN
676	0676-1050	9498274.162	4858.492	15	1124	75.872	3130.478	NaN
677	0677-0988	357495.069	1315.665	2283	977	145.923	395.766	NaN
678	0678-1007	5672666.009	5182.604	828	1005	174.677	1706.839	NaN
679	0679-1007	1208086.785	1820.445	2528	1034	63.886	1008.790	NaN
680	0680-0992	222920.776	748.245	740	984	136.736	488.918	NaN
681	0681-1089	38183144.313	11398.817	1293	1044	163.501	5579.554	NaN
682	0682-1029	5655202.170	3840.407	2222	1024	173.290	2477.375	NaN
683	0683-1016	1897394.806	2446.208	339	994	158.477	1548.696	NaN
684	0684-1013	1862467.127	1912.363	1630	1033	50.440	1618.779	NaN
685	0685-0999	278394.149	835.795	720	988	122.471	493.997	NaN
686	0686-0996	107864.892	506.775	2575	992	145.305	288.462	NaN
687	0687-1044	11737754.767	6236.507	171	1063	4.421	3001.488	NaN
688	0688-1001	57527.942	340.710	2285	997	131.186	224.359	NaN
689	0689-1005	237302.761	819.034	689	999	149.421	448.718	NaN
690	0690-1012	1037557.528	2162.452	999	1020	11.976	646.247	NaN
691	0691-1078	13122534.517	6194.195	1003	1029	160.346	4160.425	NaN
692	0692-1011	189020.381	782.472	2322	1004	145.008	351.454	NaN
693	0693-1054	12758875.740	7229.962	579	1077	10.214	2571.933	NaN
694	0694-1017	620479.947	1339.268	1979	1024	21.038	608.974	NaN
695	0695-1020	173611.111	702.939	2657	1015	155.772	316.786	NaN
696	0696-1024	232166.338	685.927	2022	1016	127.405	512.821	NaN
697	0697-1040	1797748.192	1860.631	2150	1028	169.077	1474.359	NaN
698	0698-1028	433514.135	1005.920	2622	1022	157.521	595.997	NaN
699	0699-1025	71909.928	385.949	2350	1021	138.366	256.410	NaN
700	0700-1028	98619.329	435.945	817	1023	126.027	288.462	NaN
701	0701-1056	3021244.247	3674.033	410	1059	173.991	1747.995	NaN
702	0702-1031	57527.942	340.710	1841	1028	138.814	224.359	NaN
703	0703-1031	50336.949	317.292	2405	1028	135.000	224.359	NaN
704	0704-1036	50336.949	317.292	2495	1033	135.000	224.359	NaN
705	0705-1077	5586374.096	3936.179	1935	1079	9.846	2721.781	NaN
706	0706-1041	101701.183	480.769	422	1035	126.870	288.462	NaN
707	0707-1091	12418844.510	5227.111	877	1079	170.826	3405.759	NaN
708	0708-1041	159229.126	604.742	2360	1037	147.995	384.615	NaN
709	0709-1059	2396655.161	2440.953	811	1067	13.671	1320.238	NaN
710	0710-1057	1088921.762	1974.734	2059	1039	144.246	845.152	NaN
711	0711-1045	104783.037	462.250	493	1051	56.310	288.462	NaN
712	0712-1051	330785.667	981.104	2403	1061	38.367	555.080	NaN
713	0713-1046	91428.337	431.206	2611	1042	138.013	288.462	NaN
714	0714-1064	3089045.036	3508.261	1587	1058	174.758	1355.528	NaN
715	0715-1047	72937.212	385.949	2543	1051	41.634	256.410	NaN
716	0716-1049	50336.949	317.292	510	1046	135.000	224.359	NaN
717	0717-1070	1620027.942	1827.204	1806	1088	37.875	1386.543	NaN
718	0718-1050	57527.942	340.710	2569	1046	131.186	224.359	NaN
719	0719-1054	104783.037	476.477	544	1059	42.274	320.513	NaN
720	0720-1072	665680.473	1506.751	2201	1094	66.161	660.041	NaN
721	0721-1056	57527.942	340.710	399	1052	131.186	224.359	NaN
722	0722-1102	10259492.110	4974.148	1200	1076	170.356	2878.648	NaN
723	0723-1102	4885765.943	3655.111	1857	1069	144.638	1917.957	NaN
724	0724-1128	13756369.165	4692.750	2316	1197	66.236	3941.904	NaN
725	0725-1086	1897394.806	2448.097	2125	1058	133.939	1175.020	NaN
726	0726-1087	1770011.506	1813.661	371	1062	133.568	1602.564	NaN
727	0727-1067	91428.337	431.206	2221	1072	41.987	288.462	NaN
728	0728-1101	2668885.602	3218.562	721	1137	45.807	1301.698	NaN
729	0729-1068	64718.935	365.441	2456	1065	142.125	224.359	NaN
730	0730-1121	11328895.464	5217.374	98	1117	164.683	3219.506	NaN
731	0731-1078	415023.011	951.335	2488	1087	32.619	659.928	NaN
732	0732-1073	80128.205	391.236	2581	1068	124.992	256.410	NaN
733	0733-1074	85264.629	435.945	803	1080	53.973	256.410	NaN
734	0734-1074	57527.942	340.710	2657	1070	131.186	224.359	NaN
735	0735-1075	137656.147	573.351	2516	1071	153.435	288.462	NaN
736	0736-1085	264012.163	788.357	1745	1080	153.435	416.667	NaN
737	0737-1107	3761916.502	3294.429	1633	1123	19.316	1636.509	NaN
738	0738-1144	9957470.414	6118.774	2003	1101	148.058	2641.855	NaN
739	0739-1096	801282.051	1326.939	2221	1113	52.853	992.700	NaN
740	0740-1087	127383.300	506.775	2273	1082	145.305	352.564	NaN
741	0741-1090	57527.942	340.710	522	1086	131.186	224.359	NaN
742	0742-1115	1703238.001	2587.235	2107	1087	138.013	1018.145	NaN
743	0743-1143	11115220.250	5596.598	723	1179	16.982	2867.872	NaN
744	0744-1094	50336.949	317.292	2527	1091	135.000	224.359	NaN
745	0745-1119	2867151.545	2771.463	242	1108	174.026	1540.319	NaN
746	0746-1103	71909.928	385.949	2536	1107	41.634	256.410	NaN
747	0747-1156	10596441.486	5366.365	1088	1136	156.038	3006.665	NaN
748	0748-1137	4705991.124	3272.685	1719	1145	8.448	2302.550	NaN
749	0749-1104	50336.949	317.292	1807	1101	135.000	224.359	NaN
750	0750-1115	289694.280	1022.129	1815	1103	131.186	506.410	NaN
751	0751-1119	370849.770	1046.463	400	1128	40.030	543.928	NaN
752	0752-1114	120192.308	615.685	2464	1108	141.340	344.010	NaN
753	0753-1164	10755670.611	5705.488	550	1217	27.429	3060.444	NaN
754	0754-1126	497205.786	1066.879	337	1140	32.735	860.969	NaN
755	0755-1116	57527.942	340.710	2573	1112	131.186	224.359	NaN
756	0756-1133	971811.308	1326.939	2190	1141	37.147	1080.527	NaN
757	0757-1119	65746.220	362.619	77	1115	135.000	256.410	NaN
758	0758-1133	379068.047	1033.623	549	1147	60.255	693.169	NaN
759	0759-1144	1453607.824	1768.348	2232	1126	136.469	1260.525	NaN
760	0760-1164	3085963.182	2500.000	38	1200	67.380	1893.622	NaN
761	0761-1136	86291.913	431.206	2457	1131	131.987	288.462	NaN
762	0762-1159	1937458.909	2463.157	1835	1136	147.758	1338.119	NaN
763	0763-1190	11522024.984	5698.372	824	1202	14.662	3055.076	NaN
764	0764-1203	9742767.916	6066.504	1956	1162	155.331	2266.183	NaN
765	0765-1153	681089.744	1307.441	309	1156	11.310	833.333	NaN
766	0766-1143	57527.942	340.710	348	1140	138.814	224.359	NaN
767	0767-1185	10935445.431	5521.944	1245	1163	172.999	2627.954	NaN
768	0768-1145	78073.636	407.946	2486	1150	45.000	288.462	NaN
769	0769-1195	11016600.920	5740.670	1626	1169	156.297	2903.521	NaN
770	0770-1194	9807486.851	5375.163	322	1220	10.305	3019.359	NaN
771	0771-1152	115055.884	525.680	1900	1147	142.431	320.513	NaN
772	0772-1155	115055.884	533.440	1945	1162	57.265	288.462	NaN
773	0773-1161	424268.573	904.846	1045	1159	157.068	705.128	NaN
774	0774-1176	840318.869	1578.343	2171	1154	119.168	773.363	NaN
775	0775-1177	1328279.093	1691.445	1788	1195	27.051	1090.404	NaN
776	0776-1165	119165.023	533.440	2455	1158	122.735	320.513	NaN
777	0777-1165	136628.863	657.637	2562	1172	43.025	403.268	NaN
778	0778-1172	255793.886	924.500	1920	1164	146.310	422.576	NaN
779	0779-1207	5274079.553	3442.791	234	1248	35.910	2408.073	NaN
780	0780-1191	1705292.571	2047.773	2208	1171	140.080	1375.187	NaN
781	0781-1195	3148627.548	3162.862	1029	1171	160.463	1282.894	NaN
782	0782-1180	320512.821	968.988	1432	1189	34.216	528.207	NaN
783	0783-1178	80128.205	410.457	1001	1174	141.340	256.410	NaN
784	0784-1215	10222509.862	5432.669	56	1210	170.149	2444.235	NaN
785	0785-1181	64718.935	362.619	1837	1177	135.000	256.410	NaN
786	0786-1221	4451224.523	3094.235	1884	1188	140.042	2196.468	NaN
787	0787-1192	281476.003	865.978	2264	1203	51.009	553.259	NaN
788	0788-1187	71909.928	385.949	1455	1183	131.634	256.410	NaN
789	0789-1193	429404.997	1125.452	1467	1185	160.017	576.923	NaN
790	0790-1188	71909.928	365.441	2487	1184	127.875	256.410	NaN
791	0791-1194	139710.717	685.927	710	1186	127.405	333.940	NaN
792	0792-1192	101701.183	489.242	398	1188	148.392	256.410	NaN
793	0793-1213	1375534.188	1990.279	655	1220	14.931	1352.806	NaN
794	0794-1201	315376.397	820.913	983	1209	38.660	544.872	NaN
795	0795-1213	1752547.666	2134.962	1405	1219	7.765	1287.013	NaN
796	0796-1199	86291.913	417.898	637	1194	122.471	256.410	NaN
797	0797-1238	6208908.613	6471.026	1538	1205	159.411	2022.549	NaN
798	0798-1202	141765.286	657.637	1503	1195	136.975	376.685	NaN
799	0799-1255	7182774.490	4670.698	1805	1206	133.332	2126.222	NaN
800	0800-1204	212647.929	711.654	2667	1198	144.162	416.667	NaN
801	0801-1216	1482371.795	2207.819	1131	1214	170.811	897.436	NaN
802	0802-1208	103755.753	500.657	2159	1203	140.194	320.513	NaN
803	0803-1254	10618014.464	5469.793	668	1281	10.125	2995.439	NaN
804	0804-1252	6172953.649	4061.923	2439	1213	137.878	2649.475	NaN
805	0805-1212	111974.030	500.657	2486	1206	129.806	320.513	NaN
806	0806-1261	10112590.401	6700.635	340	1300	23.990	2332.438	NaN
807	0807-1303	17602523.011	6261.495	1454	1395	68.689	4392.130	NaN
808	0808-1252	6592085.799	3942.829	2318	1227	162.007	2570.822	NaN
809	0809-1298	13222181.131	5821.081	570	1382	67.671	3832.649	NaN
810	0810-1258	12031558.185	6021.036	958	1228	162.337	2827.846	NaN
811	0811-1237	1376561.473	2085.551	1965	1214	133.755	1129.191	NaN
812	0812-1224	50336.949	317.292	480	1221	135.000	224.359	NaN
813	0813-1315	15253122.945	7593.178	1271	1240	135.855	4015.914	NaN
814	0814-1280	12166132.479	5535.229	1146	1239	148.979	3491.348	NaN
815	0815-1229	109919.461	489.242	525	1234	31.608	288.462	NaN
816	0816-1231	85264.629	435.945	2201	1227	143.973	256.410	NaN
817	0817-1230	71909.928	391.236	2256	1227	145.008	224.359	NaN
818	0818-1234	72937.212	385.949	2271	1230	138.366	256.410	NaN
819	0819-1254	954347.469	1560.999	331	1231	109.179	1169.762	NaN
820	0820-1292	9980070.677	5451.074	2220	1233	141.445	2781.041	NaN
821	0821-1255	2417200.855	3085.092	858	1275	23.902	1327.808	NaN
822	0822-1254	275312.295	946.463	312	1267	61.699	512.821	NaN
823	0823-1299	8733974.359	4192.352	2563	1246	126.607	3318.094	NaN
824	0824-1246	50336.949	317.292	903	1243	135.000	224.359	NaN
825	0825-1275	2845578.567	3006.848	2021	1251	148.513	1502.313	NaN
826	0826-1326	15039447.732	6267.808	2123	1264	145.416	3317.078	NaN
827	0827-1249	50336.949	317.292	2114	1246	135.000	224.359	NaN
828	0828-1251	64718.935	365.441	893	1247	127.875	224.359	NaN
829	0829-1292	5759985.207	3957.003	1736	1259	144.894	2134.540	NaN
830	0830-1301	9071951.019	4913.787	71	1260	172.504	2862.395	NaN
831	0831-1290	3157873.110	2751.374	232	1289	171.964	1858.974	NaN
832	0832-1351	15427761.341	6757.882	1927	1268	128.066	3539.080	NaN
833	0833-1325	14394312.952	5291.569	1567	1271	138.683	3586.826	NaN
834	0834-1289	1158777.120	1806.282	789	1301	27.474	1128.837	NaN
835	0835-1297	1561472.715	1822.137	2428	1322	50.711	1182.957	NaN
836	0836-1283	86291.913	410.457	328	1280	141.340	288.462	NaN
837	0837-1343	12072649.573	4874.535	842	1308	157.989	3493.832	NaN
838	0838-1309	1815212.032	2273.609	952	1292	158.499	1176.384	NaN
839	0839-1315	2693540.434	2791.407	2447	1335	15.313	1619.442	NaN
840	0840-1348	12030530.901	7040.347	336	1397	25.048	2476.533	NaN
841	0841-1313	265039.448	846.178	1720	1302	127.304	508.995	NaN
842	0842-1331	2404873.439	2884.615	2369	1302	143.130	1412.181	NaN
843	0843-1404	14064554.569	6893.634	2089	1305	112.989	3087.335	NaN
844	0844-1335	4429651.545	3752.738	1024	1340	10.830	1607.587	NaN
845	0845-1338	3323265.943	3283.966	278	1364	24.814	1628.075	NaN
846	0846-1351	8097057.857	4918.071	680	1375	20.206	2560.945	NaN
847	0847-1357	4270422.419	4924.750	580	1400	33.587	1465.354	NaN
848	0848-1366	7958374.425	4905.522	122	1374	14.763	2139.059	NaN
849	0849-1363	3812253.452	2696.121	1141	1370	18.004	2240.433	NaN
850	0850-1393	16151997.041	6608.007	1707	1361	153.808	3780.543	NaN
851	0851-1410	13732741.617	6802.880	1871	1337	133.091	3027.681	NaN
852	0852-1411	11443951.348	5332.856	2484	1338	115.641	3194.281	NaN
853	0853-1394	11666872.124	6464.196	1202	1401	172.593	2938.037	NaN
854	0854-1376	2879478.961	2603.069	2350	1348	142.001	1952.399	NaN
855	0855-1411	13954635.108	5713.855	1469	1401	158.616	3736.237	NaN
856	0856-1403	12590401.052	6808.465	971	1389	171.336	2468.867	NaN
857	0857-1362	256821.170	731.584	2627	1372	61.189	480.769	NaN
858	0858-1372	801282.051	1635.872	2293	1358	145.376	920.324	NaN
859	0859-1397	3660215.319	4420.754	427	1434	29.539	1301.218	NaN
860	0860-1396	2751068.376	2352.223	2576	1432	70.084	1656.813	NaN
861	0861-1426	9539365.549	5261.977	169	1434	17.000	2354.184	NaN
862	0862-1393	1085839.908	1737.286	2419	1373	127.504	925.056	NaN
863	0863-1424	3387984.878	3106.826	2624	1469	68.199	1644.329	NaN
864	0864-1389	110946.746	521.757	2304	1383	132.510	339.955	NaN
865	0865-1392	128410.585	533.440	106	1385	122.735	320.513	NaN
866	0866-1444	12639710.717	5912.137	589	1466	20.302	3080.517	NaN
867	0867-1406	479741.946	1261.453	12	1389	117.216	617.794	NaN
868	0868-1414	1941568.047	2322.778	2253	1399	152.021	1259.420	NaN
869	0869-1424	2490138.067	2618.219	760	1447	39.536	1570.695	NaN
870	0870-1404	349276.792	1001.314	2317	1395	140.194	605.628	NaN
871	0871-1434	6700977.975	3911.438	829	1469	33.299	2492.436	NaN
872	0872-1411	900928.665	1946.967	74	1400	159.775	865.385	NaN
873	0873-1415	949211.045	1578.343	1635	1421	23.962	897.436	NaN
874	0874-1454	9794132.150	6093.538	402	1498	25.217	2372.586	NaN
875	0875-1416	401668.310	1026.142	2181	1404	128.660	598.565	NaN
876	0876-1438	4240631.164	3573.251	948	1411	156.194	1731.006	NaN
877	0877-1425	553706.443	1200.105	2205	1410	124.114	780.869	NaN
878	0878-1415	81155.490	407.946	38	1411	135.000	288.462	NaN
879	0879-1440	3211291.913	2884.259	1401	1441	165.192	1858.974	NaN
880	0880-1460	8975386.259	7100.715	206	1501	22.282	2101.537	NaN
881	0881-1462	5041913.215	4080.469	2351	1424	136.273	2022.359	NaN
882	0882-1456	3269847.140	2659.484	1680	1497	77.471	1603.598	NaN
883	0883-1426	96564.760	489.242	37	1430	31.608	256.410	NaN
884	0884-1460	7420077.252	6046.914	1183	1436	168.690	1893.032	NaN
885	0885-1433	125328.731	577.813	25	1426	123.690	320.513	NaN
886	0886-1446	732453.978	1423.669	1641	1427	121.185	1038.496	NaN
887	0887-1480	8220332.018	4770.906	42	1475	168.766	2752.524	NaN
888	0888-1510	11797337.278	6148.920	1734	1440	132.254	3121.591	NaN
889	0889-1474	3894436.226	2655.618	2231	1452	150.341	2164.603	NaN
890	0890-1539	15727728.468	7342.262	2325	1444	130.574	3012.935	NaN
891	0891-1469	1862467.127	2110.766	2179	1446	131.923	1360.376	NaN
892	0892-1447	57527.942	340.710	2671	1443	131.186	224.359	NaN
893	0893-1465	1289242.275	1692.356	2451	1458	155.376	1200.199	NaN
894	0894-1478	2928788.626	2792.143	2038	1451	138.257	1461.626	NaN
895	0895-1480	1783366.206	2029.633	2572	1452	111.297	1570.513	NaN
896	0896-1468	1073512.492	2001.089	1072	1453	148.092	791.938	NaN
897	0897-1464	187993.097	796.137	14	1474	49.899	419.294	NaN
898	0898-1513	6776997.041	4740.340	1904	1456	128.962	2388.269	NaN
899	0899-1539	15356878.698	6796.459	1142	1471	139.399	4011.046	NaN
900	0900-1515	12553418.803	6743.425	611	1550	22.054	2692.564	NaN
901	0901-1502	3369493.754	3373.769	1851	1462	128.830	1477.392	NaN
902	0902-1492	4013601.249	3419.137	1347	1508	6.459	1834.564	NaN
903	0903-1468	63691.650	362.619	4	1472	45.000	256.410	NaN
904	0904-1524	13203690.007	5992.133	1515	1469	152.613	3652.236	NaN
905	0905-1508	12166132.479	6802.880	912	1488	173.779	2471.619	NaN
906	0906-1499	1664201.183	2204.094	1463	1479	139.128	1212.293	NaN
907	0907-1481	168474.688	604.742	1635	1475	147.995	416.667	NaN
908	0908-1509	4074211.045	3013.843	821	1483	147.155	2106.928	NaN
909	0909-1502	1843976.003	2311.695	328	1503	16.928	1250.333	NaN
910	0910-1534	9873233.070	4805.769	454	1559	19.885	2909.350	NaN
911	0911-1516	1873767.258	2371.795	2628	1551	71.075	1171.492	NaN
912	0912-1488	108892.176	500.657	686	1483	140.194	320.513	NaN
913	0913-1521	2488083.498	2765.526	2028	1485	122.217	1537.871	NaN
914	0914-1566	14929528.271	5898.220	2461	1495	125.936	3735.571	NaN
915	0915-1499	57527.942	340.710	1658	1495	131.186	224.359	NaN
916	0916-1528	1326224.523	2298.102	2116	1508	140.092	910.443	NaN
917	0917-1522	1071457.922	1662.346	1677	1505	146.004	1086.957	NaN
918	0918-1559	5919214.333	3785.445	2187	1505	115.046	2154.121	NaN
919	0919-1555	5383999.014	3416.883	2255	1519	126.225	2376.146	NaN
920	0920-1536	3776298.488	3095.065	375	1546	21.251	1830.418	NaN
921	0921-1528	1556336.292	2243.590	232	1549	36.870	1193.100	NaN
922	0922-1523	595825.115	1519.650	287	1538	27.646	696.358	NaN
923	0923-1579	12434253.780	4906.255	1096	1543	151.091	3925.783	NaN
924	0924-1600	14923364.563	6529.657	1413	1538	136.591	3590.964	NaN
925	0925-1565	7592661.078	4525.932	96	1612	37.519	2309.629	NaN
926	0926-1583	6021942.801	4880.433	2091	1524	128.601	1937.133	NaN
927	0927-1569	7055391.190	3516.451	1335	1528	132.414	2925.779	NaN
928	0928-1544	488987.508	1334.273	318	1563	65.898	544.143	NaN
929	0929-1541	1071457.922	1492.709	782	1535	165.069	1025.641	NaN
930	0930-1617	15138067.061	6961.698	1709	1546	147.407	2918.543	NaN
931	0931-1548	203402.367	657.637	769	1540	133.025	480.769	NaN
932	0932-1550	163338.264	681.420	295	1543	138.814	385.283	NaN
933	0933-1572	1880958.251	2195.688	323	1600	33.690	1301.448	NaN
934	0934-1592	10873808.350	5054.051	932	1602	8.387	2772.995	NaN
935	0935-1596	5380917.160	3387.898	2019	1548	113.412	2270.676	NaN
936	0936-1588	3769107.495	2771.463	232	1571	174.026	2091.959	NaN
937	0937-1579	2473701.512	2270.217	856	1569	149.452	1625.939	NaN
938	0938-1594	3506122.617	2665.657	1892	1635	71.783	1923.077	NaN
939	0939-1600	3028435.240	2607.210	1663	1594	159.114	1853.921	NaN
940	0940-1604	4688527.285	3251.112	373	1603	9.648	2379.406	NaN
941	0941-1605	9045241.617	5267.538	685	1581	172.659	2564.103	NaN
942	0942-1594	1788502.630	2179.958	1948	1572	138.576	1376.042	NaN
943	0943-1642	14411776.792	5676.335	551	1702	10.739	4438.285	NaN
944	0944-1596	2496301.775	2787.725	1556	1589	171.404	1220.366	NaN
945	0945-1628	7775517.751	5246.238	431	1661	26.878	2313.424	NaN
946	0946-1611	1687828.731	1741.715	2339	1638	77.242	1540.754	NaN
947	0947-1631	7914201.183	4884.535	92	1662	12.121	2185.501	NaN
948	0948-1638	3196909.928	3707.157	2091	1588	123.003	1353.649	NaN
949	0949-1596	128410.585	500.657	309	1602	39.806	384.615	NaN
950	0950-1607	811554.898	1440.526	2250	1599	159.146	891.924	NaN
951	0951-1658	9230152.860	5060.145	264	1632	169.046	2778.575	NaN
952	0952-1669	10517340.565	4948.058	790	1649	169.928	3538.685	NaN
953	0953-1718	17622041.420	6957.565	1942	1613	103.588	4540.901	NaN
954	0954-1685	14106673.241	6148.001	1567	1636	143.907	3567.934	NaN
955	0955-1618	57527.942	340.710	2194	1614	131.186	224.359	NaN
956	0956-1642	2246671.598	2352.878	1287	1630	155.879	1326.685	NaN
957	0957-1683	11733645.628	5298.844	1365	1626	145.349	3448.945	NaN
958	0958-1647	1246096.318	1857.039	944	1629	158.749	1222.930	NaN
959	0959-1643	566033.859	1096.323	2218	1656	52.125	784.173	NaN
960	0960-1695	8656928.008	5598.342	2248	1634	135.696	3786.404	NaN
961	0961-1712	13586867.193	5496.585	2431	1639	113.725	3777.790	NaN
962	0962-1655	2268244.576	2476.882	1170	1665	10.437	1244.323	NaN
963	0963-1664	2060733.070	2164.826	2371	1634	115.427	1797.959	NaN
964	0964-1701	13268408.941	6952.100	1700	1647	147.043	3223.140	NaN
965	0965-1647	178747.535	817.151	1251	1657	48.180	391.026	NaN
966	0966-1661	1482371.795	2178.073	2071	1647	147.011	1091.036	NaN
967	0967-1673	3396203.156	2760.507	1011	1655	164.511	1695.748	NaN
968	0968-1683	2187089.086	2331.166	2014	1649	108.435	1393.690	NaN
969	0969-1653	110946.746	544.872	1119	1649	151.928	256.410	NaN
970	0970-1662	298939.842	976.907	1133	1672	41.009	552.552	NaN
971	0971-1661	212647.929	936.095	1108	1652	141.953	414.366	NaN
972	0972-1745	11017628.205	6667.668	2171	1657	120.633	2629.175	NaN
973	0973-1697	3128081.854	2809.748	2555	1660	115.688	1883.300	NaN
974	0974-1684	1837812.295	2365.940	743	1663	144.372	1268.210	NaN
975	0975-1659	57527.942	340.710	799	1656	138.814	224.359	NaN
976	0976-1718	11830210.388	4997.637	1263	1663	147.839	3327.827	NaN
977	0977-1683	2288790.270	2101.010	206	1671	158.523	1598.004	NaN
978	0978-1694	3015080.539	2760.507	4	1665	164.511	2057.284	NaN
979	0979-1670	79100.920	410.457	2267	1666	141.340	256.410	NaN
980	0980-1717	7134492.110	4342.091	439	1760	40.510	2686.135	NaN
981	0981-1674	57527.942	340.710	977	1670	131.186	224.359	NaN
982	0982-1673	50336.949	317.292	1357	1670	135.000	224.359	NaN
983	0983-1676	88346.483	431.206	2286	1681	41.987	288.462	NaN
984	0984-1687	1237878.041	2012.861	954	1694	9.162	871.970	NaN
985	0985-1689	387286.325	998.232	2254	1701	47.603	703.584	NaN
986	0986-1726	6133916.831	4374.971	333	1770	39.053	2287.458	NaN
987	0987-1787	21691116.042	6989.825	2068	1679	101.104	4722.807	NaN
988	0988-1739	12685938.527	5950.241	1069	1705	162.443	3108.284	NaN
989	0989-1696	965647.600	1591.307	143	1685	152.403	897.436	NaN
990	0990-1693	436595.989	1261.453	1202	1684	152.784	525.300	NaN
991	0991-1747	5437417.817	3975.522	2613	1809	82.589	2523.315	NaN
992	0992-1705	932774.490	1849.001	106	1692	146.310	1039.245	NaN
993	0993-1717	2329881.657	2824.335	1514	1701	152.272	1501.957	NaN
994	0994-1695	111974.030	453.274	1561	1700	45.000	352.564	NaN
995	0995-1738	9378081.854	5524.083	612	1739	3.659	2237.696	NaN
996	0996-1711	421186.719	1005.920	2282	1726	67.521	747.901	NaN
997	0997-1720	1220414.201	1721.545	2537	1697	118.951	1185.897	NaN
998	0998-1707	65746.220	362.619	2257	1703	135.000	256.410	NaN
999	0999-1744	4898093.360	3143.641	791	1726	159.717	2153.955	NaN
1000	1000-1745	10766970.743	5715.293	896	1733	167.367	2483.005	NaN
1001	1001-1772	9880424.063	5350.357	483	1835	43.544	2957.843	NaN
1002	1002-1722	187993.097	702.939	156	1715	136.848	461.315	NaN
1003	1003-1721	50336.949	317.292	2263	1718	135.000	224.359	NaN
1004	1004-1726	151010.848	612.339	91	1719	132.879	395.603	NaN
1005	1005-1725	105810.322	455.534	245	1720	140.711	320.513	NaN
1006	1006-1727	167447.403	659.976	173	1731	29.055	380.905	NaN
1007	1007-1742	503369.494	1423.308	286	1724	125.838	689.746	NaN
1008	1008-1730	125328.731	551.431	227	1735	35.538	320.513	NaN
1009	1009-1733	70882.643	385.949	25	1738	48.366	256.410	NaN
1010	1010-1735	217784.352	846.785	203	1742	29.476	389.596	NaN
1011	1011-1732	50336.949	317.292	258	1729	135.000	224.359	NaN
1012	1012-1751	2504520.053	2878.912	1435	1761	11.560	1346.154	NaN
1013	1013-1794	5829840.565	4343.983	2396	1733	117.699	2066.053	NaN
1014	1014-1746	311267.258	929.487	81	1736	136.397	574.976	NaN
1015	1015-1747	103755.753	462.250	2582	1741	123.690	288.462	NaN
1016	1016-1753	221893.491	886.495	205	1762	40.601	421.400	NaN
1017	1017-1748	50336.949	317.292	156	1745	135.000	224.359	NaN
1018	1018-1826	13617685.733	6099.604	1528	1750	124.943	3356.975	NaN
1019	1019-1753	80128.205	407.946	146	1758	45.000	288.462	NaN
1020	1020-1800	4403969.428	3281.776	2529	1750	102.407	2375.365	NaN
1021	1021-1757	71909.928	385.949	273	1753	131.634	256.410	NaN
1022	1022-1880	27418228.139	12099.815	1335	1790	145.468	3996.856	NaN
1023	1023-1881	22191403.682	10432.828	1616	1758	139.361	3941.918	NaN
1024	1024-1837	15122657.791	6672.981	2291	1772	138.115	3756.445	NaN
1025	1025-1768	118137.738	516.811	9	1761	119.745	288.462	NaN
1026	1026-1823	10213264.300	4351.662	389	1874	44.403	3762.883	NaN
1027	1027-1768	123274.162	521.757	249	1763	137.490	352.564	NaN
1028	1028-1779	1596400.394	2361.594	1071	1781	172.200	961.538	NaN
1029	1029-1768	50336.949	317.292	1912	1765	135.000	224.359	NaN
1030	1030-1793	1544008.876	1817.904	2169	1821	80.870	1388.573	NaN
1031	1031-1771	64718.935	362.619	224	1767	135.000	256.410	NaN
1032	1032-1829	12921186.719	5201.104	1202	1818	166.820	3374.693	NaN
1033	1033-1809	7075936.884	4960.499	1811	1770	152.276	2165.632	NaN
1034	1034-1802	2204552.926	2422.789	1756	1769	117.582	1617.876	NaN
1035	1035-1809	10000616.371	7429.885	585	1822	8.934	1932.846	NaN
1036	1036-1779	107864.892	455.534	284	1775	140.711	320.513	NaN
1037	1037-1834	12878040.763	6226.946	799	1815	165.392	3283.884	NaN
1038	1038-1800	1688856.016	2142.647	1449	1783	145.359	1223.839	NaN
1039	1039-1797	261957.594	936.095	245	1806	38.047	482.435	NaN
1040	1040-1801	522887.903	1067.361	309	1813	41.348	773.324	NaN
1041	1041-1863	10654996.713	5872.474	967	1794	129.685	2621.241	NaN
1042	1042-1796	131492.439	525.680	2523	1802	37.569	352.564	NaN
1043	1043-1851	8425788.955	4117.186	1082	1808	144.825	3229.139	NaN
1044	1044-1826	920447.074	1885.313	302	1840	17.819	1059.846	NaN
1045	1045-1843	2041214.661	2276.318	2588	1808	99.728	1505.313	NaN
1046	1046-1922	27179898.093	8748.297	2174	1834	135.297	4580.711	NaN
1047	1047-1827	1004684.418	1501.971	2467	1844	39.806	1067.144	NaN
1048	1048-1822	180802.104	666.944	274	1816	144.782	384.615	NaN
1049	1049-1828	137656.147	622.323	63	1823	145.491	332.475	NaN
1050	1050-1879	3675624.589	3584.159	2145	1825	105.030	1674.155	NaN
1051	1051-1854	851619.001	1593.887	356	1830	105.154	959.763	NaN
1052	1052-1882	10591305.062	7154.332	413	1916	15.593	2251.620	NaN
1053	1053-1882	5954142.012	3920.489	1961	1833	145.660	2430.731	NaN
1054	1054-1858	3690006.575	3794.119	722	1876	8.746	1532.413	NaN
1055	1055-1858	1908694.938	3434.426	640	1876	22.496	960.723	NaN
1056	1056-1855	269148.586	681.420	243	1846	131.186	576.923	NaN
1057	1057-1891	3807117.028	3256.637	2471	1936	53.807	1855.395	NaN
1058	1058-1898	3598578.238	2510.866	1340	1888	165.964	2124.710	NaN
1059	1059-1877	248602.893	801.282	339	1869	143.130	544.872	NaN
1060	1060-1938	12917077.581	4767.999	2514	2008	69.128	3828.225	NaN
1061	1061-1896	1187541.091	2138.087	1674	1878	139.865	832.217	NaN
1062	1062-1877	80128.205	385.949	180	1873	131.634	288.462	NaN
1063	1063-1881	153065.417	570.657	247	1874	128.157	380.905	NaN
1064	1064-1880	79100.920	385.949	146	1884	41.634	288.462	NaN
1065	1065-1894	1409434.583	1959.327	780	1894	15.173	1041.469	NaN
1066	1066-1927	9970825.115	5657.936	1181	1892	163.207	2902.372	NaN
1067	1067-1906	2078196.910	2397.213	960	1895	150.350	1398.686	NaN
1068	1068-1885	57527.942	340.710	202	1881	131.186	224.359	NaN
1069	1069-1938	9096605.851	6695.267	462	1994	30.493	1930.192	NaN
1070	1070-1916	5248397.436	4020.744	811	1928	8.711	2051.282	NaN
1071	1071-1930	11531270.546	7129.663	574	1965	10.098	2471.657	NaN
1072	1072-1921	1904585.799	2330.726	357	1953	58.496	1563.794	NaN
1073	1073-1913	549597.304	1383.784	120	1934	76.608	599.152	NaN
1074	1074-1977	11729536.489	5684.925	2086	1900	119.745	3463.021	NaN
1075	1075-1912	95537.475	435.945	393	1907	126.027	288.462	NaN
1076	1076-1914	50336.949	317.292	2355	1911	135.000	224.359	NaN
1077	1077-1970	5829840.565	4044.689	2030	1924	123.690	2228.328	NaN
1078	1078-1970	10637532.873	5435.221	1093	1935	155.248	2936.968	NaN
1079	1079-1946	2147024.984	2347.415	1601	1916	124.992	1438.554	NaN
1080	1080-1979	10984755.095	5744.695	849	1977	6.729	3117.419	NaN
1081	1081-1942	1654955.621	1937.181	1383	1957	16.336	1184.903	NaN
1082	1082-1932	104783.037	462.250	144	1929	146.310	288.462	NaN
1083	1083-1938	214702.498	702.939	323	1928	114.228	448.718	NaN
1084	1084-2065	18063773.833	10083.682	248	2198	57.724	3404.200	NaN
1085	1085-1952	629725.510	1208.210	179	1934	111.801	833.333	NaN
1086	1086-1950	298939.842	1065.434	802	1938	133.781	498.601	NaN
1087	1087-2005	10166009.204	4445.780	2426	1942	114.717	3477.631	NaN
1088	1088-1973	2422337.278	2391.850	2616	1941	122.412	1618.585	NaN
1089	1089-1948	50336.949	317.292	162	1945	135.000	224.359	NaN
1090	1090-2015	11874383.629	5298.165	1048	1946	123.402	3172.556	NaN
1091	1091-1957	259903.024	911.069	290	1947	140.711	578.628	NaN
1092	1092-1956	216757.068	703.670	829	1947	120.069	384.615	NaN
1093	1093-1958	185938.527	693.375	125	1965	33.690	416.667	NaN
1094	1094-1959	138683.432	545.814	343	1964	40.236	384.615	NaN
1095	1095-1976	1463880.671	1863.390	1328	1996	40.815	1175.040	NaN
1096	1096-1957	71909.928	391.236	1437	1954	145.008	224.359	NaN
1097	1097-1999	13004396.778	7651.400	605	2021	10.133	2570.513	NaN
1098	1098-1972	264012.163	1006.431	145	1960	127.235	430.013	NaN
1099	1099-1985	1767956.936	2254.096	1431	1974	150.154	1246.502	NaN
1100	1100-1979	508505.917	1246.708	312	1996	46.042	844.671	NaN
1101	1101-2037	12948923.406	5467.257	1351	2006	145.751	3361.644	NaN
1102	1102-2021	8557281.394	5921.946	454	2071	28.091	2003.265	NaN
1103	1103-2053	9739686.062	4780.908	2181	2107	23.299	3877.195	NaN
1104	1104-2038	13382437.541	6420.665	779	2062	6.593	3064.263	NaN
1105	1105-2032	4418351.414	3148.376	1267	1995	144.530	1909.591	NaN
1106	1106-2001	179774.819	551.431	158	2008	54.462	448.718	NaN
1107	1107-2030	2152161.407	2079.632	2595	2003	118.540	1626.622	NaN
1108	1108-2008	120192.308	588.383	257	2004	150.642	276.497	NaN
1109	1109-2007	57527.942	340.710	302	2004	138.814	224.359	NaN
1110	1110-2012	119165.023	489.242	208	2006	121.608	320.513	NaN
1111	1111-2015	223948.060	660.754	122	2024	50.906	512.821	NaN
1112	1112-2052	10828607.824	6006.944	1502	2008	152.341	2621.790	NaN
1113	1113-2049	5305925.378	3404.836	2521	2022	146.908	2428.623	NaN
1114	1114-2037	657462.196	1226.773	279	2022	123.275	902.112	NaN
1115	1115-2027	151010.848	560.668	251	2024	149.036	352.564	NaN
1116	1116-2062	4913502.630	3469.246	1181	2045	163.909	2168.172	NaN
1117	1117-2033	160256.410	612.339	183	2027	137.121	416.667	NaN
1118	1118-2090	11684335.963	7469.874	454	2151	27.884	2398.857	NaN
1119	1119-2044	317430.966	934.447	141	2052	30.964	490.290	NaN
1120	1120-2040	57527.942	340.710	2370	2036	131.186	224.359	NaN
1121	1121-2043	64718.935	365.441	131	2039	127.875	224.359	NaN
1122	1122-2046	109919.461	506.775	94	2040	124.695	288.462	NaN
1123	1123-2119	21864727.153	11011.143	455	2197	21.337	3271.023	NaN
1124	1124-2044	64718.935	362.619	2341	2048	45.000	256.410	NaN
1125	1125-2045	57527.942	340.710	167	2042	138.814	224.359	NaN
1126	1126-2077	2128533.859	2347.633	2118	2044	122.171	1355.683	NaN
1127	1127-2121	10963182.117	5957.832	1014	2045	125.144	2961.170	NaN
1128	1128-2106	11691526.956	4993.421	1686	2059	138.122	3665.121	NaN
1129	1129-2052	98619.329	462.250	2364	2058	56.310	288.462	NaN
1130	1130-2053	185938.527	803.203	2400	2047	151.390	365.358	NaN
1131	1131-2064	473578.238	1192.377	256	2048	126.254	618.719	NaN
1132	1132-2055	179774.819	775.217	203	2050	150.255	409.440	NaN
1133	1133-2073	1517299.474	1994.919	956	2070	156.318	1359.725	NaN
1134	1134-2084	1542981.591	1895.367	1927	2056	108.741	1235.382	NaN
1135	1135-2061	71909.928	385.949	241	2066	48.366	256.410	NaN
1136	1136-2128	9605111.769	6056.335	302	2198	42.641	3136.601	NaN
1137	1137-2065	85264.629	431.206	297	2070	41.987	288.462	NaN
1138	1138-2094	1836785.010	2222.428	1337	2077	146.768	1155.848	NaN
1139	1139-2133	38149243.918	16876.514	2071	2174	177.388	4230.769	NaN
1140	1140-2073	85264.629	431.206	283	2069	138.013	288.462	NaN
1141	1141-2103	3868754.109	3122.328	1141	2101	162.681	2081.721	NaN
1142	1142-2095	1509081.197	2019.485	1851	2073	144.039	1060.873	NaN
1143	1143-2080	180802.104	720.263	242	2074	147.724	381.645	NaN
1144	1144-2106	2791132.479	2320.566	1508	2075	122.593	1834.465	NaN
1145	1145-2083	292776.134	770.565	2468	2092	45.000	576.923	NaN
1146	1146-2080	106837.607	455.534	169	2084	39.289	320.513	NaN
1147	1147-2080	82182.774	410.457	2410	2076	141.340	256.410	NaN
1148	1148-2091	191074.951	636.200	2509	2085	139.086	448.718	NaN
1149	1149-2142	10302638.067	5093.028	1247	2114	155.854	2982.897	NaN
1150	1150-2091	90401.052	410.457	2605	2086	128.660	288.462	NaN
1151	1151-2104	1523463.182	1881.222	857	2115	23.070	1114.138	NaN
1152	1152-2091	50336.949	317.292	2528	2088	135.000	224.359	NaN
1153	1153-2144	11239521.696	5398.524	895	2137	158.767	2990.892	NaN
1154	1154-2142	11080292.571	5302.429	719	2159	4.160	3017.535	NaN
1155	1155-2145	9058596.318	4269.443	1576	2098	131.348	3069.958	NaN
1156	1156-2147	4645381.328	3540.905	1817	2099	117.493	1955.128	NaN
1157	1157-2110	99646.614	476.477	221	2116	47.726	320.513	NaN
1158	1158-2111	180802.104	676.123	2546	2106	148.570	348.214	NaN
1159	1159-2156	9996507.232	5012.415	1402	2119	157.042	2660.256	NaN
1160	1160-2121	50336.949	317.292	2193	2118	135.000	224.359	NaN
1161	1161-2129	64718.935	362.619	2485	2125	135.000	256.410	NaN
1162	1162-2169	3368466.469	2943.313	1684	2140	141.633	1858.974	NaN
1163	1163-2144	50336.949	317.292	2548	2141	135.000	224.359	NaN
1164	1164-2171	6511957.594	4973.012	1135	2188	177.414	1730.769	NaN
1165	1165-2153	79100.920	385.949	2183	2158	41.634	288.462	NaN
1166	1166-2174	418104.865	1238.026	236	2192	68.749	517.905	NaN
1167	1167-2177	2082306.049	2811.210	374	2198	28.610	1175.719	NaN
1168	1168-2180	420159.435	1197.535	114	2198	74.476	448.718	NaN
1169	1169-2172	243466.469	931.695	194	2166	153.435	413.449	NaN
1170	1170-2183	1157749.836	1583.217	886	2173	158.629	1015.828	NaN
1171	1171-2184	3357166.338	4942.553	638	2190	177.026	929.487	NaN
1172	1172-2184	971811.308	1806.282	1553	2171	152.526	862.867	NaN
1173	1173-2187	729372.124	1376.340	1768	2177	152.241	692.906	NaN
1174	1174-2180	57527.942	340.710	2228	2176	131.186	224.359	NaN
1175	1175-2181	116083.169	500.657	2597	2187	39.806	352.564	NaN
1176	1176-2187	138683.432	521.757	127	2192	47.490	352.564	NaN
1177	1177-2186	73964.497	385.949	1531	2182	138.366	256.410	NaN
1178	1178-2188	71909.928	365.441	2249	2184	127.875	256.410	NaN
1179	1179-2192	118137.738	500.657	159	2198	50.194	320.513	NaN
1180	1180-2193	50336.949	317.292	1064	2190	135.000	224.359	NaN
1181	1181-2193	79100.920	417.898	1385	2190	147.529	224.359	NaN
1182	1182-2195	63691.650	362.619	174	2191	135.000	256.410	NaN
1183	1183-2194	50336.949	317.292	2599	2191	135.000	224.359	NaN
