 	Label	Area	Feret	FeretX	FeretY	FeretAngle	MinFeret	Perinuclei
1	0001-0006	100673.899	476.477	1912	1	137.726	320.513	NaN
2	0002-0015	178747.535	588.383	1590	10	150.642	448.718	NaN
3	0003-0033	967702.170	1885.313	1852	58	54.689	963.248	NaN
4	0004-0016	294830.703	947.006	1074	11	156.038	480.769	NaN
5	0005-0029	1162886.259	1641.827	2230	49	51.340	1314.103	NaN
6	0006-0033	1572772.847	1818.186	2489	11	130.711	1564.180	NaN
7	0007-0023	339003.945	962.073	389	36	60.018	678.864	NaN
8	0008-0035	1575854.701	1733.438	1439	61	56.310	1282.051	NaN
9	0009-0017	131492.439	525.680	1903	13	142.431	384.615	NaN
10	0010-0020	106837.607	480.769	1656	26	53.130	288.462	NaN
11	0011-0018	71909.928	365.441	2366	15	142.125	256.410	NaN
12	0012-0020	88346.483	410.457	1534	24	38.660	288.462	NaN
13	0013-0095	9085305.720	4961.741	633	20	105.742	2619.957	NaN
14	0014-0024	50336.949	317.292	1545	21	135.000	224.359	NaN
15	0015-0049	1497781.065	1723.036	1306	72	46.507	1435.166	NaN
16	0016-0053	1379643.327	1937.181	1897	30	128.956	1164.298	NaN
17	0017-0049	1414571.006	1912.363	2346	73	50.440	1106.447	NaN
18	0018-0042	591715.976	1103.793	1530	51	25.821	928.056	NaN
19	0019-0131	12660256.410	6601.708	2446	234	84.428	2762.859	NaN
20	0020-0063	2131615.713	2279.475	792	94	62.354	1624.311	NaN
21	0021-0082	5987015.122	4189.042	264	109	31.866	2021.695	NaN
22	0022-0046	50336.949	317.292	1920	43	135.000	224.359	NaN
23	0023-0047	50336.949	317.292	1088	44	135.000	224.359	NaN
24	0024-0138	9607166.338	5968.513	1224	231	87.230	2541.764	NaN
25	0025-0055	219838.922	705.856	402	48	140.528	509.148	NaN
26	0026-0104	5443581.525	3766.537	1724	140	47.759	2415.312	NaN
27	0027-0094	3641724.195	3443.089	2367	141	61.049	1705.261	NaN
28	0028-0107	4935075.608	3761.078	1401	166	85.601	1823.274	NaN
29	0029-0089	1411489.152	2483.716	2192	126	72.734	1051.758	NaN
30	0030-0078	722181.131	1467.725	1500	99	58.392	740.824	NaN
31	0031-0082	2015532.544	1966.393	109	96	19.026	1474.359	NaN
32	0032-0101	2501438.199	2925.283	351	137	57.529	1431.170	NaN
33	0033-0065	64718.935	362.619	1448	69	45.000	256.410	NaN
34	0034-0069	181829.389	726.653	1086	62	138.576	407.946	NaN
35	0035-0109	3138354.701	3387.140	1311	154	60.524	1828.186	NaN
36	0036-0075	375986.193	1022.632	2233	89	57.804	671.845	NaN
37	0037-0066	80128.205	410.457	2257	62	141.340	256.410	NaN
38	0038-0118	5746630.506	3804.934	1805	168	55.641	2318.138	NaN
39	0039-0115	3711579.553	3272.685	2527	166	81.552	1680.700	NaN
40	0040-0070	50336.949	317.292	238	67	135.000	224.359	NaN
41	0041-0089	955374.753	1532.105	68	110	52.651	947.342	NaN
42	0042-0079	181829.389	659.976	1471	88	60.945	352.564	NaN
43	0043-0155	11447033.202	5986.387	2192	230	58.352	2848.077	NaN
44	0044-0150	9891724.195	5072.717	1525	228	78.335	3200.040	NaN
45	0045-0082	155119.987	596.188	1892	77	143.746	352.564	NaN
46	0046-0116	2590811.966	2554.871	2305	154	70.201	1506.741	NaN
47	0047-0091	248602.893	827.147	215	96	35.538	568.493	NaN
48	0048-0124	2925706.772	2996.066	1058	166	62.613	1499.006	NaN
49	0049-0152	12610946.746	5374.781	446	166	22.436	3265.405	NaN
50	0050-0126	3193828.074	2584.057	1934	161	60.255	1756.829	NaN
51	0051-0141	3719797.830	3484.167	794	189	62.021	2041.585	NaN
52	0052-0188	9375000.000	5748.717	1151	277	80.695	2264.716	NaN
53	0053-0118	621507.232	1155.625	1437	101	109.440	867.887	NaN
54	0054-0110	288666.995	841.308	1905	103	139.635	602.018	NaN
55	0055-0134	2378164.037	2381.520	175	167	61.020	1728.806	NaN
56	0056-0148	1813157.462	2397.856	849	185	81.545	1217.949	NaN
57	0057-0119	171556.542	588.383	1894	127	60.642	384.615	NaN
58	0058-0122	57527.942	340.710	1338	118	131.186	224.359	NaN
59	0059-0121	50336.949	317.292	1675	118	135.000	224.359	NaN
60	0060-0132	287639.711	846.178	414	144	65.376	480.769	NaN
61	0061-0129	110946.746	498.601	1908	135	45.000	352.564	NaN
62	0062-0130	50336.949	317.292	233	127	135.000	224.359	NaN
63	0063-0166	3678706.443	2655.618	884	136	156.529	2168.262	NaN
64	0064-0169	2720249.836	2615.667	713	133	126.027	1762.841	NaN
65	0065-0164	1672419.461	2311.251	1431	194	56.310	1128.205	NaN
66	0066-0141	164365.549	545.814	1427	135	130.236	416.667	NaN
67	0067-0143	192102.235	588.383	2172	135	119.358	448.718	NaN
68	0068-0165	1439225.838	1916.924	219	193	69.444	1344.333	NaN
69	0069-0152	1470044.379	2060.526	266	138	164.667	972.201	NaN
70	0070-0151	803336.621	1829.171	356	157	11.113	701.707	NaN
71	0071-0228	10676569.691	6329.053	1552	312	60.579	2512.168	NaN
72	0072-0220	9932815.582	5131.409	1681	143	102.995	3621.795	NaN
73	0073-0145	72937.212	385.949	2333	149	41.634	256.410	NaN
74	0074-0191	6826306.706	3669.557	2549	216	27.013	2940.761	NaN
75	0075-0171	1705292.571	1927.612	1850	186	42.979	1544.095	NaN
76	0076-0198	3696170.283	3527.680	1080	251	72.553	1811.364	NaN
77	0077-0221	6607495.069	4695.923	1267	294	81.759	2263.831	NaN
78	0078-0222	10292365.220	5514.311	1964	293	54.462	2868.383	NaN
79	0079-0225	9173652.202	4874.008	2331	290	64.277	2820.182	NaN
80	0080-0177	1122822.156	1897.533	1005	201	52.549	1042.529	NaN
81	0081-0192	2742850.099	2746.890	2124	227	55.939	1547.117	NaN
82	0082-0214	7887491.782	3835.589	569	260	41.952	3014.269	NaN
83	0083-0190	1147476.989	2029.633	1325	219	68.703	894.785	NaN
84	0084-0222	3756780.079	3702.721	1360	280	84.536	1401.422	NaN
85	0085-0206	2342209.073	2589.022	2305	244	68.199	1360.948	NaN
86	0086-0211	2116206.443	2692.689	683	170	98.902	1187.241	NaN
87	0087-0187	1040639.382	1673.126	384	187	16.699	966.453	NaN
88	0088-0184	471523.669	936.095	2076	193	38.047	737.179	NaN
89	0089-0226	5108686.719	3440.851	1917	173	99.111	2074.331	NaN
90	0090-0213	4928911.900	3085.092	259	239	32.699	2222.289	NaN
91	0091-0181	50336.949	317.292	2108	178	135.000	224.359	NaN
92	0092-0187	144847.140	589.256	2514	181	135.000	410.672	NaN
93	0093-0199	386259.040	890.541	1799	211	59.744	737.179	NaN
94	0094-0191	71909.928	385.949	1857	187	138.366	256.410	NaN
95	0095-0215	2507601.907	2520.666	412	216	168.261	1640.236	NaN
96	0096-0203	586579.553	1088.800	1462	217	42.614	929.487	NaN
97	0097-0215	1413543.721	1763.112	361	191	117.031	1418.372	NaN
98	0098-0215	1426898.422	1634.301	818	237	64.440	1228.225	NaN
99	0099-0238	3734179.816	3333.642	141	284	56.768	1677.318	NaN
100	0100-0195	50336.949	317.292	1825	192	135.000	224.359	NaN
101	0101-0198	139710.717	615.685	2501	193	141.340	409.474	NaN
102	0102-0242	3038708.087	3263.885	1019	291	72.277	1762.821	NaN
103	0103-0201	127383.300	521.757	1868	196	137.490	352.564	NaN
104	0104-0218	902983.235	1860.631	2495	238	42.207	1106.029	NaN
105	0105-0251	6686595.989	3467.617	714	281	44.626	3011.826	NaN
106	0106-0231	930719.921	1905.098	1402	260	77.367	814.103	NaN
107	0107-0208	228057.199	791.608	1822	204	158.629	384.615	NaN
108	0108-0208	116083.169	521.757	875	203	137.490	352.564	NaN
109	0109-0216	641025.641	1191.084	2069	211	156.194	836.792	NaN
110	0110-0214	247575.608	711.654	1648	223	54.162	544.872	NaN
111	0111-0223	367767.916	952.953	1427	237	70.346	512.821	NaN
112	0112-0220	388313.609	1358.309	1806	212	160.710	449.680	NaN
113	0113-0247	2590811.966	2429.563	877	216	120.964	1782.536	NaN
114	0114-0279	3731097.962	4175.287	1757	342	77.137	1413.901	NaN
115	0115-0220	92455.621	453.274	1850	215	135.000	320.513	NaN
116	0116-0233	373931.624	1001.314	218	245	50.194	669.188	NaN
117	0117-0269	4863165.680	3375.291	1450	314	59.783	2195.456	NaN
118	0118-0294	9218852.728	4898.921	1812	365	67.294	3240.906	NaN
119	0119-0240	482823.800	1096.323	1645	253	52.125	810.877	NaN
120	0120-0273	4537516.437	3098.217	496	319	65.556	2164.434	NaN
121	0121-0230	50336.949	317.292	1849	227	135.000	224.359	NaN
122	0122-0265	2105933.596	2520.666	838	241	131.392	1610.756	NaN
123	0123-0234	50336.949	317.292	2511	231	135.000	224.359	NaN
124	0124-0235	50336.949	317.292	675	232	135.000	224.359	NaN
125	0125-0271	2512738.330	2393.353	2171	308	82.304	1576.321	NaN
126	0126-0239	50336.949	317.292	1207	236	135.000	224.359	NaN
127	0127-0298	9588675.214	4433.053	2216	359	61.026	3301.282	NaN
128	0128-0278	3573923.406	2778.312	410	318	50.618	2179.487	NaN
129	0129-0294	7799145.299	3860.284	2489	345	60.668	3039.928	NaN
130	0130-0283	4774819.198	3263.885	321	252	134.204	2150.993	NaN
131	0131-0272	2509656.476	2057.533	2604	302	71.847	1753.442	NaN
132	0132-0283	2250780.736	2767.012	1195	324	71.775	1354.115	NaN
133	0133-0331	12104495.398	5999.414	2118	244	111.631	3613.420	NaN
134	0134-0250	130465.155	498.601	998	245	135.000	352.564	NaN
135	0135-0281	2423364.563	2462.949	2419	309	55.069	1598.643	NaN
136	0136-0249	57527.942	340.710	2626	245	131.186	224.359	NaN
137	0137-0329	10461867.193	5362.152	2071	413	86.573	3018.955	NaN
138	0138-0251	50336.949	317.292	2093	248	135.000	224.359	NaN
139	0139-0257	193129.520	641.026	1425	265	53.130	480.769	NaN
140	0140-0255	71909.928	385.949	1633	251	131.634	256.410	NaN
141	0141-0312	12800994.412	5331.314	165	290	161.783	3322.689	NaN
142	0142-0329	9285626.233	4970.533	1277	401	69.228	2871.923	NaN
143	0143-0276	1006738.988	1506.751	1646	297	60.709	1288.343	NaN
144	0144-0337	9483892.176	5085.257	1062	414	74.650	2742.471	NaN
145	0145-0283	719099.277	1248.355	642	300	41.878	940.244	NaN
146	0146-0302	3132190.993	2424.484	1376	338	65.807	1794.872	NaN
147	0147-0307	3506122.617	2409.182	564	284	139.316	2081.333	NaN
148	0148-0322	2355563.774	3674.033	621	364	47.121	1183.946	NaN
149	0149-0322	2605193.951	2647.676	1124	281	96.953	1398.316	NaN
150	0150-0322	2119288.297	2487.849	1580	351	51.801	1332.777	NaN
151	0151-0340	4644354.043	3540.470	109	291	116.333	2371.795	NaN
152	0152-0341	4893984.221	3463.912	804	391	51.009	2365.883	NaN
153	0153-0342	3628369.494	3115.411	878	380	36.634	2361.573	NaN
154	0154-0346	3217455.621	3148.539	1221	393	67.874	1577.532	NaN
155	0155-0369	11394641.683	4773.920	703	437	55.670	3411.523	NaN
156	0156-0357	5432281.394	3970.480	1868	413	63.642	2232.109	NaN
157	0157-0387	10875862.919	5453.712	1664	303	99.130	3160.500	NaN
158	0158-0356	2997616.700	3570.950	1925	406	61.595	1362.956	NaN
159	0159-0313	161283.695	588.383	461	317	29.358	352.564	NaN
160	0160-0366	10093071.992	4339.251	2544	370	22.587	3487.179	NaN
161	0161-0396	7787845.168	5551.907	1496	481	77.328	1921.009	NaN
162	0162-0381	11132684.089	5632.278	2249	444	41.309	2763.041	NaN
163	0163-0316	57527.942	340.710	952	313	138.814	224.359	NaN
164	0164-0318	102728.468	476.477	2380	313	132.274	320.513	NaN
165	0165-0326	82182.774	410.457	1701	321	128.660	256.410	NaN
166	0166-0400	11853837.936	5003.492	2393	475	64.584	3269.268	NaN
167	0167-0377	3961209.730	3511.627	1413	430	68.587	1632.697	NaN
168	0168-0368	3925254.767	3118.871	500	409	39.579	2047.372	NaN
169	0169-0359	3924227.482	3160.750	399	338	157.335	1987.179	NaN
170	0170-0372	1712483.563	2791.407	1464	414	74.687	917.723	NaN
171	0171-0359	1464907.955	1765.441	1172	333	105.803	1185.897	NaN
172	0172-0385	5124095.989	3293.961	339	335	100.654	2385.333	NaN
173	0173-0339	70882.643	385.949	888	335	138.366	256.410	NaN
174	0174-0352	443786.982	1058.178	1717	366	54.866	705.128	NaN
175	0175-0344	50336.949	317.292	2257	341	135.000	224.359	NaN
176	0176-0382	1916913.215	2134.721	625	370	138.652	1606.863	NaN
177	0177-0355	88346.483	431.206	885	350	131.987	288.462	NaN
178	0178-0363	50336.949	317.292	1755	360	135.000	224.359	NaN
179	0179-0426	14140573.636	5287.684	172	395	164.532	3649.092	NaN
180	0180-0393	1511135.766	2312.140	545	415	43.877	1036.135	NaN
181	0181-0423	4483070.348	4175.287	1333	483	65.993	1936.903	NaN
182	0182-0373	235248.192	775.217	1970	370	150.255	532.533	NaN
183	0183-0449	11000164.366	5574.436	1544	534	75.005	3468.736	NaN
184	0184-0377	277366.864	942.656	1773	390	54.689	540.253	NaN
185	0185-0373	50336.949	317.292	1331	370	135.000	224.359	NaN
186	0186-0421	3920118.343	3183.581	1096	469	73.025	1708.073	NaN
187	0187-0413	2460346.811	2695.358	828	451	64.654	1704.569	NaN
188	0188-0447	11345332.018	4444.046	2508	515	78.771	3822.453	NaN
189	0189-0482	11771655.161	6600.463	1818	383	106.939	2516.389	NaN
190	0190-0392	103755.753	455.534	889	396	39.289	320.513	NaN
191	0191-0420	2622657.791	2365.940	911	447	54.372	1760.836	NaN
192	0192-0398	273257.725	720.263	1734	401	32.276	576.923	NaN
193	0193-0470	9649285.010	5535.972	1129	548	65.364	2783.056	NaN
194	0194-0414	1087894.477	1423.308	2005	400	144.162	1103.545	NaN
195	0195-0447	4677227.153	3156.685	1959	399	102.907	2235.426	NaN
196	0196-0421	557815.582	1256.966	1239	403	109.359	679.727	NaN
197	0197-0423	821827.745	1391.557	862	442	61.074	914.733	NaN
198	0198-0454	7042036.489	3707.157	379	430	146.997	2851.086	NaN
199	0199-0488	8805884.287	5211.661	1772	407	94.939	2569.651	NaN
200	0200-0448	4573471.400	3316.185	2275	467	32.768	2035.507	NaN
201	0201-0447	2878451.677	2443.687	624	411	106.771	2000.979	NaN
202	0202-0419	79100.920	391.236	1263	414	124.992	256.410	NaN
203	0203-0439	1515244.905	1958.278	515	430	158.895	1347.374	NaN
204	0204-0423	148956.279	567.045	591	430	47.291	384.615	NaN
205	0205-0434	575279.421	1121.337	668	420	120.964	749.923	NaN
206	0206-0427	123274.162	560.668	1713	435	59.036	288.462	NaN
207	0207-0428	184911.243	702.939	2099	420	136.848	479.417	NaN
208	0208-0425	130465.155	589.256	773	422	157.620	256.410	NaN
209	0209-0438	500287.640	1204.378	1302	455	64.799	801.282	NaN
210	0210-0456	2286735.700	2385.615	2192	490	59.300	1570.681	NaN
211	0211-0463	2268244.576	2545.001	1890	503	84.218	1338.600	NaN
212	0212-0449	1565581.854	1904.289	1427	474	46.364	1317.616	NaN
213	0213-0467	3217455.621	2738.463	2043	506	69.444	2019.231	NaN
214	0214-0449	1362179.487	1777.041	2137	469	50.856	1314.103	NaN
215	0215-0430	57527.942	340.710	1079	427	138.814	224.359	NaN
216	0216-0458	2099769.888	2107.844	945	463	171.254	1813.907	NaN
217	0217-0502	13430719.921	5224.457	704	565	53.482	3687.496	NaN
218	0218-0439	69855.358	385.949	2637	444	48.366	256.410	NaN
219	0219-0442	107864.892	500.657	1711	437	140.194	320.513	NaN
220	0220-0442	50336.949	317.292	2097	439	135.000	224.359	NaN
221	0221-0447	93482.906	462.250	1006	453	56.310	256.410	NaN
222	0222-0458	557815.582	1161.389	1273	447	129.401	841.564	NaN
223	0223-0494	3306829.389	3121.999	1368	540	70.821	1675.360	NaN
224	0224-0455	143819.855	590.996	2094	448	139.399	448.718	NaN
225	0225-0451	50336.949	317.292	2127	448	135.000	224.359	NaN
226	0226-0474	834155.161	1411.713	494	494	39.472	938.488	NaN
227	0227-0511	8973331.690	4420.870	833	564	43.531	3141.608	NaN
228	0228-0464	64718.935	362.619	1058	468	45.000	256.410	NaN
229	0229-0514	5167241.946	3916.294	360	461	118.872	2380.173	NaN
230	0230-0464	50336.949	317.292	1015	461	135.000	224.359	NaN
231	0231-0511	2704840.565	3125.452	1071	464	103.039	1434.200	NaN
232	0232-0542	8588099.934	4816.765	2419	614	73.374	2567.167	NaN
233	0233-0511	2562047.995	2736.586	309	552	71.565	1567.944	NaN
234	0234-0558	11394641.683	5695.036	2599	646	78.311	3005.099	NaN
235	0235-0477	97592.045	455.534	1104	473	140.711	288.462	NaN
236	0236-0527	5786694.609	3606.019	2105	581	59.560	2532.896	NaN
237	0237-0506	1892258.383	2063.515	2217	530	46.888	1426.587	NaN
238	0238-0497	1170077.252	1519.988	1430	488	155.056	1143.135	NaN
239	0239-0510	1864521.696	2122.172	1289	540	64.983	1475.960	NaN
240	0240-0518	2648339.908	2908.201	2545	557	58.062	1397.915	NaN
241	0241-0509	2210716.634	2179.723	522	526	36.027	1564.776	NaN
242	0242-0489	284557.857	831.482	1246	481	152.447	513.056	NaN
243	0243-0536	5004930.966	3551.913	1645	482	100.397	2350.475	NaN
244	0244-0497	422214.004	1181.993	1929	483	130.601	671.849	NaN
245	0245-0552	14508341.552	5231.728	117	565	7.038	3984.693	NaN
246	0246-0531	2433637.410	2810.662	658	488	97.206	1272.381	NaN
247	0247-0521	2255917.160	2184.431	1482	551	67.574	1576.185	NaN
248	0248-0498	329758.383	874.830	2370	501	28.443	608.130	NaN
249	0249-0532	3996137.410	2925.283	574	572	57.529	2051.282	NaN
250	0250-0493	64718.935	365.441	2067	490	142.125	224.359	NaN
251	0251-0494	50336.949	317.292	1407	491	135.000	224.359	NaN
252	0252-0526	2085387.903	2112.955	1220	494	99.605	1577.392	NaN
253	0253-0561	10085880.999	4524.229	1980	502	120.198	3519.885	NaN
254	0254-0534	4081402.038	2783.115	2284	500	128.454	2322.584	NaN
255	0255-0582	14277202.498	5534.487	972	668	82.011	3638.862	NaN
256	0256-0517	825936.884	1519.988	2360	497	132.436	1130.103	NaN
257	0257-0507	156147.272	616.519	1253	499	117.897	320.513	NaN
258	0258-0572	6302391.519	4401.191	458	639	77.381	2243.590	NaN
259	0259-0521	336949.375	1018.606	2188	507	114.146	430.665	NaN
260	0260-0525	611234.385	1166.684	1907	542	69.075	801.282	NaN
261	0261-0522	122246.877	476.477	1040	528	42.274	352.564	NaN
262	0262-0522	63691.650	362.619	2175	526	45.000	256.410	NaN
263	0263-0587	8011793.228	4265.711	1415	521	97.339	2646.123	NaN
264	0264-0538	317430.966	989.964	2502	525	119.055	573.351	NaN
265	0265-0557	2081278.764	2122.415	1568	533	128.254	1422.143	NaN
266	0266-0552	1301569.691	2023.297	766	576	49.497	1019.866	NaN
267	0267-0533	64718.935	362.619	1055	529	135.000	256.410	NaN
268	0268-0534	64718.935	362.619	1603	530	135.000	256.410	NaN
269	0269-0545	354413.215	974.802	1260	532	117.408	576.923	NaN
270	0270-0586	4663872.452	3435.921	1701	639	81.416	2088.559	NaN
271	0271-0538	102728.468	455.534	2485	544	50.711	320.513	NaN
272	0272-0540	71909.928	391.236	2356	535	124.992	224.359	NaN
273	0273-0567	1277942.143	1905.906	1320	595	70.346	1240.835	NaN
274	0274-0578	1850139.711	2493.005	2064	540	98.130	1043.957	NaN
275	0275-0549	236275.477	871.889	2182	558	36.027	451.524	NaN
276	0276-0546	72937.212	385.949	1917	542	138.366	256.410	NaN
277	0277-0550	127383.300	500.657	2248	546	140.194	352.564	NaN
278	0278-0552	180802.104	759.825	1117	546	152.354	355.931	NaN
279	0279-0550	70882.643	385.949	1907	546	131.634	256.410	NaN
280	0280-0555	116083.169	521.757	2233	561	42.510	352.564	NaN
281	0281-0578	2822978.304	2929.144	327	555	156.801	1550.316	NaN
282	0282-0580	1851166.995	2039.479	1507	608	59.808	1424.935	NaN
283	0283-0564	314349.112	791.608	2481	575	58.241	512.821	NaN
284	0284-0571	692389.875	1269.975	517	588	47.045	869.969	NaN
285	0285-0634	9499301.446	5371.818	2111	714	71.565	2778.910	NaN
286	0286-0560	113001.315	506.775	1903	556	145.305	288.462	NaN
287	0287-0626	8289160.092	4663.434	1175	557	107.190	2462.499	NaN
288	0288-0575	428377.712	1307.834	1027	592	53.973	615.685	NaN
289	0289-0567	179774.819	693.375	2204	563	146.310	506.643	NaN
290	0290-0563	57527.942	340.710	2532	560	138.814	224.359	NaN
291	0291-0626	6265409.270	4181.556	2363	691	85.163	2403.846	NaN
292	0292-0565	57527.942	340.710	2496	561	131.186	224.359	NaN
293	0293-0576	319485.536	942.656	1243	590	72.181	576.923	NaN
294	0294-0568	64718.935	362.619	2255	572	45.000	256.410	NaN
295	0295-0569	50336.949	317.292	1023	566	135.000	224.359	NaN
296	0296-0606	3158900.394	2527.178	299	568	105.446	1794.822	NaN
297	0297-0573	125328.731	525.680	1355	568	142.431	320.513	NaN
298	0298-0576	153065.417	551.431	2239	584	54.462	384.615	NaN
299	0299-0576	145874.425	545.814	1118	570	139.764	416.667	NaN
300	0300-0574	50336.949	317.292	1134	571	135.000	224.359	NaN
301	0301-0581	194156.805	660.754	2251	589	50.906	458.681	NaN
302	0302-0610	3177391.519	2532.863	828	582	128.320	1987.179	NaN
303	0303-0584	179774.819	676.123	1559	575	121.430	401.391	NaN
304	0304-0583	50336.949	317.292	1359	580	135.000	224.359	NaN
305	0305-0613	1750493.097	2347.415	1772	640	55.008	1189.703	NaN
306	0306-0649	7988165.680	4457.894	2298	718	80.064	2418.382	NaN
307	0307-0599	691362.590	1391.557	2505	618	61.074	900.273	NaN
308	0308-0602	1554281.723	1815.359	580	621	42.138	1305.428	NaN
309	0309-0602	1144395.135	1422.586	691	581	104.349	1028.727	NaN
310	0310-0587	111974.030	480.769	1764	593	53.130	320.513	NaN
311	0311-0593	390368.179	1022.129	2205	605	48.814	658.342	NaN
312	0312-0599	985166.009	2064.262	508	614	25.769	841.434	NaN
313	0313-0595	632807.364	1181.993	722	609	40.601	851.522	NaN
314	0314-0587	65746.220	362.619	1283	583	135.000	256.410	NaN
315	0315-0599	313321.828	874.830	1130	588	118.443	512.821	NaN
316	0316-0597	349276.792	907.680	1470	588	137.862	634.863	NaN
317	0317-0592	57527.942	340.710	1256	588	131.186	224.359	NaN
318	0318-0661	10707388.231	5643.302	1788	726	44.770	2783.772	NaN
319	0319-0603	223948.060	737.876	1758	613	55.620	480.769	NaN
320	0320-0608	762245.233	1250.000	1269	607	157.380	865.385	NaN
321	0321-0615	1119740.302	1725.121	1058	627	35.166	1250.000	NaN
322	0322-0641	5339825.773	3549.743	1604	600	129.872	2370.023	NaN
323	0323-0605	122246.877	525.680	1251	599	127.569	320.513	NaN
324	0324-0605	122246.877	480.769	1320	599	126.870	352.564	NaN
325	0325-0612	573224.852	1044.006	394	608	162.121	801.282	NaN
326	0326-0605	50336.949	317.292	1354	602	135.000	224.359	NaN
327	0327-0609	131492.439	543.928	1035	615	45.000	384.615	NaN
328	0328-0677	14566896.778	5459.736	1491	747	57.709	3955.012	NaN
329	0329-0615	572197.567	1114.906	771	620	18.435	737.179	NaN
330	0330-0676	10071499.014	4767.999	2439	748	74.002	3048.955	NaN
331	0331-0630	594797.830	1578.343	1462	653	66.038	646.245	NaN
332	0332-0612	57527.942	340.710	556	609	138.814	224.359	NaN
333	0333-0614	88346.483	431.206	1011	610	138.013	288.462	NaN
334	0334-0662	4896038.790	3466.876	2635	712	70.560	1987.179	NaN
335	0335-0758	22610535.832	9612.072	2199	618	106.864	3580.588	NaN
336	0336-0617	71909.928	391.236	299	614	145.008	224.359	NaN
337	0337-0682	9687294.543	4415.638	1911	750	80.811	3495.870	NaN
338	0338-0675	10327292.899	4321.340	165	628	139.814	3558.276	NaN
339	0339-0655	3598578.238	2688.107	707	685	39.193	2013.174	NaN
340	0340-0631	501314.924	1110.752	1327	645	43.831	825.129	NaN
341	0341-0700	12100386.259	5259.732	2537	619	96.649	3758.200	NaN
342	0342-0640	1240959.895	2106.869	353	623	146.793	830.321	NaN
343	0343-0628	173611.111	782.472	1012	635	34.992	416.667	NaN
344	0344-0647	1456689.678	1782.236	1268	624	127.694	1314.103	NaN
345	0345-0665	4983357.988	2954.982	473	657	12.529	2467.949	NaN
346	0346-0632	87319.198	410.457	1037	637	38.660	288.462	NaN
347	0347-0631	50336.949	317.292	1446	628	135.000	224.359	NaN
348	0348-0633	71909.928	385.949	647	629	131.634	256.410	NaN
349	0349-0671	2757232.084	2680.453	565	709	63.741	1857.274	NaN
350	0350-0682	7490959.895	3692.580	775	656	143.826	2766.902	NaN
351	0351-0640	63691.650	362.619	1006	644	45.000	256.410	NaN
352	0352-0652	520833.333	1189.789	1084	669	62.745	879.480	NaN
353	0353-0642	102728.468	455.534	1242	637	140.711	320.513	NaN
354	0354-0679	3468113.083	2878.555	93	712	52.237	2121.772	NaN
355	0355-0651	357495.069	1013.551	668	644	161.565	641.026	NaN
356	0356-0655	435568.705	1076.942	643	642	126.529	705.128	NaN
357	0357-0679	3332511.506	2954.982	893	642	130.601	1750.380	NaN
358	0358-0649	80128.205	407.946	1005	654	45.000	288.462	NaN
359	0359-0650	86291.913	431.206	2026	645	131.987	288.462	NaN
360	0360-0673	1740220.250	1993.631	1025	646	126.501	1586.599	NaN
361	0361-0656	140738.001	725.238	1688	648	135.000	339.955	NaN
362	0362-0718	10325238.330	4478.930	1371	649	99.058	3331.561	NaN
363	0363-0653	50336.949	317.292	1439	650	135.000	224.359	NaN
364	0364-0657	108892.176	476.477	1746	662	42.274	320.513	NaN
365	0365-0708	6667077.581	3546.558	323	653	96.226	2749.321	NaN
366	0366-0659	104783.037	476.477	1239	654	132.274	320.513	NaN
367	0367-0661	146901.709	612.339	1729	668	47.121	409.474	NaN
368	0368-0658	50336.949	317.292	1250	655	135.000	224.359	NaN
369	0369-0662	93482.906	473.232	1098	656	118.301	224.359	NaN
370	0370-0742	12653065.417	5403.850	359	804	53.198	3566.175	NaN
371	0371-0669	169501.972	657.637	673	676	43.025	422.686	NaN
372	0372-0678	241411.900	891.118	1131	670	142.306	486.317	NaN
373	0373-0677	151010.848	570.657	1738	670	128.157	384.615	NaN
374	0374-0676	79100.920	417.898	624	671	122.471	224.359	NaN
375	0375-0688	394477.318	961.538	1288	702	53.130	576.923	NaN
376	0376-0680	127383.300	525.680	985	675	142.431	352.564	NaN
377	0377-0690	441732.413	1058.178	1232	696	35.134	810.075	NaN
378	0378-0712	1350879.356	2313.472	1455	748	79.624	849.160	NaN
379	0379-0682	64718.935	362.619	1685	686	45.000	256.410	NaN
380	0380-0730	6020915.516	3743.968	2004	782	57.943	2723.416	NaN
381	0381-0689	134574.293	533.440	1064	696	57.265	320.513	NaN
382	0382-0687	50336.949	317.292	1116	684	135.000	224.359	NaN
383	0383-0691	113001.315	476.477	1321	686	132.274	320.513	NaN
384	0384-0700	385231.755	978.483	1713	708	31.608	620.764	NaN
385	0385-0757	9198307.035	4942.553	701	708	133.423	2975.887	NaN
386	0386-0719	3409557.857	2967.644	1595	746	27.672	1663.552	NaN
387	0387-0742	4098865.878	3218.083	1055	765	33.215	2071.236	NaN
388	0388-0743	8997986.522	4302.519	557	732	155.344	3108.974	NaN
389	0389-0782	13504684.418	5676.788	2322	866	70.542	3988.807	NaN
390	0390-0702	50336.949	317.292	994	699	135.000	224.359	NaN
391	0391-0715	656434.911	1054.287	879	731	70.463	889.322	NaN
392	0392-0709	262984.878	681.420	1756	700	131.186	576.923	NaN
393	0393-0729	1631328.074	2000.832	993	711	144.782	1604.111	NaN
394	0394-0710	149983.563	702.939	1041	702	133.152	448.286	NaN
395	0395-0751	3824580.868	3196.302	1165	702	105.709	1825.632	NaN
396	0396-0712	162310.980	660.754	963	720	50.906	407.946	NaN
397	0397-0720	297912.558	841.308	1706	711	139.635	527.046	NaN
398	0398-0717	123274.162	500.657	2277	723	50.194	352.564	NaN
399	0399-0719	151010.848	570.657	1730	713	141.843	416.667	NaN
400	0400-0757	2751068.376	2687.916	1857	716	98.227	1698.718	NaN
401	0401-0721	50336.949	317.292	983	718	135.000	224.359	NaN
402	0402-0728	173611.111	666.944	1252	723	144.782	444.347	NaN
403	0403-0803	11961702.827	5270.463	2141	721	94.185	3215.006	NaN
404	0404-0764	3080826.759	2769.424	40	722	113.895	1586.347	NaN
405	0405-0801	11291913.215	4929.650	2611	876	77.229	3503.111	NaN
406	0406-0801	17715524.326	5566.229	102	736	128.454	4576.240	NaN
407	0407-0761	2778805.062	2151.260	242	739	155.344	1857.066	NaN
408	0408-0810	15099030.243	5590.629	853	887	62.700	4094.320	NaN
409	0409-0757	2066896.778	2023.551	1945	785	60.593	1690.692	NaN
410	0410-0740	144847.140	545.814	813	747	40.236	416.667	NaN
411	0411-0747	524942.472	1304.688	1274	760	27.824	789.294	NaN
412	0412-0741	84237.344	431.206	1328	746	48.013	288.462	NaN
413	0413-0745	196211.374	641.026	1766	737	126.870	448.718	NaN
414	0414-0742	88346.483	410.457	958	738	141.340	288.462	NaN
415	0415-0764	1158777.120	1753.472	1211	738	108.104	1025.641	NaN
416	0416-0769	1533736.029	2021.519	1712	741	115.346	1263.113	NaN
417	0417-0789	4620726.496	3225.894	1642	830	62.162	2147.436	NaN
418	0418-0745	89373.767	431.206	2482	741	138.013	288.462	NaN
419	0419-0759	351331.361	1119.503	1314	743	113.629	489.535	NaN
420	0420-0757	309212.689	1013.551	1256	744	124.695	582.149	NaN
421	0421-0779	2003205.128	2322.778	1791	750	117.979	1466.026	NaN
422	0422-0752	154092.702	545.814	522	746	130.236	416.667	NaN
423	0423-0778	3019189.678	3090.581	2463	747	139.205	1667.377	NaN
424	0424-0775	1364234.057	1885.313	555	751	125.311	1280.077	NaN
425	0425-0776	871137.410	1461.763	694	798	74.745	783.703	NaN
426	0426-0758	73964.497	385.949	980	754	138.366	256.410	NaN
427	0427-0759	96564.760	455.534	485	764	39.289	288.462	NaN
428	0428-0781	1849112.426	2314.138	1496	805	36.552	1358.201	NaN
429	0429-0769	197238.659	759.825	1295	780	62.354	352.564	NaN
430	0430-0801	3507149.901	2800.042	1575	843	74.055	2057.934	NaN
431	0431-0776	523915.187	1125.452	1753	793	70.017	801.282	NaN
432	0432-0795	1285133.136	2250.904	1456	762	109.983	1034.488	NaN
433	0433-0769	57527.942	340.710	384	765	131.186	224.359	NaN
434	0434-0776	385231.755	956.182	498	788	50.440	637.844	NaN
435	0435-0771	81155.490	410.457	1094	776	51.340	256.410	NaN
436	0436-0793	1542981.591	1760.196	1910	766	100.491	1340.897	NaN
437	0437-0771	63691.650	362.619	1443	767	135.000	256.410	NaN
438	0438-0772	50336.949	317.292	347	769	135.000	224.359	NaN
439	0439-0821	9596893.491	4074.675	943	848	17.865	3340.934	NaN
440	0440-0789	407832.018	1433.377	1337	809	63.435	431.921	NaN
441	0441-0833	8233686.719	4277.375	1997	880	54.762	2929.815	NaN
442	0442-0776	123274.162	544.872	1123	781	28.072	288.462	NaN
443	0443-0802	1849112.426	1929.743	1227	825	57.894	1512.452	NaN
444	0444-0782	98619.329	455.534	1069	777	129.289	288.462	NaN
445	0445-0792	924556.213	1446.220	296	794	167.196	929.487	NaN
446	0446-0781	50336.949	317.292	487	778	135.000	224.359	NaN
447	0447-0863	9384245.562	5911.789	2358	942	60.795	2471.276	NaN
448	0448-0785	102728.468	476.477	963	790	42.274	320.513	NaN
449	0449-0837	6831443.130	3546.268	1121	783	99.888	2992.028	NaN
450	0450-0793	113001.315	500.657	1311	787	129.806	320.513	NaN
451	0451-0831	2991452.991	2760.507	1363	790	105.489	1456.969	NaN
452	0452-0861	6617767.916	4505.685	1407	795	111.272	2275.641	NaN
453	0453-0824	3434212.689	2606.422	597	813	163.571	1791.484	NaN
454	0454-0834	2817841.880	2677.194	1946	871	58.213	1607.463	NaN
455	0455-0830	3699252.137	2952.374	501	811	159.007	1920.074	NaN
456	0456-0807	64718.935	362.619	67	811	45.000	256.410	NaN
457	0457-0864	7226947.732	4039.606	1749	815	128.234	2680.580	NaN
458	0458-0825	1331360.947	1733.438	1504	836	33.690	1290.039	NaN
459	0459-0829	757108.810	1477.491	694	808	114.341	990.648	NaN
460	0460-0879	11166584.484	5643.302	2401	946	45.230	3269.611	NaN
461	0461-0814	65746.220	362.619	381	810	135.000	256.410	NaN
462	0462-0814	50336.949	317.292	1342	811	135.000	224.359	NaN
463	0463-0840	1501890.204	1986.662	1840	870	72.150	1175.369	NaN
464	0464-0837	759163.379	1763.986	1307	813	114.702	760.921	NaN
465	0465-0817	65746.220	362.619	1333	813	135.000	256.410	NaN
466	0466-0827	255793.886	863.007	1176	840	68.199	416.667	NaN
467	0467-0868	13302309.336	6499.538	231	869	168.912	3094.022	NaN
468	0468-0824	196211.374	604.742	1201	816	122.005	416.667	NaN
469	0469-0871	5509327.745	3631.284	465	820	110.674	2262.994	NaN
470	0470-0821	57527.942	340.710	1713	817	131.186	224.359	NaN
471	0471-0820	50336.949	317.292	2551	817	135.000	224.359	NaN
472	0472-0821	50336.949	317.292	1693	818	135.000	224.359	NaN
473	0473-0859	3134245.562	2552.055	1277	898	78.408	1715.838	NaN
474	0474-0826	81155.490	407.946	27	831	45.000	288.462	NaN
475	0475-0836	543433.596	1105.188	2541	829	150.461	699.447	NaN
476	0476-0836	184911.243	775.217	1686	847	60.255	369.674	NaN
477	0477-0837	247575.608	884.174	33	847	43.531	466.579	NaN
478	0478-0842	435568.705	1272.400	1697	856	40.914	682.784	NaN
479	0479-0880	5535009.862	3331.484	1883	829	101.094	2732.419	NaN
480	0480-0838	250657.462	865.978	400	830	141.009	500.609	NaN
481	0481-0892	9756122.617	4749.650	718	857	148.241	3311.101	NaN
482	0482-0838	71909.928	385.949	1224	843	48.366	256.410	NaN
483	0483-0902	13361891.847	5426.046	1540	955	38.766	3936.238	NaN
484	0484-0858	722181.131	1297.978	2091	840	122.905	929.487	NaN
485	0485-0845	94510.191	489.242	2443	849	31.608	256.410	NaN
486	0486-0846	57527.942	340.710	20	843	138.814	224.359	NaN
487	0487-0884	1824457.594	2703.350	1478	926	79.756	1139.189	NaN
488	0488-0848	50336.949	317.292	7	845	135.000	224.359	NaN
489	0489-0863	657462.196	1276.430	1227	847	128.884	781.644	NaN
490	0490-0853	118137.738	589.256	1188	860	45.000	385.283	NaN
491	0491-0874	1303624.260	1787.990	2565	847	104.534	1327.523	NaN
492	0492-0898	6608522.354	3876.085	594	909	23.385	3075.130	NaN
493	0493-0858	181829.389	612.339	2543	851	132.879	416.667	NaN
494	0494-0857	57527.942	340.710	1180	853	131.186	224.359	NaN
495	0495-0858	65746.220	362.619	927	854	135.000	256.410	NaN
496	0496-0862	169501.972	615.685	423	855	128.660	416.667	NaN
497	0497-0861	50336.949	317.292	1221	858	135.000	224.359	NaN
498	0498-0865	71909.928	365.441	1338	861	127.875	256.410	NaN
499	0499-0871	374958.909	1046.463	1347	865	152.650	558.947	NaN
500	0500-0867	118137.738	480.769	1192	862	143.130	320.513	NaN
501	0501-0874	277366.864	846.178	1531	866	155.376	541.533	NaN
502	0502-0914	2726413.544	3050.939	1682	960	70.994	1649.747	NaN
503	0503-0895	2049432.939	1999.034	540	871	138.900	1486.177	NaN
504	0504-0932	10685815.253	4562.103	850	940	19.708	3587.916	NaN
505	0505-0880	89373.767	431.206	2545	875	131.987	288.462	NaN
506	0506-0882	71909.928	385.949	1108	886	41.634	256.410	NaN
507	0507-0882	80128.205	407.946	1321	887	45.000	288.462	NaN
508	0508-0887	175665.680	648.989	2316	896	57.095	352.564	NaN
509	0509-0884	64718.935	362.619	1060	880	135.000	256.410	NaN
510	0510-0968	11286776.792	5656.393	1198	880	94.224	3117.134	NaN
511	0511-0893	249630.178	819.034	2174	904	59.421	447.882	NaN
512	0512-0986	15674309.665	6796.459	1356	883	102.529	3677.152	NaN
513	0513-0902	731426.693	1384.155	2204	886	137.816	1093.646	NaN
514	0514-0888	79100.920	417.898	1371	885	147.529	224.359	NaN
515	0515-0932	7403640.697	4107.694	1935	931	163.686	2472.430	NaN
516	0516-0894	111974.030	521.757	1246	888	132.510	339.955	NaN
517	0517-0896	131492.439	685.927	2602	905	52.595	384.772	NaN
518	0518-0926	2991452.991	2949.415	995	893	132.357	1954.746	NaN
519	0519-0922	1846030.572	2035.446	251	952	63.838	1511.082	NaN
520	0520-0976	9199334.320	5559.581	1070	897	110.943	3216.498	NaN
521	0521-0928	1871712.689	2232.114	2080	956	57.907	1279.946	NaN
522	0522-0932	1965195.595	2357.458	2541	969	82.972	1570.513	NaN
523	0523-0920	624589.086	1562.972	2587	944	74.539	720.074	NaN
524	0524-0930	1813157.462	2178.073	682	903	122.989	1404.795	NaN
525	0525-0917	680062.459	1436.598	1509	936	51.340	774.024	NaN
526	0526-0903	88346.483	431.206	1111	899	138.013	288.462	NaN
527	0527-0932	2283653.846	2437.794	2133	899	118.250	1631.970	NaN
528	0528-0918	461250.822	1181.993	737	900	102.529	660.977	NaN
529	0529-0911	299967.127	898.008	2633	900	124.824	673.077	NaN
530	0530-0921	523915.187	1175.456	2309	938	64.134	841.393	NaN
531	0531-0913	142792.571	657.637	1277	921	46.975	423.077	NaN
532	0532-0913	120192.308	500.657	2047	919	50.194	352.564	NaN
533	0533-0914	147928.994	533.440	2174	907	122.735	384.615	NaN
534	0534-0928	1270751.151	1591.307	1737	908	152.403	1282.051	NaN
535	0535-0913	108892.176	506.775	2547	909	145.305	288.462	NaN
536	0536-0915	69855.358	385.949	1420	911	138.366	256.410	NaN
537	0537-0926	344140.368	997.202	1128	914	135.000	525.641	NaN
538	0538-0920	110946.746	473.232	2619	914	118.301	288.462	NaN
539	0539-0920	88346.483	431.206	1290	925	48.013	288.462	NaN
540	0540-0918	50336.949	317.292	1305	915	135.000	224.359	NaN
541	0541-0941	1380670.611	1742.894	2256	964	57.771	1306.561	NaN
542	0542-0928	156147.272	570.657	2197	921	128.157	384.615	NaN
543	0543-0926	50336.949	317.292	1467	923	135.000	224.359	NaN
544	0544-0929	80128.205	410.457	1261	934	51.340	256.410	NaN
545	0545-0973	6470866.206	3494.913	328	998	35.293	2860.628	NaN
546	0546-0962	1753574.951	2566.105	1283	926	117.525	1201.421	NaN
547	0547-0991	7584442.801	4948.784	586	929	126.573	3158.128	NaN
548	0548-0932	71909.928	391.236	1875	929	145.008	224.359	NaN
549	0549-0934	95537.475	431.206	1907	938	41.987	320.513	NaN
550	0550-0936	108892.176	521.757	2617	930	132.510	352.564	NaN
551	0551-0935	81155.490	407.946	1449	931	135.000	288.462	NaN
552	0552-0984	5962360.289	3458.718	1816	1038	82.546	2846.752	NaN
553	0553-1034	20101906.640	6656.952	2486	931	94.695	5115.586	NaN
554	0554-1011	9358563.445	6097.246	516	932	127.954	2339.854	NaN
555	0555-1033	13434829.060	6714.112	445	942	125.283	2946.424	NaN
556	0556-0940	57527.942	340.710	1266	936	131.186	224.359	NaN
557	0557-0946	394477.318	1191.084	1492	952	23.806	556.566	NaN
558	0558-0941	57527.942	340.710	1777	937	131.186	224.359	NaN
559	0559-0951	444814.267	995.655	2629	941	146.821	801.282	NaN
560	0560-0945	64718.935	362.619	742	949	45.000	256.410	NaN
561	0561-0947	169501.972	632.150	1132	942	149.534	352.564	NaN
562	0562-1028	16584483.892	5465.754	758	979	137.139	4627.028	NaN
563	0563-0989	4315622.945	2857.601	1870	950	113.114	2039.417	NaN
564	0564-0950	50336.949	317.292	2313	947	135.000	224.359	NaN
565	0565-1009	4370069.034	4028.401	1437	1069	74.305	1680.874	NaN
566	0566-1012	5202169.625	4299.175	1262	949	110.056	2211.538	NaN
567	0567-0952	50336.949	317.292	2344	949	135.000	224.359	NaN
568	0568-0957	72937.212	385.949	1762	961	41.634	256.410	NaN
569	0569-1018	7851536.818	4659.026	2551	1083	62.554	2743.254	NaN
570	0570-0965	247575.608	841.308	2297	956	130.365	498.334	NaN
571	0571-0960	80128.205	391.236	2327	957	145.008	256.410	NaN
572	0572-0960	50336.949	317.292	1920	957	135.000	224.359	NaN
573	0573-0994	2129561.144	2434.421	2199	957	99.090	1820.070	NaN
574	0574-0963	93482.906	445.271	2343	957	120.256	256.410	NaN
575	0575-1005	3210264.629	3082.260	1498	1051	73.072	1841.714	NaN
576	0576-0963	65746.220	362.619	2316	959	135.000	256.410	NaN
577	0577-0999	1871712.689	2585.051	429	961	109.558	1147.276	NaN
578	0578-0966	106837.607	498.601	1000	961	135.000	352.564	NaN
579	0579-1019	8705210.388	4245.434	1570	980	138.366	3492.246	NaN
580	0580-0979	318458.251	1105.188	2316	987	29.539	482.770	NaN
581	0581-1046	6973208.416	4800.529	1696	972	98.833	2246.779	NaN
582	0582-0987	273257.725	973.220	989	1002	72.759	352.564	NaN
583	0583-0979	156147.272	567.045	1010	973	132.709	384.615	NaN
584	0584-1032	6834524.984	3910.388	2249	1089	67.850	2583.926	NaN
585	0585-1007	1470044.379	2264.781	2077	974	116.928	1121.266	NaN
586	0586-0994	751972.387	1280.849	2120	1005	31.701	1076.645	NaN
587	0587-1003	2154215.976	2403.846	899	994	163.740	1451.928	NaN
588	0588-0999	1110494.740	1932.934	1967	981	139.708	1139.144	NaN
589	0589-0982	50336.949	317.292	1493	979	135.000	224.359	NaN
590	0590-0984	50336.949	317.292	733	981	135.000	224.359	NaN
591	0591-0987	50336.949	317.292	2393	984	135.000	224.359	NaN
592	0592-1010	1448471.400	1787.128	1916	1033	57.450	1399.244	NaN
593	0593-0997	187993.097	817.151	1005	989	138.180	432.907	NaN
594	0594-0992	50336.949	317.292	2168	989	135.000	224.359	NaN
595	0595-0994	50336.949	317.292	2328	991	135.000	224.359	NaN
596	0596-1000	71909.928	385.949	1438	1005	48.366	256.410	NaN
597	0597-1018	833127.876	1422.586	2165	1040	75.651	865.385	NaN
598	0598-1001	50336.949	317.292	1489	998	135.000	224.359	NaN
599	0599-1059	6357864.892	3883.499	2334	1000	106.790	2676.213	NaN
600	0600-1078	9315417.488	4988.172	1753	1156	84.839	2671.245	NaN
601	0601-1009	189020.381	660.754	994	1004	157.166	384.615	NaN
602	0602-1030	1170077.252	1937.976	1156	1005	124.216	997.851	NaN
603	0603-1012	138683.432	641.026	2020	1004	126.870	354.743	NaN
604	0604-1056	3363330.046	2979.908	329	1012	108.825	2061.985	NaN
605	0605-1021	122246.877	533.440	357	1026	32.735	288.462	NaN
606	0606-1043	889628.534	1440.526	898	1064	69.146	1153.846	NaN
607	0607-1033	216757.068	705.856	2068	1041	39.472	512.821	NaN
608	0608-1030	124301.446	545.814	2625	1036	40.236	352.003	NaN
609	0609-1044	729372.124	1429.430	1547	1028	132.274	769.545	NaN
610	0610-1034	87319.198	431.206	721	1039	48.013	288.462	NaN
611	0611-1090	6663995.726	3888.918	2016	1030	94.254	2949.077	NaN
612	0612-1088	6746178.501	3741.224	1849	1146	80.134	2596.154	NaN
613	0613-1034	50336.949	317.292	2541	1031	135.000	224.359	NaN
614	0614-1099	10904626.890	4430.619	375	1161	61.952	3589.744	NaN
615	0615-1041	64718.935	362.619	1075	1045	45.000	256.410	NaN
616	0616-1045	171556.542	685.927	1963	1054	52.595	407.816	NaN
617	0617-1078	4628944.773	3360.497	103	1057	147.068	1918.366	NaN
618	0618-1087	4071129.191	3272.685	2621	1137	75.828	2161.004	NaN
619	0619-1048	138683.432	615.685	1323	1054	38.660	364.878	NaN
620	0620-1046	101701.183	480.769	1996	1042	143.130	288.462	NaN
621	0621-1120	12921186.719	6052.263	711	1043	136.073	3585.359	NaN
622	0622-1049	117110.454	500.657	2124	1043	129.806	320.513	NaN
623	0623-1050	50336.949	317.292	16	1047	135.000	224.359	NaN
624	0624-1100	7286530.243	3530.882	1525	1047	105.803	2921.804	NaN
625	0625-1116	7210511.177	4679.926	2092	1181	66.595	2465.808	NaN
626	0626-1052	70882.643	385.949	1920	1048	138.366	256.410	NaN
627	0627-1056	108892.176	480.769	2656	1061	36.870	288.462	NaN
628	0628-1066	287639.711	860.026	1950	1078	63.435	512.821	NaN
629	0629-1077	889628.534	1662.964	2074	1100	62.447	961.081	NaN
630	0630-1069	577333.991	1297.978	897	1078	32.905	779.604	NaN
631	0631-1068	241411.900	720.263	1319	1058	122.276	416.667	NaN
632	0632-1095	2836333.005	2581.074	2170	1132	65.026	1801.373	NaN
633	0633-1082	413995.726	983.196	1334	1068	109.026	637.113	NaN
634	0634-1111	4379314.596	2866.754	1631	1069	116.565	2330.388	NaN
635	0635-1076	50336.949	317.292	1204	1073	135.000	224.359	NaN
636	0636-1083	393450.033	994.107	1912	1076	159.228	667.455	NaN
637	0637-1083	151010.848	589.256	640	1090	45.000	416.667	NaN
638	0638-1083	64718.935	362.619	1590	1079	135.000	256.410	NaN
639	0639-1119	3504068.047	2615.275	1445	1081	109.323	1958.243	NaN
640	0640-1085	50336.949	317.292	2570	1082	135.000	224.359	NaN
641	0641-1090	111974.030	480.769	1323	1096	53.130	320.513	NaN
642	0642-1094	198265.943	641.026	2555	1088	143.130	480.769	NaN
643	0643-1095	147928.994	570.657	915	1090	141.843	352.564	NaN
644	0644-1094	79100.920	385.949	1406	1098	41.634	288.462	NaN
645	0645-1097	122246.877	521.757	682	1102	42.510	384.615	NaN
646	0646-1095	89373.767	435.945	1418	1099	36.027	256.410	NaN
647	0647-1095	72937.212	385.949	1909	1099	41.634	256.410	NaN
648	0648-1102	50336.949	317.292	663	1099	135.000	224.359	NaN
649	0649-1102	50336.949	317.292	902	1099	135.000	224.359	NaN
650	0650-1105	136628.863	525.680	647	1100	142.431	352.564	NaN
651	0651-1105	81155.490	407.946	879	1110	45.000	288.462	NaN
652	0652-1109	196211.374	612.339	1930	1104	137.121	512.821	NaN
653	0653-1107	115055.884	506.775	2254	1101	124.695	288.462	NaN
654	0654-1180	14825772.518	5124.698	2399	1254	68.731	4313.214	NaN
655	0655-1121	448923.406	1089.744	2238	1106	118.072	757.367	NaN
656	0656-1111	64718.935	365.441	622	1107	127.875	224.359	NaN
657	0657-1113	50336.949	317.292	1046	1110	135.000	224.359	NaN
658	0658-1175	8163831.361	4162.473	2276	1111	96.633	3027.697	NaN
659	0659-1172	5758957.922	3847.222	1899	1113	100.561	2288.060	NaN
660	0660-1184	9956443.130	4437.569	2562	1115	98.306	3281.542	NaN
661	0661-1121	77046.351	410.457	703	1116	128.660	256.410	NaN
662	0662-1124	57527.942	340.710	1485	1120	131.186	224.359	NaN
663	0663-1128	238330.046	660.754	2631	1122	140.906	512.821	NaN
664	0664-1127	88346.483	410.457	866	1122	128.660	288.462	NaN
665	0665-1132	86291.913	431.206	1200	1137	48.013	288.462	NaN
666	0666-1130	50336.949	317.292	2071	1127	135.000	224.359	NaN
667	0667-1179	4905284.352	3351.314	1700	1128	102.707	2415.405	NaN
668	0668-1171	4705991.124	2979.908	1562	1154	161.175	2474.302	NaN
669	0669-1158	879355.687	1571.494	2225	1182	78.232	778.515	NaN
670	0670-1140	70882.643	385.949	2153	1145	48.366	256.410	NaN
671	0671-1182	3934500.329	3061.191	1960	1137	107.676	2028.660	NaN
672	0672-1141	50336.949	317.292	1321	1138	135.000	224.359	NaN
673	0673-1180	3316074.951	2858.500	1797	1223	72.378	1955.128	NaN
674	0674-1148	193129.520	737.876	478	1155	34.380	420.584	NaN
675	0675-1147	186965.812	764.542	2032	1154	33.024	403.348	NaN
676	0676-1174	2351454.635	2090.225	2176	1149	125.640	1687.843	NaN
677	0677-1196	5774367.193	3853.225	1494	1145	121.045	2469.226	NaN
678	0678-1170	1153640.697	1753.472	2498	1194	59.216	1108.233	NaN
679	0679-1151	50336.949	317.292	2147	1148	135.000	224.359	NaN
680	0680-1152	57527.942	340.710	1419	1149	138.814	224.359	NaN
681	0681-1159	122246.877	498.601	966	1165	45.000	352.564	NaN
682	0682-1162	136628.863	506.775	1456	1156	124.695	384.615	NaN
683	0683-1162	97592.045	431.206	1050	1157	131.987	320.513	NaN
684	0684-1165	64718.935	365.441	1314	1161	127.875	224.359	NaN
685	0685-1173	186965.812	820.913	2018	1183	51.340	415.679	NaN
686	0686-1187	1144395.135	1822.419	1416	1173	145.751	1427.512	NaN
687	0687-1230	5754848.784	4194.312	2051	1165	96.582	2353.750	NaN
688	0688-1171	63691.650	362.619	362	1167	135.000	256.410	NaN
689	0689-1171	50336.949	317.292	996	1168	135.000	224.359	NaN
690	0690-1174	87319.198	410.457	670	1169	128.660	288.462	NaN
691	0691-1175	50336.949	317.292	2067	1172	135.000	224.359	NaN
692	0692-1177	64718.935	365.441	1548	1173	127.875	224.359	NaN
693	0693-1177	57527.942	340.710	386	1174	138.814	224.359	NaN
694	0694-1183	128410.585	545.814	1006	1177	130.236	384.615	NaN
695	0695-1186	95537.475	435.945	285	1181	126.027	288.462	NaN
696	0696-1186	87319.198	431.206	313	1182	138.013	288.462	NaN
697	0697-1206	1528599.606	1897.533	654	1194	142.549	1409.309	NaN
698	0698-1255	9505465.155	5078.384	711	1182	125.496	2729.004	NaN
699	0699-1210	726290.270	1845.664	1762	1183	110.323	850.224	NaN
700	0700-1188	50336.949	317.292	655	1185	135.000	224.359	NaN
701	0701-1190	121219.592	545.814	760	1185	139.764	352.564	NaN
702	0702-1192	50336.949	317.292	2513	1189	135.000	224.359	NaN
703	0703-1195	86291.913	410.457	1639	1192	141.340	288.462	NaN
704	0704-1243	6780078.895	4197.739	806	1206	137.785	3036.035	NaN
705	0705-1197	82182.774	407.946	323	1202	45.000	288.462	NaN
706	0706-1198	96564.760	476.477	1436	1193	132.274	320.513	NaN
707	0707-1199	109919.461	480.769	2645	1204	36.870	320.513	NaN
708	0708-1201	80128.205	385.949	2504	1197	138.366	288.462	NaN
709	0709-1209	272230.440	820.913	1664	1199	128.660	539.209	NaN
710	0710-1202	79100.920	417.898	2492	1199	147.529	224.359	NaN
711	0711-1208	57527.942	340.710	2096	1205	138.814	224.359	NaN
712	0712-1211	64718.935	362.619	2494	1207	135.000	256.410	NaN
713	0713-1214	235248.192	846.178	1363	1220	24.624	368.105	NaN
714	0714-1215	131492.439	500.657	2661	1209	129.806	384.615	NaN
715	0715-1213	57527.942	340.710	68	1210	138.814	224.359	NaN
716	0716-1240	1260478.304	2425.967	642	1210	133.394	913.819	NaN
717	0717-1221	582470.414	1462.115	1421	1213	153.997	606.994	NaN
718	0718-1257	6559212.689	4174.672	1564	1239	151.074	2487.459	NaN
719	0719-1251	3838962.853	2963.314	2085	1283	51.147	2168.786	NaN
720	0720-1223	280448.718	863.007	982	1211	111.801	448.718	NaN
721	0721-1219	197238.659	632.150	611	1223	30.466	448.718	NaN
722	0722-1224	296885.273	863.007	2086	1236	58.671	512.821	NaN
723	0723-1248	2458292.242	2363.986	2226	1284	77.471	2115.791	NaN
724	0724-1216	57527.942	340.710	2640	1212	131.186	224.359	NaN
725	0725-1276	6183226.496	4088.643	1842	1213	95.398	2456.451	NaN
726	0726-1286	11606262.327	4711.102	2323	1359	83.358	3822.279	NaN
727	0727-1223	145874.425	645.020	339	1214	116.565	288.462	NaN
728	0728-1238	1338551.940	1746.427	2159	1222	137.231	1246.502	NaN
729	0729-1221	80128.205	407.946	48	1226	45.000	288.462	NaN
730	0730-1228	123274.162	521.757	322	1234	47.490	352.564	NaN
731	0731-1228	50336.949	317.292	803	1225	135.000	224.359	NaN
732	0732-1230	77046.351	410.457	1242	1225	128.660	256.410	NaN
733	0733-1321	14063527.285	5951.622	1482	1229	94.943	3237.129	NaN
734	0734-1250	800254.767	1641.827	1936	1237	141.340	994.993	NaN
735	0735-1242	397559.172	1051.360	569	1233	142.431	612.816	NaN
736	0736-1252	1183431.953	1602.564	1724	1272	36.870	1272.060	NaN
737	0737-1311	12492809.007	5852.059	462	1245	129.444	3401.874	NaN
738	0738-1238	135601.578	631.337	965	1242	23.962	256.410	NaN
739	0739-1265	1155695.266	2024.058	1687	1234	100.954	895.147	NaN
740	0740-1239	64718.935	362.619	1001	1235	135.000	256.410	NaN
741	0741-1239	50336.949	317.292	1956	1236	135.000	224.359	NaN
742	0742-1292	5847304.405	4493.128	614	1237	132.109	2116.470	NaN
743	0743-1241	72937.212	385.949	1904	1237	131.634	256.410	NaN
744	0744-1253	536242.604	1043.514	1419	1268	47.490	769.231	NaN
745	0745-1355	15639381.986	9190.227	274	1289	141.371	3930.389	NaN
746	0746-1314	12812294.543	4804.272	2420	1371	58.643	3518.293	NaN
747	0747-1248	87319.198	410.457	1965	1243	128.660	288.462	NaN
748	0748-1303	5575073.964	3789.378	2516	1245	98.267	2015.909	NaN
749	0749-1274	839291.584	1937.181	2624	1303	73.664	881.027	NaN
750	0750-1250	50336.949	317.292	310	1247	135.000	224.359	NaN
751	0751-1252	57527.942	340.710	567	1248	131.186	224.359	NaN
752	0752-1268	777654.504	1662.346	916	1250	146.004	874.373	NaN
753	0753-1258	214702.498	693.375	381	1263	33.690	512.821	NaN
754	0754-1258	132519.724	480.769	410	1254	143.130	384.615	NaN
755	0755-1257	86291.913	431.206	951	1253	138.013	288.462	NaN
756	0756-1279	870110.125	1815.642	1896	1253	110.674	1012.856	NaN
757	0757-1281	1034475.674	1780.217	2595	1308	76.464	1096.062	NaN
758	0758-1268	354413.215	846.178	587	1258	142.696	641.026	NaN
759	0759-1402	28320184.089	9848.144	1774	1261	117.316	5283.475	NaN
760	0760-1265	129437.870	641.026	292	1272	36.870	372.678	NaN
761	0761-1263	81155.490	410.457	2667	1259	141.340	256.410	NaN
762	0762-1263	50336.949	317.292	2645	1260	135.000	224.359	NaN
763	0763-1266	89373.767	431.206	2245	1261	131.987	288.462	NaN
764	0764-1274	359549.638	1026.142	1968	1287	51.340	632.126	NaN
765	0765-1271	57527.942	340.710	685	1267	131.186	224.359	NaN
766	0766-1307	3394148.586	3295.676	375	1268	130.662	2168.911	NaN
767	0767-1283	836209.730	1500.603	2155	1294	19.983	961.538	NaN
768	0768-1273	64718.935	365.441	576	1269	127.875	224.359	NaN
769	0769-1276	57527.942	340.710	276	1272	131.186	224.359	NaN
770	0770-1304	1320060.815	2107.844	1422	1272	98.746	961.538	NaN
771	0771-1291	726290.270	1405.879	1724	1306	46.848	1081.760	NaN
772	0772-1294	833127.876	1453.306	979	1278	131.424	969.314	NaN
773	0773-1393	18579470.743	8958.892	1564	1275	130.357	4088.777	NaN
774	0774-1281	64718.935	362.619	2259	1285	45.000	256.410	NaN
775	0775-1281	50336.949	317.292	253	1278	135.000	224.359	NaN
776	0776-1306	1389916.174	1749.659	2658	1279	98.427	1237.569	NaN
777	0777-1283	57527.942	340.710	428	1280	138.814	224.359	NaN
778	0778-1291	160256.410	648.989	588	1283	122.905	379.382	NaN
779	0779-1342	4297131.821	3796.690	845	1284	101.689	1923.885	NaN
780	0780-1394	12192841.880	8223.137	915	1284	120.964	3154.253	NaN
781	0781-1292	211620.644	801.282	1886	1300	36.870	445.937	NaN
782	0782-1289	50336.949	317.292	2082	1286	135.000	224.359	NaN
783	0783-1292	79100.920	410.457	961	1287	128.660	256.410	NaN
784	0784-1352	5084031.887	4601.229	1999	1290	116.922	2224.354	NaN
785	0785-1291	50336.949	317.292	1077	1288	135.000	224.359	NaN
786	0786-1313	1104331.032	1794.013	2110	1293	131.379	1031.173	NaN
787	0787-1306	261957.594	803.203	448	1295	118.610	516.911	NaN
788	0788-1311	371877.055	1018.606	825	1297	114.146	587.859	NaN
789	0789-1304	132519.724	521.757	1021	1298	132.510	384.615	NaN
790	0790-1302	50336.949	317.292	2036	1299	135.000	224.359	NaN
791	0791-1340	3354084.484	2722.096	2183	1382	77.764	1744.055	NaN
792	0792-1307	97592.045	506.775	882	1314	55.305	288.462	NaN
793	0793-1307	200320.513	632.150	2066	1314	30.466	416.667	NaN
794	0794-1322	806418.475	1477.491	1925	1304	130.601	878.414	NaN
795	0795-1307	95537.475	435.945	1976	1311	36.027	288.462	NaN
796	0796-1308	65746.220	362.619	595	1304	135.000	256.410	NaN
797	0797-1395	15351742.275	5539.033	2229	1481	81.682	3909.112	NaN
798	0798-1378	6185281.065	4439.768	1694	1311	107.650	2075.993	NaN
799	0799-1316	64718.935	362.619	1734	1320	45.000	256.410	NaN
800	0800-1315	50336.949	317.292	2044	1312	135.000	224.359	NaN
801	0801-1316	79100.920	385.949	2208	1312	131.634	288.462	NaN
802	0802-1344	1049884.944	2125.317	715	1314	113.085	1124.832	NaN
803	0803-1326	365713.346	875.417	1018	1339	66.251	673.077	NaN
804	0804-1346	2253862.590	2204.094	611	1316	130.872	1616.530	NaN
805	0805-1336	649243.918	1511.856	1167	1315	122.005	929.487	NaN
806	0806-1336	728344.839	1352.625	462	1316	103.707	782.201	NaN
807	0807-1328	609179.816	1305.082	2594	1318	155.323	777.507	NaN
808	0808-1355	2465483.235	2436.741	1876	1321	116.565	1671.151	NaN
809	0809-1421	8910667.324	6690.201	784	1323	109.303	1867.538	NaN
810	0810-1331	50336.949	317.292	2076	1328	135.000	224.359	NaN
811	0811-1353	1196786.654	1790.574	2091	1333	134.275	1055.376	NaN
812	0812-1340	261957.594	748.245	2041	1348	46.736	535.660	NaN
813	0813-1346	474605.523	1022.129	2592	1333	131.186	861.220	NaN
814	0814-1344	200320.513	884.174	2381	1334	133.531	428.875	NaN
815	0815-1345	275312.295	703.670	910	1355	59.931	544.872	NaN
816	0816-1346	121219.592	545.814	231	1352	40.236	351.792	NaN
817	0817-1360	533160.750	1292.028	2372	1342	136.005	880.053	NaN
818	0818-1350	93482.906	455.534	1075	1346	140.711	288.462	NaN
819	0819-1393	2622657.791	3468.802	1417	1347	121.781	1786.721	NaN
820	0820-1357	172583.826	817.151	312	1367	48.180	435.897	NaN
821	0821-1356	214702.498	673.840	1212	1351	154.654	416.667	NaN
822	0822-1458	26144395.135	7873.729	572	1509	175.798	6668.646	NaN
823	0823-1355	71909.928	385.949	1856	1351	138.366	256.410	NaN
824	0824-1355	100673.899	501.682	2355	1352	153.435	224.359	NaN
825	0825-1357	80128.205	385.949	1054	1353	131.634	288.462	NaN
826	0826-1389	2264135.437	2281.052	2626	1356	109.708	1680.086	NaN
827	0827-1405	4621753.780	3814.237	1953	1357	131.594	2062.395	NaN
828	0828-1419	6003451.677	4519.685	486	1363	126.057	2323.428	NaN
829	0829-1402	2837360.289	2810.662	1084	1359	97.206	1818.991	NaN
830	0830-1363	57527.942	340.710	1179	1360	138.814	224.359	NaN
831	0831-1390	1180350.099	1806.282	1841	1367	117.474	1121.795	NaN
832	0832-1370	130465.155	551.431	1937	1377	54.462	344.607	NaN
833	0833-1367	50336.949	317.292	1064	1364	135.000	224.359	NaN
834	0834-1397	2279544.707	2527.991	2529	1428	50.659	1564.103	NaN
835	0835-1371	71909.928	385.949	748	1367	138.366	256.410	NaN
836	0836-1375	128410.585	590.996	2354	1382	49.399	366.143	NaN
837	0837-1390	717044.707	1400.021	2076	1411	74.055	769.231	NaN
838	0838-1450	13149243.918	5042.248	2138	1529	86.356	3876.971	NaN
839	0839-1401	1291296.844	1906.445	596	1373	116.996	1106.604	NaN
840	0840-1380	64718.935	365.441	294	1376	127.875	224.359	NaN
841	0841-1384	228057.199	720.263	1435	1389	20.854	492.899	NaN
842	0842-1381	88346.483	431.206	2507	1377	138.013	288.462	NaN
843	0843-1383	57527.942	340.710	928	1379	131.186	224.359	NaN
844	0844-1386	197238.659	636.200	1124	1393	40.914	416.667	NaN
845	0845-1385	63691.650	362.619	2369	1389	45.000	256.410	NaN
846	0846-1392	360576.923	916.689	2482	1404	53.531	591.092	NaN
847	0847-1392	358522.354	1035.609	887	1383	158.199	576.923	NaN
848	0848-1510	26916913.215	8107.644	2406	1384	94.989	6393.962	NaN
849	0849-1400	1024202.827	1995.691	287	1416	29.859	858.702	NaN
850	0850-1393	154092.702	685.927	286	1400	37.405	326.875	NaN
851	0851-1391	50336.949	317.292	1549	1388	135.000	224.359	NaN
852	0852-1409	1058103.222	1449.413	1564	1388	108.034	1225.116	NaN
853	0853-1394	57527.942	340.710	995	1390	131.186	224.359	NaN
854	0854-1402	405777.449	1147.597	635	1413	35.910	583.274	NaN
855	0855-1405	333867.521	838.862	761	1394	133.452	626.846	NaN
856	0856-1401	102728.468	521.757	1134	1407	42.510	339.744	NaN
857	0857-1402	64718.935	362.619	1914	1398	135.000	256.410	NaN
858	0858-1415	440705.128	1264.300	2333	1432	59.534	544.869	NaN
859	0859-1405	161283.695	660.754	73	1412	39.094	400.446	NaN
860	0860-1470	7274202.827	5892.992	354	1399	129.925	2346.476	NaN
861	0861-1403	64718.935	362.619	1891	1399	135.000	256.410	NaN
862	0862-1404	80128.205	385.949	1121	1400	131.634	288.462	NaN
863	0863-1407	148956.279	596.188	615	1413	36.254	384.615	NaN
864	0864-1413	260930.309	961.538	936	1401	126.870	514.484	NaN
865	0865-1407	83210.059	431.206	2026	1402	131.987	288.462	NaN
866	0866-1405	50336.949	317.292	2499	1402	135.000	224.359	NaN
867	0867-1407	57527.942	340.710	267	1403	131.186	224.359	NaN
868	0868-1411	115055.884	544.872	884	1419	61.928	256.410	NaN
869	0869-1456	5791831.032	3313.086	2594	1405	102.288	2667.230	NaN
870	0870-1465	5714784.681	4013.711	917	1406	108.146	2449.780	NaN
871	0871-1414	363658.777	1267.951	151	1408	159.274	439.093	NaN
872	0872-1413	107864.892	455.534	1136	1419	50.711	320.513	NaN
873	0873-1434	1427925.707	1946.967	974	1409	122.905	1415.705	NaN
874	0874-1419	293803.419	942.656	1594	1430	35.311	610.139	NaN
875	0875-1415	50336.949	317.292	986	1412	135.000	224.359	NaN
876	0876-1417	111974.030	476.477	2461	1412	132.274	352.564	NaN
877	0877-1435	563979.290	1453.659	186	1457	75.964	992.140	NaN
878	0878-1418	115055.884	525.680	648	1423	37.569	320.513	NaN
879	0879-1417	90401.052	480.769	1500	1422	36.870	288.462	NaN
880	0880-1420	186965.812	659.976	130	1416	150.945	352.564	NaN
881	0881-1424	191074.951	622.323	262	1416	145.491	512.821	NaN
882	0882-1422	100673.899	489.242	2652	1429	58.392	256.410	NaN
883	0883-1420	57527.942	340.710	1842	1417	138.814	224.359	NaN
884	0884-1425	170529.257	648.989	2072	1430	32.905	384.615	NaN
885	0885-1424	72937.212	385.949	1121	1428	41.634	256.410	NaN
886	0886-1441	856755.424	1451.184	1481	1422	120.530	897.436	NaN
887	0887-1443	955374.753	1566.583	2488	1467	59.237	1025.641	NaN
888	0888-1474	8770956.607	4743.265	279	1426	138.013	2779.074	NaN
889	0889-1451	1979577.581	2266.368	1103	1472	45.000	1606.398	NaN
890	0890-1427	73964.497	385.949	770	1423	138.366	256.410	NaN
891	0891-1428	87319.198	435.945	155	1432	36.027	256.410	NaN
892	0892-1428	81155.490	410.457	1605	1432	38.660	256.410	NaN
893	0893-1430	96564.760	525.680	2348	1435	37.569	301.009	NaN
894	0894-1440	439677.844	1033.623	1536	1432	150.255	723.063	NaN
895	0895-1441	407832.018	1049.894	100	1455	58.736	668.943	NaN
896	0896-1432	96564.760	435.945	169	1427	126.027	288.462	NaN
897	0897-1437	267094.017	820.913	127	1445	38.660	494.721	NaN
898	0898-1433	50336.949	317.292	1168	1430	135.000	224.359	NaN
899	0899-1441	361604.208	946.463	1441	1437	151.699	608.140	NaN
900	0900-1437	99646.614	453.274	1585	1442	45.000	320.513	NaN
901	0901-1443	166420.118	590.996	783	1450	49.399	416.667	NaN
902	0902-1441	64718.935	362.619	158	1445	45.000	256.410	NaN
903	0903-1449	154092.702	616.519	1733	1454	27.897	320.513	NaN
904	0904-1455	141765.286	543.928	1087	1449	135.000	384.615	NaN
905	0905-1509	9131533.531	4822.307	1957	1458	150.539	3084.808	NaN
906	0906-1463	694444.444	1419.695	2512	1476	28.301	827.498	NaN
907	0907-1477	1056048.652	2072.457	1595	1450	121.724	951.662	NaN
908	0908-1457	182856.673	604.742	2317	1452	147.995	416.667	NaN
909	0909-1457	79100.920	385.949	1533	1453	131.634	288.462	NaN
910	0910-1459	50336.949	317.292	177	1456	135.000	224.359	NaN
911	0911-1473	696499.014	1244.647	1492	1465	145.491	987.994	NaN
912	0912-1469	306130.835	911.069	1565	1458	129.289	544.150	NaN
913	0913-1463	50336.949	317.292	2307	1460	135.000	224.359	NaN
914	0914-1471	515696.910	1277.235	971	1473	17.526	641.026	NaN
915	0915-1466	50336.949	317.292	188	1463	135.000	224.359	NaN
916	0916-1472	110946.746	500.657	73	1477	39.806	320.513	NaN
917	0917-1506	2365836.621	2858.500	512	1467	120.303	1350.136	NaN
918	0918-1470	50336.949	317.292	2294	1467	135.000	224.359	NaN
919	0919-1478	163338.264	657.637	692	1471	136.975	426.692	NaN
920	0920-1474	64718.935	365.441	2068	1471	142.125	224.359	NaN
921	0921-1486	574252.137	1161.389	2330	1499	50.599	833.333	NaN
922	0922-1476	64718.935	365.441	1007	1473	142.125	224.359	NaN
923	0923-1480	57527.942	340.710	665	1476	131.186	224.359	NaN
924	0924-1481	109919.461	462.250	1105	1484	33.690	320.513	NaN
925	0925-1481	176692.965	702.939	2251	1477	155.772	320.513	NaN
926	0926-1515	2062787.640	2880.517	474	1478	124.574	1138.122	NaN
927	0927-1482	109919.461	516.811	2310	1486	29.745	256.410	NaN
928	0928-1487	208538.790	725.238	17	1496	45.000	494.656	NaN
929	0929-1482	57527.942	340.710	2517	1479	138.814	224.359	NaN
930	0930-1490	227029.915	788.357	167	1488	153.435	538.850	NaN
931	0931-1526	4024901.381	2865.499	1073	1493	143.643	2335.898	NaN
932	0932-1508	1036530.243	1908.599	2280	1488	130.914	1020.648	NaN
933	0933-1488	57527.942	340.710	58	1485	138.814	224.359	NaN
934	0934-1488	50336.949	317.292	2531	1485	135.000	224.359	NaN
935	0935-1536	5444608.810	3540.905	1715	1513	152.507	2412.684	NaN
936	0936-1511	801282.051	1290.437	2481	1492	104.381	993.590	NaN
937	0937-1524	2565129.849	3058.505	979	1495	141.809	1560.189	NaN
938	0938-1502	86291.913	431.206	50	1507	48.013	288.462	NaN
939	0939-1501	87319.198	431.206	1050	1497	138.013	288.462	NaN
940	0940-1505	115055.884	560.668	157	1498	120.964	285.562	NaN
941	0941-1510	432486.851	1065.434	2563	1506	164.291	728.077	NaN
942	0942-1513	450977.975	1026.142	246	1501	141.340	693.167	NaN
943	0943-1504	50336.949	317.292	1344	1501	135.000	224.359	NaN
944	0944-1506	93482.906	431.206	170	1502	138.013	288.462	NaN
945	0945-1511	139710.717	588.383	41	1503	119.358	288.462	NaN
946	0946-1558	7258793.557	4348.711	156	1542	147.950	2450.735	NaN
947	0947-1511	185938.527	705.856	2338	1503	129.472	429.794	NaN
948	0948-1512	137656.147	612.339	12	1505	132.879	382.977	NaN
949	0949-1601	12467126.890	6686.976	1612	1515	119.268	3009.465	NaN
950	0950-1516	165392.834	660.754	2318	1508	129.094	458.653	NaN
951	0951-1519	265039.448	801.282	879	1509	126.870	529.999	NaN
952	0952-1514	72937.212	385.949	1040	1510	138.366	256.410	NaN
953	0953-1560	3109590.730	3225.894	320	1515	115.292	1556.183	NaN
954	0954-1521	242439.185	759.825	1960	1516	152.354	474.188	NaN
955	0955-1526	467414.530	1024.138	133	1528	20.136	705.128	NaN
956	0956-1548	1309787.968	2382.383	286	1517	123.476	846.499	NaN
957	0957-1525	79100.920	385.949	898	1521	138.366	288.462	NaN
958	0958-1535	408859.303	1018.606	2096	1550	65.854	576.923	NaN
959	0959-1530	73964.497	385.949	123	1526	138.366	256.410	NaN
960	0960-1534	195184.089	622.323	38	1530	145.491	416.667	NaN
961	0961-1549	497205.786	1382.670	1314	1566	45.939	648.928	NaN
962	0962-1546	347222.222	995.655	1718	1560	56.821	544.872	NaN
963	0963-1539	96564.760	445.271	2274	1533	120.256	256.410	NaN
964	0964-1542	183883.958	632.150	123	1536	149.534	384.615	NaN
965	0965-1539	50336.949	317.292	1061	1536	135.000	224.359	NaN
966	0966-1557	1132067.719	1917.192	1952	1575	38.211	992.819	NaN
967	0967-1542	114028.600	455.534	22	1537	129.289	352.564	NaN
968	0968-1561	1635437.212	2212.467	396	1542	141.470	1314.476	NaN
969	0969-1543	87319.198	453.274	60	1548	45.000	320.513	NaN
970	0970-1542	63691.650	362.619	1940	1538	135.000	256.410	NaN
971	0971-1547	94510.191	453.274	105	1552	45.000	320.513	NaN
972	0972-1546	65746.220	362.619	808	1542	135.000	256.410	NaN
973	0973-1553	690335.306	1369.231	884	1549	163.686	737.179	NaN
974	0974-1548	57527.942	340.710	1162	1544	131.186	224.359	NaN
975	0975-1599	3491740.631	4019.210	269	1546	122.296	1402.492	NaN
976	0976-1550	64718.935	362.619	575	1554	45.000	256.410	NaN
977	0977-1551	124301.446	577.813	950	1557	33.690	352.564	NaN
978	0978-1638	15227440.828	5970.836	585	1548	104.931	4751.131	NaN
979	0979-1552	63691.650	362.619	1013	1548	135.000	256.410	NaN
980	0980-1558	236275.477	775.879	38	1549	128.290	544.872	NaN
981	0981-1552	50336.949	317.292	61	1549	135.000	224.359	NaN
982	0982-1554	50336.949	317.292	143	1551	135.000	224.359	NaN
983	0983-1613	6651668.310	4415.173	814	1551	115.821	2785.944	NaN
984	0984-1555	140738.001	645.020	2090	1560	26.565	276.079	NaN
985	0985-1583	2084360.618	2353.533	1958	1589	29.358	1872.540	NaN
986	0986-1559	130465.155	567.045	1729	1553	137.291	384.615	NaN
987	0987-1556	50336.949	317.292	2189	1553	135.000	224.359	NaN
988	0988-1566	459196.252	931.695	462	1554	130.815	673.077	NaN
989	0989-1592	1577909.270	2452.918	782	1630	83.246	1057.692	NaN
990	0990-1559	98619.329	455.534	864	1565	50.711	288.462	NaN
991	0991-1615	9085305.720	4506.939	695	1673	56.310	3548.346	NaN
992	0992-1620	6976290.270	4524.229	952	1558	120.198	2585.311	NaN
993	0993-1559	72937.212	385.949	1852	1555	138.366	256.410	NaN
994	0994-1559	50336.949	317.292	131	1556	135.000	224.359	NaN
995	0995-1616	5398380.999	4165.310	1109	1577	129.693	3013.541	NaN
996	0996-1561	79100.920	410.457	1864	1566	51.340	256.410	NaN
997	0997-1560	50336.949	317.292	70	1557	135.000	224.359	NaN
998	0998-1562	126356.016	498.601	86	1568	45.000	352.564	NaN
999	0999-1562	50336.949	317.292	2229	1559	135.000	224.359	NaN
1000	1000-1563	50336.949	317.292	2340	1560	135.000	224.359	NaN
1001	1001-1632	14887409.599	5085.661	2019	1663	38.603	4464.020	NaN
1002	1002-1566	83210.059	407.946	1832	1562	135.000	288.462	NaN
1003	1003-1668	16309171.598	7645.289	1881	1571	129.898	4137.915	NaN
1004	1004-1577	269148.586	780.500	926	1566	109.179	480.769	NaN
1005	1005-1576	236275.477	673.840	17	1586	64.654	512.821	NaN
1006	1006-1572	88346.483	417.898	1304	1569	147.529	256.410	NaN
1007	1007-1573	64718.935	365.441	132	1569	127.875	224.359	NaN
1008	1008-1583	324621.959	1043.514	115	1572	132.510	581.299	NaN
1009	1009-1578	154092.702	567.045	66	1572	137.291	384.615	NaN
1010	1010-1603	2782914.201	2183.255	1711	1573	130.236	1864.150	NaN
1011	1011-1610	3397230.440	3164.648	141	1579	146.149	1637.898	NaN
1012	1012-1592	673898.751	1233.454	896	1574	114.567	897.436	NaN
1013	1013-1578	80128.205	385.949	1083	1574	131.634	288.462	NaN
1014	1014-1586	319485.536	764.542	93	1596	33.024	608.974	NaN
1015	1015-1582	94510.191	453.274	1805	1587	45.000	320.513	NaN
1016	1016-1593	215729.783	820.913	45	1601	38.660	458.681	NaN
1017	1017-1590	77046.351	410.457	1049	1585	128.660	256.410	NaN
1018	1018-1589	63691.650	362.619	1875	1593	45.000	256.410	NaN
1019	1019-1631	2590811.966	2783.115	1785	1588	97.943	1474.359	NaN
1020	1020-1594	98619.329	453.274	1307	1589	135.000	320.513	NaN
1021	1021-1605	815664.037	1606.406	2499	1617	28.610	788.579	NaN
1022	1022-1598	134574.293	681.420	917	1605	41.186	382.245	NaN
1023	1023-1598	82182.774	410.457	2289	1594	141.340	256.410	NaN
1024	1024-1617	664653.189	1477.491	48	1632	49.399	850.564	NaN
1025	1025-1635	3972509.862	2839.751	81	1638	163.610	2200.204	NaN
1026	1026-1603	113001.315	462.250	20	1600	146.310	320.513	NaN
1027	1027-1603	50336.949	317.292	81	1600	135.000	224.359	NaN
1028	1028-1629	1486480.934	2018.213	1827	1600	110.450	1044.144	NaN
1029	1029-1605	50336.949	317.292	2023	1602	135.000	224.359	NaN
1030	1030-1610	73964.497	385.949	1924	1606	138.366	256.410	NaN
1031	1031-1631	1343688.363	2089.488	1947	1608	138.731	1306.552	NaN
1032	1032-1613	50336.949	317.292	2525	1610	135.000	224.359	NaN
1033	1033-1616	50336.949	317.292	1934	1613	135.000	224.359	NaN
1034	1034-1641	1835757.725	2302.567	2268	1614	128.784	1521.621	NaN
1035	1035-1623	71909.928	385.949	928	1627	41.634	256.410	NaN
1036	1036-1666	4387532.873	3365.385	230	1624	126.870	1893.659	NaN
1037	1037-1625	50336.949	317.292	1066	1622	135.000	224.359	NaN
1038	1038-1626	50336.949	317.292	1137	1623	135.000	224.359	NaN
1039	1039-1655	1310815.253	2236.481	2452	1687	64.537	1080.766	NaN
1040	1040-1657	3214373.767	2640.294	353	1627	146.889	1860.331	NaN
1041	1041-1628	64718.935	365.441	1926	1625	142.125	224.359	NaN
1042	1042-1631	92455.621	431.206	952	1626	131.987	288.462	NaN
1043	1043-1630	57527.942	340.710	1120	1627	138.814	224.359	NaN
1044	1044-1640	435568.705	968.988	1414	1653	55.784	673.077	NaN
1045	1045-1661	2072033.202	2337.108	1058	1686	42.221	1663.730	NaN
1046	1046-1648	881410.256	1566.583	895	1641	149.237	1079.513	NaN
1047	1047-1642	548570.020	1054.287	1729	1654	19.537	769.231	NaN
1048	1048-1635	50336.949	317.292	2489	1632	135.000	224.359	NaN
1049	1049-1648	286612.426	1121.337	2429	1663	59.036	423.654	NaN
1050	1050-1638	57527.942	340.710	939	1635	138.814	224.359	NaN
1051	1051-1644	98619.329	476.477	1030	1650	47.726	320.513	NaN
1052	1052-1646	155119.987	612.339	948	1640	137.121	416.667	NaN
1053	1053-1647	141765.286	525.680	1434	1641	127.569	352.564	NaN
1054	1054-1646	64718.935	362.619	2014	1650	45.000	256.410	NaN
1055	1055-1648	71909.928	365.441	779	1644	127.875	256.410	NaN
1056	1056-1647	50336.949	317.292	1452	1644	135.000	224.359	NaN
1057	1057-1650	63691.650	362.619	47	1654	45.000	256.410	NaN
1058	1058-1653	92455.621	453.274	1139	1648	135.000	320.513	NaN
1059	1059-1686	3564677.844	3128.901	179	1655	136.660	1698.856	NaN
1060	1060-1655	175665.680	703.670	1095	1649	149.931	384.615	NaN
1061	1061-1661	229084.484	659.976	950	1658	150.945	480.769	NaN
1062	1062-1691	2889751.808	2443.687	62	1655	106.771	1852.691	NaN
1063	1063-1669	417077.581	1307.834	761	1681	36.027	533.434	NaN
1064	1064-1677	586579.553	1351.105	812	1658	112.306	655.188	NaN
1065	1065-1663	88346.483	431.206	2284	1668	41.987	288.462	NaN
1066	1066-1668	258875.740	796.137	2315	1659	130.101	544.872	NaN
1067	1067-1664	65746.220	362.619	1416	1660	135.000	256.410	NaN
1068	1068-1686	2351454.635	2078.397	1722	1701	17.038	1654.018	NaN
1069	1069-1770	17995973.044	8047.425	1814	1660	118.811	3797.287	NaN
1070	1070-1681	1324169.954	1840.648	98	1662	144.926	1154.317	NaN
1071	1071-1699	2845578.567	2451.452	907	1662	101.310	2106.029	NaN
1072	1072-1667	86291.913	417.898	1026	1662	122.471	256.410	NaN
1073	1073-1691	1406352.728	1819.034	310	1664	104.281	1077.840	NaN
1074	1074-1668	64718.935	362.619	878	1672	45.000	256.410	NaN
1075	1075-1671	69855.358	385.949	1136	1667	131.634	256.410	NaN
1076	1076-1697	1987795.858	2166.724	1426	1667	119.219	1620.564	NaN
1077	1077-1673	170529.257	589.256	2251	1680	45.000	416.667	NaN
1078	1078-1675	134574.293	588.383	2431	1667	119.358	288.462	NaN
1079	1079-1684	348249.507	978.483	976	1672	121.608	553.637	NaN
1080	1080-1676	70882.643	385.949	1194	1681	48.366	256.410	NaN
1081	1081-1676	64718.935	365.441	2303	1672	127.875	224.359	NaN
1082	1082-1677	57527.942	340.710	2473	1673	131.186	224.359	NaN
1083	1083-1685	164365.549	570.657	842	1678	128.157	448.718	NaN
1084	1084-1702	1214250.493	1571.494	1101	1726	78.232	1121.795	NaN
1085	1085-1683	71909.928	385.949	784	1688	48.366	256.410	NaN
1086	1086-1697	898874.096	1453.306	714	1715	48.576	1099.134	NaN
1087	1087-1702	620479.947	1692.356	2460	1723	52.696	775.641	NaN
1088	1088-1688	114028.600	500.657	2194	1694	50.194	320.513	NaN
1089	1089-1687	57527.942	340.710	1145	1683	131.186	224.359	NaN
1090	1090-1708	1439225.838	1953.814	397	1692	138.991	1155.848	NaN
1091	1091-1697	234220.907	863.007	1796	1684	105.068	346.309	NaN
1092	1092-1689	115055.884	559.752	1520	1686	156.371	224.359	NaN
1093	1093-1787	18262039.776	9275.676	1480	1687	137.100	3526.526	NaN
1094	1094-1737	7406722.551	3511.627	983	1715	158.587	3110.428	NaN
1095	1095-1692	50336.949	317.292	2453	1689	135.000	224.359	NaN
1096	1096-1722	2561020.710	2444.738	655	1709	145.685	1771.351	NaN
1097	1097-1694	50336.949	317.292	2251	1691	135.000	224.359	NaN
1098	1098-1698	165392.834	631.337	769	1695	156.038	320.513	NaN
1099	1099-1699	79100.920	410.457	1535	1703	38.660	256.410	NaN
1100	1100-1800	24905489.809	8121.886	2065	1695	127.141	5097.993	NaN
1101	1101-1730	3091099.606	3045.378	160	1702	139.268	1473.139	NaN
1102	1102-1704	127383.300	660.754	2439	1696	129.094	371.795	NaN
1103	1103-1703	127383.300	506.775	957	1710	55.305	320.513	NaN
1104	1104-1733	3864644.970	3369.198	337	1711	152.216	1620.464	NaN
1105	1105-1715	584524.984	1337.349	1130	1700	134.029	762.209	NaN
1106	1106-1706	147928.994	544.872	1684	1702	151.928	352.564	NaN
1107	1107-1707	81155.490	410.457	751	1712	51.340	256.410	NaN
1108	1108-1706	64718.935	365.441	1554	1703	142.125	224.359	NaN
1109	1109-1721	922501.644	1523.701	809	1713	165.379	1114.111	NaN
1110	1110-1710	92455.621	462.250	1475	1716	56.310	256.410	NaN
1111	1111-1708	63691.650	362.619	2251	1704	135.000	256.410	NaN
1112	1112-1726	1215277.778	1578.343	1763	1748	60.832	1303.438	NaN
1113	1113-1722	600961.538	1263.081	1653	1738	54.293	833.333	NaN
1114	1114-1720	388313.609	1005.920	1704	1706	120.651	576.082	NaN
1115	1115-1709	50336.949	317.292	1869	1706	135.000	224.359	NaN
1116	1116-1710	57527.942	340.710	2122	1706	131.186	224.359	NaN
1117	1117-1744	3486604.208	2680.453	106	1712	131.121	2031.286	NaN
1118	1118-1719	101701.183	462.250	937	1713	123.690	288.462	NaN
1119	1119-1725	287639.711	1043.514	947	1737	47.490	529.253	NaN
1120	1120-1716	50336.949	317.292	2267	1713	135.000	224.359	NaN
1121	1121-1719	129437.870	551.431	1175	1714	144.462	320.513	NaN
1122	1122-1719	105810.322	476.477	2153	1724	42.274	320.513	NaN
1123	1123-1723	207511.506	817.151	2172	1715	138.180	444.938	NaN
1124	1124-1725	347222.222	881.847	1679	1733	19.093	574.343	NaN
1125	1125-1752	3142463.840	2667.968	253	1733	141.340	1905.215	NaN
1126	1126-1724	100673.899	476.477	325	1719	137.726	320.513	NaN
1127	1127-1745	1183431.953	1859.251	40	1721	125.882	970.638	NaN
1128	1128-1729	143819.855	577.813	2476	1722	123.690	349.021	NaN
1129	1129-1727	57527.942	340.710	15	1724	138.814	224.359	NaN
1130	1130-1727	57527.942	340.710	650	1724	138.814	224.359	NaN
1131	1131-1729	63691.650	362.619	240	1733	45.000	256.410	NaN
1132	1132-1734	153065.417	588.383	631	1730	150.642	320.513	NaN
1133	1133-1734	87319.198	431.206	1113	1739	41.987	288.462	NaN
1134	1134-1766	2286735.700	2382.167	324	1731	113.806	1419.142	NaN
1135	1135-1735	50336.949	317.292	936	1732	135.000	224.359	NaN
1136	1136-1738	147928.994	631.337	652	1735	156.038	288.462	NaN
1137	1137-1738	83210.059	431.206	1150	1734	138.013	288.462	NaN
1138	1138-1739	91428.337	431.206	2319	1744	41.987	288.462	NaN
1139	1139-1747	146901.709	666.944	2302	1756	54.782	387.012	NaN
1140	1140-1764	1925131.492	2702.210	1675	1742	157.694	1442.308	NaN
1141	1141-1748	149983.563	616.519	1096	1744	152.103	317.292	NaN
1142	1142-1779	2491165.352	2829.967	787	1784	13.092	2005.081	NaN
1143	1143-1753	296885.273	761.850	1650	1750	157.751	544.872	NaN
1144	1144-1751	154092.702	596.188	1128	1746	143.746	352.003	NaN
1145	1145-1751	57527.942	340.710	2292	1747	131.186	224.359	NaN
1146	1146-1758	477687.377	1040.063	1779	1768	33.690	632.590	NaN
1147	1147-1751	50336.949	317.292	2190	1748	135.000	224.359	NaN
1148	1148-1755	100673.899	480.769	1750	1761	53.130	288.462	NaN
1149	1149-1753	71909.928	385.949	2041	1749	138.366	256.410	NaN
1150	1150-1754	64718.935	365.441	888	1750	127.875	224.359	NaN
1151	1151-1775	2026832.676	1987.438	1136	1761	142.206	1536.710	NaN
1152	1152-1758	50336.949	317.292	2435	1755	135.000	224.359	NaN
1153	1153-1764	145874.425	602.189	1197	1756	115.201	288.462	NaN
1154	1154-1761	73964.497	385.949	2490	1757	138.366	256.410	NaN
1155	1155-1764	153065.417	525.680	2307	1758	127.569	416.667	NaN
1156	1156-1804	5332634.780	3286.937	435	1761	133.815	2336.719	NaN
1157	1157-1765	106837.607	435.945	1230	1760	126.027	320.513	NaN
1158	1158-1764	50336.949	317.292	2169	1761	135.000	224.359	NaN
1159	1159-1764	50336.949	317.292	2468	1761	135.000	224.359	NaN
1160	1160-1767	132519.724	622.323	2273	1762	145.491	330.116	NaN
1161	1161-1770	172583.826	660.754	2550	1776	39.094	414.486	NaN
1162	1162-1795	2740795.529	2951.852	173	1765	138.521	1562.381	NaN
1163	1163-1769	50336.949	317.292	1668	1766	135.000	224.359	NaN
1164	1164-1773	208538.790	660.754	931	1767	140.906	416.667	NaN
1165	1165-1772	82182.774	431.206	2431	1777	48.013	288.462	NaN
1166	1166-1835	8313814.924	4583.333	860	1900	67.380	2887.524	NaN
1167	1167-1795	1298487.837	2077.408	953	1771	128.108	1169.509	NaN
1168	1168-1773	50336.949	317.292	1207	1770	135.000	224.359	NaN
1169	1169-1775	64718.935	362.619	2221	1779	45.000	256.410	NaN
1170	1170-1809	3998191.979	2975.940	248	1773	138.930	2044.501	NaN
1171	1171-1827	9481837.607	4859.232	1725	1789	153.773	2751.376	NaN
1172	1172-1789	526997.041	1173.707	854	1774	124.992	695.708	NaN
1173	1173-1796	1375534.188	1591.307	374	1801	18.800	1185.897	NaN
1174	1174-1805	1620027.942	1814.227	1982	1782	122.005	1442.308	NaN
1175	1175-1822	9143860.947	5229.960	75	1796	161.787	2782.137	NaN
1176	1176-1788	50336.949	317.292	2467	1785	135.000	224.359	NaN
1177	1177-1792	57527.942	340.710	2256	1788	131.186	224.359	NaN
1178	1178-1794	50336.949	317.292	2378	1791	135.000	224.359	NaN
1179	1179-1801	105810.322	455.534	1259	1807	50.711	320.513	NaN
1180	1180-1801	64718.935	362.619	1281	1797	135.000	256.410	NaN
1181	1181-1801	88346.483	410.457	2314	1798	141.340	288.462	NaN
1182	1182-1803	64718.935	365.441	2328	1800	142.125	224.359	NaN
1183	1183-1807	57527.942	340.710	2365	1803	131.186	224.359	NaN
1184	1184-1814	313321.828	907.680	845	1804	132.138	573.351	NaN
1185	1185-1818	222920.776	770.565	1153	1826	45.000	491.869	NaN
1186	1186-1876	11852810.651	5872.386	329	1819	142.317	2734.641	NaN
1187	1187-1815	93482.906	473.232	2309	1812	151.699	224.359	NaN
1188	1188-1816	70882.643	385.949	2371	1812	131.634	256.410	NaN
1189	1189-1825	708826.430	1418.971	1334	1828	18.435	690.760	NaN
1190	1190-1843	742726.824	1565.271	1713	1819	100.620	769.231	NaN
1191	1191-1824	89373.767	431.206	2334	1829	48.013	288.462	NaN
1192	1192-1826	86291.913	417.898	2363	1821	122.471	256.410	NaN
1193	1193-1828	50336.949	317.292	2313	1825	135.000	224.359	NaN
1194	1194-1857	1033448.389	2062.519	967	1832	122.949	956.345	NaN
1195	1195-1834	50336.949	317.292	1969	1831	135.000	224.359	NaN
1196	1196-1840	167447.403	636.200	1319	1848	49.086	416.667	NaN
1197	1197-1883	9251725.838	5088.892	476	1863	157.797	3150.812	NaN
1198	1198-1843	80128.205	410.457	1379	1839	141.340	256.410	NaN
1199	1199-1900	11203566.732	4564.917	1939	1897	4.430	3495.933	NaN
1200	1200-1850	146901.709	659.976	2492	1841	119.055	306.111	NaN
1201	1201-1849	57527.942	340.710	2396	1845	131.186	224.359	NaN
1202	1202-1848	64718.935	365.441	2447	1845	142.125	224.359	NaN
1203	1203-1932	13039324.458	5913.179	1388	1858	125.068	3210.311	NaN
1204	1204-1852	50336.949	317.292	2296	1849	135.000	224.359	NaN
1205	1205-1857	109919.461	480.769	994	1851	126.870	320.513	NaN
1206	1206-1925	10214291.584	5045.202	218	1864	126.215	2693.709	NaN
1207	1207-1919	11993548.652	5701.346	1555	1872	141.390	3201.500	NaN
1208	1208-1883	1227605.194	1769.800	284	1861	125.417	1065.843	NaN
1209	1209-1866	57527.942	340.710	2453	1862	131.186	224.359	NaN
1210	1210-1868	108892.176	498.601	565	1863	135.000	352.564	NaN
1211	1211-1960	22218113.083	7069.034	1862	1866	120.518	4983.079	NaN
1212	1212-1869	98619.329	453.274	2293	1864	135.000	320.513	NaN
1213	1213-1871	98619.329	498.601	1165	1877	45.000	339.744	NaN
1214	1214-1872	97592.045	462.250	1150	1868	146.310	256.410	NaN
1215	1215-1902	3120890.861	2743.710	1762	1868	142.595	1956.906	NaN
1216	1216-1872	71909.928	385.949	2585	1868	138.366	256.410	NaN
1217	1217-1873	50336.949	317.292	1314	1870	135.000	224.359	NaN
1218	1218-1895	1886094.675	2288.471	145	1872	142.970	1526.906	NaN
1219	1219-1876	117110.454	498.601	2263	1871	135.000	352.564	NaN
1220	1220-1938	7935774.162	4450.052	73	1876	128.273	2883.016	NaN
1221	1221-1890	439677.844	1453.306	113	1875	138.576	535.596	NaN
1222	1222-1882	179774.819	636.200	2247	1890	49.086	416.667	NaN
1223	1223-1917	3485576.923	3090.581	1705	1878	130.795	1698.496	NaN
1224	1224-1889	219838.922	801.282	2102	1899	53.130	430.013	NaN
1225	1225-1888	95537.475	462.250	1307	1894	56.310	256.410	NaN
1226	1226-1886	64718.935	362.619	2420	1882	135.000	256.410	NaN
1227	1227-1896	372904.339	962.073	950	1893	150.018	702.962	NaN
1228	1228-1899	465359.961	1334.273	2265	1907	24.102	659.353	NaN
1229	1229-1890	63691.650	362.619	2486	1886	135.000	256.410	NaN
1230	1230-1894	94510.191	445.271	2122	1888	120.256	256.410	NaN
1231	1231-1948	5968523.997	4282.056	2027	1983	36.784	2142.234	NaN
1232	1232-1932	3297583.826	2993.837	980	1901	127.606	2035.317	NaN
1233	1233-1893	50336.949	317.292	1685	1890	135.000	224.359	NaN
1234	1234-1966	10903599.606	4891.366	333	1892	102.488	3380.592	NaN
1235	1235-1904	213675.214	693.375	1305	1913	56.310	448.718	NaN
1236	1236-1898	57527.942	340.710	2462	1895	138.814	224.359	NaN
1237	1237-1901	78073.636	385.949	2253	1897	131.634	288.462	NaN
1238	1238-1902	71909.928	385.949	2226	1898	138.366	256.410	NaN
1239	1239-1968	7316321.499	4871.162	875	1916	129.661	2527.379	NaN
1240	1240-1906	50336.949	317.292	2213	1903	135.000	224.359	NaN
1241	1241-1911	50336.949	317.292	2459	1908	135.000	224.359	NaN
1242	1242-1926	698553.583	1360.576	2138	1921	164.982	993.590	NaN
1243	1243-1917	118137.738	489.242	2282	1924	58.392	320.513	NaN
1244	1244-1921	156147.272	641.026	958	1913	126.870	384.615	NaN
1245	1245-1916	50336.949	317.292	1536	1913	135.000	224.359	NaN
1246	1246-1918	50336.949	317.292	2413	1915	135.000	224.359	NaN
1247	1247-1925	189020.381	775.217	2442	1936	60.255	350.901	NaN
1248	1248-1920	50336.949	317.292	2233	1917	135.000	224.359	NaN
1249	1249-1928	370849.770	924.500	2249	1923	146.310	673.077	NaN
1250	1250-1924	50336.949	317.292	2294	1921	135.000	224.359	NaN
1251	1251-1931	155119.987	588.383	2124	1939	60.642	320.513	NaN
1252	1252-1943	718071.992	1328.099	984	1963	70.253	925.748	NaN
1253	1253-1927	64718.935	365.441	1535	1924	142.125	224.359	NaN
1254	1254-1928	64718.935	365.441	1819	1924	127.875	224.359	NaN
1255	1255-1930	57527.942	340.710	858	1926	131.186	224.359	NaN
1256	1256-1934	111974.030	525.680	2279	1939	37.569	320.513	NaN
1257	1257-1994	5899695.924	4095.171	168	1936	112.551	2064.699	NaN
1258	1258-1943	281476.003	874.830	2154	1948	28.443	512.821	NaN
1259	1259-1965	2493219.921	2090.225	568	1941	125.640	1691.385	NaN
1260	1260-1941	103755.753	455.534	2390	1946	39.289	320.513	NaN
1261	1261-1941	57527.942	340.710	2440	1937	131.186	224.359	NaN
1262	1262-1943	80128.205	410.457	2214	1938	128.660	256.410	NaN
1263	1263-1948	273257.725	775.879	37	1939	128.290	544.872	NaN
1264	1264-1952	836209.730	1435.168	488	1959	23.703	752.428	NaN
1265	1265-1956	778681.788	1314.103	1783	1950	167.320	930.197	NaN
1266	1266-2004	8213141.026	4529.675	2120	1941	116.021	3106.957	NaN
1267	1267-2006	10057117.028	4975.697	2175	1964	165.069	3793.527	NaN
1268	1268-1948	103755.753	453.274	2261	1953	45.000	320.513	NaN
1269	1269-1946	50336.949	317.292	2410	1943	135.000	224.359	NaN
1270	1270-1949	109919.461	551.431	2280	1944	144.462	308.181	NaN
1271	1271-1953	186965.812	604.742	2370	1950	147.995	416.667	NaN
1272	1272-1978	1261505.588	1946.967	540	1950	110.225	845.916	NaN
1273	1273-1957	50336.949	317.292	2247	1954	135.000	224.359	NaN
1274	1274-1959	115055.884	489.242	2397	1956	148.392	288.462	NaN
1275	1275-1960	71909.928	385.949	1835	1956	131.634	256.410	NaN
1276	1276-1960	69855.358	385.949	2485	1965	48.366	256.410	NaN
1277	1277-2021	10425912.229	4400.841	440	1959	117.312	3395.485	NaN
1278	1278-1974	491042.078	1301.535	1589	1962	142.001	626.629	NaN
1279	1279-1967	57527.942	340.710	998	1963	131.186	224.359	NaN
1280	1280-1969	178747.535	747.558	2318	1975	30.964	340.765	NaN
1281	1281-2019	9661612.426	4804.914	1699	1985	162.532	2811.637	NaN
1282	1282-1973	298939.842	875.417	2408	1965	156.251	496.934	NaN
1283	1283-2034	14117973.373	6107.010	1507	1994	149.397	3777.949	NaN
1284	1284-1995	2115179.158	2379.794	1625	1980	154.470	1427.812	NaN
1285	1285-1973	81155.490	410.457	2340	1969	141.340	256.410	NaN
1286	1286-1979	223948.060	648.989	1821	1988	57.095	544.872	NaN
1287	1287-1994	919419.790	1772.989	496	1975	139.399	865.963	NaN
1288	1288-2030	5238124.589	4100.811	989	1977	121.578	1985.191	NaN
1289	1289-1980	82182.774	410.457	2266	1976	141.340	256.410	NaN
1290	1290-1983	79100.920	407.946	2451	1979	135.000	288.462	NaN
1291	1291-1989	50336.949	317.292	2385	1986	135.000	224.359	NaN
1292	1292-1996	180802.104	702.939	2394	2004	46.848	423.077	NaN
1293	1293-1995	57527.942	340.710	2022	1992	138.814	224.359	NaN
1294	1294-2005	159229.126	632.150	1243	1999	149.534	414.861	NaN
1295	1295-2026	1866576.266	2637.764	100	2009	152.501	1338.026	NaN
1296	1296-2006	97592.045	462.250	2447	2010	33.690	256.410	NaN
1297	1297-2006	50336.949	317.292	2416	2003	135.000	224.359	NaN
1298	1298-2006	50336.949	317.292	2465	2003	135.000	224.359	NaN
1299	1299-2101	24918844.510	7712.713	881	2004	125.870	5600.339	NaN
1300	1300-2100	14442595.332	6358.525	578	2007	110.353	3333.472	NaN
1301	1301-2072	10249219.264	4161.486	265	2136	77.998	3595.152	NaN
1302	1302-2066	12391107.824	5676.788	1982	2122	19.458	3559.154	NaN
1303	1303-2014	79100.920	410.457	2382	2019	51.340	256.410	NaN
1304	1304-2105	34396572.978	8729.312	2272	2197	26.377	5961.538	NaN
1305	1305-2023	122246.877	545.814	1256	2017	130.236	352.564	NaN
1306	1306-2063	5527818.869	4214.348	1660	2028	152.850	2624.516	NaN
1307	1307-2093	6678377.712	4953.453	74	2027	119.883	1982.801	NaN
1308	1308-2048	417077.581	1032.131	2491	2035	126.158	597.949	NaN
1309	1309-2094	10363247.863	5138.711	1785	2093	161.452	3557.692	NaN
1310	1310-2055	497205.786	1179.383	755	2043	132.797	688.715	NaN
1311	1311-2048	105810.322	435.945	1259	2051	36.027	320.513	NaN
1312	1312-2049	70882.643	385.949	32	2054	48.366	256.410	NaN
1313	1313-2122	17716551.611	6212.494	1272	2058	142.125	4935.897	NaN
1314	1314-2082	3020216.963	2455.429	358	2055	125.972	1941.295	NaN
1315	1315-2091	2636012.492	2565.905	533	2053	110.472	1465.971	NaN
1316	1316-2058	50336.949	317.292	1905	2055	135.000	224.359	NaN
1317	1317-2064	81155.490	410.457	339	2069	51.340	256.410	NaN
1318	1318-2097	2583620.973	2571.504	1926	2061	112.730	1677.051	NaN
1319	1319-2064	50336.949	317.292	29	2061	135.000	224.359	NaN
1320	1320-2130	9376027.285	4947.123	161	2066	121.218	2813.885	NaN
1321	1321-2130	6607495.069	4387.281	2168	2073	117.876	3071.181	NaN
1322	1322-2133	12208251.151	4880.433	687	2198	51.399	3927.955	NaN
1323	1323-2130	5709648.258	4060.785	1190	2192	78.158	2191.201	NaN
1324	1324-2074	50336.949	317.292	2154	2071	135.000	224.359	NaN
1325	1325-2075	50336.949	317.292	757	2072	135.000	224.359	NaN
1326	1326-2079	107864.892	501.682	1070	2075	153.435	256.410	NaN
1327	1327-2136	20514875.082	8167.545	1420	2101	170.057	3942.308	NaN
1328	1328-2116	3397230.440	2716.618	2526	2155	70.710	1725.264	NaN
1329	1329-2082	125328.731	588.383	7	2077	150.642	319.833	NaN
1330	1330-2092	617398.093	1203.098	29	2078	138.240	810.993	NaN
1331	1331-2131	4468688.363	3501.227	798	2078	101.619	1822.160	NaN
1332	1332-2111	1848085.141	2161.740	1243	2144	74.521	1343.296	NaN
1333	1333-2085	63691.650	362.619	1116	2089	45.000	256.410	NaN
1334	1334-2089	300994.412	898.008	1390	2097	34.824	489.535	NaN
1335	1335-2107	986193.294	1742.894	1089	2084	122.229	951.875	NaN
1336	1336-2097	364686.062	907.114	1064	2101	32.005	705.128	NaN
1337	1337-2110	1554281.723	1673.126	421	2088	126.431	1367.759	NaN
1338	1338-2099	161283.695	659.976	1027	2090	119.055	320.513	NaN
1339	1339-2127	3018162.393	2252.045	472	2159	65.624	1871.732	NaN
1340	1340-2100	57527.942	340.710	2117	2097	138.814	224.359	NaN
1341	1341-2108	50336.949	317.292	55	2105	135.000	224.359	NaN
1342	1342-2151	9320553.912	4321.340	2044	2130	150.202	2980.769	NaN
1343	1343-2152	9662639.711	4687.164	1679	2109	153.610	2916.667	NaN
1344	1344-2110	57527.942	340.710	2084	2107	138.814	224.359	NaN
1345	1345-2154	7019436.226	3740.125	330	2114	133.958	2847.556	NaN
1346	1346-2155	6527366.864	3898.416	1030	2112	135.666	2804.490	NaN
1347	1347-2125	50336.949	317.292	1175	2122	135.000	224.359	NaN
1348	1348-2159	1649819.198	2402.350	2249	2196	76.891	897.436	NaN
1349	1349-2165	1829594.017	2463.157	2172	2132	122.242	1307.050	NaN
1350	1350-2166	3091099.606	3154.081	1971	2137	142.431	1598.125	NaN
1351	1351-2160	1298487.837	1994.919	62	2141	133.698	1074.577	NaN
1352	1352-2168	2228180.473	2284.652	421	2139	124.136	1401.671	NaN
1353	1353-2170	5664447.732	4684.863	477	2191	177.255	1858.974	NaN
1354	1354-2145	72937.212	385.949	1818	2141	138.366	256.410	NaN
1355	1355-2171	2289817.554	2162.690	254	2198	50.412	1666.667	NaN
1356	1356-2173	1239932.610	1920.137	1925	2198	56.575	1038.599	NaN
1357	1357-2153	64718.935	365.441	1828	2149	127.875	224.359	NaN
1358	1358-2173	4661817.883	4378.961	1799	2198	19.231	1570.513	NaN
1359	1359-2165	393450.033	987.367	1669	2154	125.754	599.574	NaN
1360	1360-2160	94510.191	455.534	1814	2166	50.711	288.462	NaN
1361	1361-2176	800254.767	1376.340	2381	2195	62.241	922.331	NaN
1362	1362-2162	151010.848	616.519	2532	2158	152.103	288.462	NaN
1363	1363-2181	914283.366	1341.950	1640	2170	139.844	1015.779	NaN
1364	1364-2184	742726.824	1371.855	1963	2171	142.595	865.385	NaN
1365	1365-2178	164365.549	688.170	832	2184	27.759	330.890	NaN
1366	1366-2187	849564.431	1492.709	116	2186	165.069	769.231	NaN
1367	1367-2187	267094.017	891.118	1230	2198	52.306	516.016	NaN
1368	1368-2189	202375.082	632.150	43	2198	59.534	416.667	NaN
1369	1369-2190	194156.805	660.754	61	2182	129.094	416.667	NaN
1370	1370-2190	416050.296	1065.434	832	2189	164.291	512.821	NaN
1371	1371-2192	331812.952	925.056	650	2191	165.964	448.718	NaN
1372	1372-2192	125328.731	489.242	1163	2197	31.608	320.513	NaN
1373	1373-2192	161283.695	589.256	1684	2191	157.620	352.564	NaN
