 	Label	Area	Feret	FeretX	FeretY	FeretAngle	MinFeret	Perinuclei
1	0001-0094	2.097E15	76731867.053	261	89	13.282	48009676.598	NaN
2	0002-0027	2.066E14	25800784.356	812	49	26.565	11999729.548	NaN
3	0003-0010	1.972E13	7202629.825	398	6	147.724	5103550.296	NaN
4	0004-0013	2.537E13	8630071.806	746	16	21.801	4482135.822	NaN
5	0005-0018	2.856E13	7308816.828	710	27	52.125	5769230.769	NaN
6	0006-0035	1.349E14	16446399.501	1010	57	56.929	11538461.538	NaN
7	0007-0048	2.283E14	25659048.153	686	13	115.925	13628481.670	NaN
8	0008-0031	5.434E13	13338879.517	646	48	54.782	6768974.434	NaN
9	0009-0045	2.184E14	20372113.567	1068	15	114.146	16014098.407	NaN
10	0010-0020	6.472E12	3654408.414	383	16	127.875	2243589.744	NaN
11	0011-0026	1.592E13	6933752.453	499	35	56.310	3653581.531	NaN
12	0012-0032	5.383E13	11897891.791	5	43	27.255	8333333.333	NaN
13	0013-0023	7.191E12	3859485.442	1514	27	41.634	2564102.564	NaN
14	0014-0027	2.147E13	6738396.167	49	33	25.346	4487179.487	NaN
15	0015-0025	8.732E12	4104566.819	1940	20	128.660	2884615.385	NaN
16	0016-0063	3.063E14	28097478.133	597	104	69.291	16720157.675	NaN
17	0017-0036	4.089E13	9899644.366	920	39	29.055	8333333.333	NaN
18	0018-0028	5.753E12	3407098.017	739	24	131.186	2243589.744	NaN
19	0019-0059	2.451E14	22504473.951	204	93	72.597	19293590.829	NaN
20	0020-0030	1.202E13	5334396.467	1806	26	147.265	2884615.385	NaN
21	0021-0044	7.972E13	15835409.394	861	58	35.942	7794776.573	NaN
22	0022-0108	1.445E15	50296009.059	103	32	104.390	43329218.648	NaN
23	0023-0046	4.520E13	10581778.217	499	41	144.866	7733800.813	NaN
24	0024-0048	7.797E13	16169228.533	743	65	39.369	8202188.262	NaN
25	0025-0042	2.414E13	7378759.252	1935	52	55.620	5091476.585	NaN
26	0026-0084	3.985E14	35705185.748	1846	34	114.955	25009629.520	NaN
27	0027-0070	1.399E14	23134721.067	2039	35	100.376	13956399.168	NaN
28	0028-0044	1.017E13	4892415.873	148	48	31.608	2564102.564	NaN
29	0029-0146	2.763E15	86195903.196	1168	53	141.340	65706910.533	NaN
30	0030-0076	2.976E14	28018760.738	921	101	35.690	19019359.320	NaN
31	0031-0055	1.109E13	4732315.083	1492	49	118.301	2884615.385	NaN
32	0032-0118	1.742E15	65281624.518	727	160	24.048	43081690.648	NaN
33	0033-0056	6.369E12	3626188.621	1836	60	45.000	2564102.564	NaN
34	0034-0059	5.753E12	3407098.017	1933	56	138.814	2243589.744	NaN
35	0035-0063	5.034E12	3172915.044	730	60	135.000	2243589.744	NaN
36	0036-0071	2.691E13	8271466.603	2166	61	125.538	6215869.004	NaN
37	0037-0092	2.647E14	23247676.674	469	87	164.814	16393243.015	NaN
38	0038-0071	3.205E13	8888092.708	1023	81	25.641	5891142.805	NaN
39	0039-0109	3.444E14	30556489.436	1127	64	105.202	15344323.554	NaN
40	0040-0068	5.034E12	3172915.044	2321	65	135.000	2243589.744	NaN
41	0041-0149	1.247E15	59915326.238	1673	66	116.702	33871896.554	NaN
42	0042-0071	5.034E12	3172915.044	1939	68	135.000	2243589.744	NaN
43	0043-0073	6.472E12	3626188.621	1011	69	135.000	2564102.564	NaN
44	0044-0078	2.414E13	6881702.101	1105	69	117.759	5128205.128	NaN
45	0045-0093	8.732E13	18020118.970	731	115	51.499	8748871.627	NaN
46	0046-0075	5.753E12	3407098.017	915	71	131.186	2243589.744	NaN
47	0047-0124	8.122E14	49055217.516	2195	72	141.633	28565311.633	NaN
48	0048-0090	6.482E13	11359003.299	562	107	73.610	8333333.333	NaN
49	0049-0103	9.030E13	16430776.433	659	79	110.556	9121954.789	NaN
50	0050-0109	3.176E14	25602936.453	980	126	34.287	19488384.177	NaN
51	0051-0084	6.986E12	3859485.442	2136	89	48.366	2564102.564	NaN
52	0052-0087	1.716E13	5606684.514	2297	90	30.964	4166666.667	NaN
53	0053-0098	2.835E13	9769070.932	1849	87	131.009	4248868.226	NaN
54	0054-0114	1.436E14	18392521.456	1075	141	67.457	14791531.911	NaN
55	0055-0100	2.291E13	6410256.410	1068	92	126.870	5128205.128	NaN
56	0056-0139	2.440E14	29252831.305	210	177	57.529	18609686.035	NaN
57	0057-0111	2.239E13	8032028.260	710	122	61.390	4141182.228	NaN
58	0058-0140	2.625E14	24176951.494	449	177	75.411	17206122.942	NaN
59	0059-0117	1.253E13	5892556.510	947	124	45.000	3626188.621	NaN
60	0060-0117	7.910E12	4079462.199	1935	113	135.000	2884615.385	NaN
61	0061-0123	3.205E13	8467849.240	2067	115	150.524	6593533.780	NaN
62	0062-0117	5.034E12	3172915.044	543	114	135.000	2243589.744	NaN
63	0063-0151	4.140E14	29426149.217	565	122	147.002	22754157.247	NaN
64	0064-0194	6.747E14	48635642.350	2171	119	95.673	22865728.615	NaN
65	0065-0127	1.007E13	4764765.624	539	133	47.726	3205128.205	NaN
66	0066-0129	1.161E13	5256801.111	1629	124	142.431	3205128.205	NaN
67	0067-0141	6.657E13	13904494.848	2067	135	154.026	8012820.513	NaN
68	0068-0136	1.161E13	5006570.305	269	130	129.806	3205128.205	NaN
69	0069-0135	8.013E12	3859485.442	528	131	138.366	2884615.385	NaN
70	0070-0167	2.160E14	27211519.586	657	141	133.091	19495833.929	NaN
71	0071-0137	6.472E12	3626188.621	665	133	135.000	2564102.564	NaN
72	0072-0256	2.861E15	96415242.983	838	187	149.428	47338813.713	NaN
73	0073-0137	6.472E12	3654408.414	518	134	142.125	2243589.744	NaN
74	0074-0143	3.503E13	8630071.806	1623	151	31.329	5128205.128	NaN
75	0075-0145	1.798E13	6223233.282	2012	137	124.509	4730143.799	NaN
76	0076-0165	2.396E14	21956882.767	2339	150	146.310	17457635.806	NaN
77	0077-0187	8.345E14	46119333.606	193	220	6.384	30930279.530	NaN
78	0078-0146	9.862E12	4555343.078	256	152	50.711	2884615.385	NaN
79	0079-0146	9.143E12	4312058.989	2214	141	131.987	2884615.385	NaN
80	0080-0150	1.664E13	6489889.978	2052	159	57.095	3525641.026	NaN
81	0081-0155	1.757E13	7378759.252	2126	146	124.380	4487179.487	NaN
82	0082-0161	2.815E13	10513602.222	178	174	52.431	5141674.365	NaN
83	0083-0152	5.753E12	3407098.017	535	148	131.186	2243589.744	NaN
84	0084-0155	6.369E12	3626188.621	514	151	135.000	2564102.564	NaN
85	0085-0215	1.650E15	58528484.499	1057	151	142.565	38781299.569	NaN
86	0086-0162	1.418E13	5883833.253	499	154	119.358	3205128.205	NaN
87	0087-0184	1.742E14	20833333.333	1012	214	67.380	12721511.240	NaN
88	0088-0160	5.034E12	3172915.044	2144	157	135.000	2243589.744	NaN
89	0089-0162	6.472E12	3626188.621	1863	158	135.000	2564102.564	NaN
90	0090-0225	5.092E14	48427143.200	2411	160	120.639	20720099.294	NaN
91	0091-0175	6.195E13	12030977.166	559	163	138.240	8444954.910	NaN
92	0092-0167	1.027E13	4555343.078	165	173	50.711	3205128.205	NaN
93	0093-0194	3.554E14	34360708.433	346	214	17.928	16135611.961	NaN
94	0094-0193	1.614E14	21221724.817	1787	223	64.983	11499510.756	NaN
95	0095-0170	9.862E12	4555343.078	534	175	39.289	2884615.385	NaN
96	0096-0171	5.034E12	3172915.044	1822	168	135.000	2243589.744	NaN
97	0097-0173	7.910E12	4104566.819	2315	177	38.660	2564102.564	NaN
98	0098-0188	5.938E13	12699751.767	1844	205	47.045	8991268.401	NaN
99	0099-0180	7.807E12	4079462.199	175	185	45.000	2884615.385	NaN
100	0100-0179	5.034E12	3172915.044	2220	176	135.000	2243589.744	NaN
101	0101-0188	4.726E13	11556254.088	524	184	160.560	6730769.231	NaN
102	0102-0190	2.342E13	7322858.756	195	180	113.199	4487179.487	NaN
103	0103-0183	5.034E12	3172915.044	2263	180	135.000	2243589.744	NaN
104	0104-0197	3.246E13	11613891.623	1874	181	117.979	5006184.294	NaN
105	0105-0209	1.677E14	22981015.090	633	182	140.092	12691660.175	NaN
106	0106-0187	1.294E13	5217570.704	672	193	42.510	3525641.026	NaN
107	0107-0186	5.034E12	3172915.044	2106	183	135.000	2243589.744	NaN
108	0108-0187	5.034E12	3172915.044	594	184	135.000	2243589.744	NaN
109	0109-0188	7.191E12	3859485.442	2329	184	138.366	2564102.564	NaN
110	0110-0189	7.910E12	4079462.199	2220	194	45.000	2884615.385	NaN
111	0111-0271	1.556E15	55076936.506	122	354	73.780	44418948.189	NaN
112	0112-0193	8.526E12	4104566.819	735	198	51.340	2884615.385	NaN
113	0113-0197	4.561E13	12828523.139	2278	197	12.995	5942552.622	NaN
114	0114-0223	2.178E14	23221148.316	85	257	69.814	14743589.744	NaN
115	0115-0215	2.385E14	25959559.912	747	194	159.775	16068967.935	NaN
116	0116-0203	2.846E13	10201173.374	2225	214	43.727	4759372.566	NaN
117	0117-0198	8.732E12	4104566.819	2259	203	51.340	2884615.385	NaN
118	0118-0215	7.715E13	17071633.315	549	231	39.668	9329775.515	NaN
119	0119-0284	1.842E15	73996130.645	356	364	41.840	46596471.562	NaN
120	0120-0240	3.656E14	24687810.784	702	214	150.440	20557843.219	NaN
121	0121-0225	1.291E14	19656087.316	1820	214	155.943	11647363.511	NaN
122	0122-0216	1.674E13	6410256.410	598	224	53.130	3716843.337	NaN
123	0123-0319	2.402E15	71373678.659	1859	428	77.025	54772511.159	NaN
124	0124-0222	8.239E13	17879904.719	2250	219	165.466	7177715.123	NaN
125	0125-0217	7.191E12	3912357.569	2019	212	124.992	2243589.744	NaN
126	0126-0229	4.058E13	10654339.832	53	213	105.709	5128205.128	NaN
127	0127-0248	1.684E14	23937823.525	2363	282	63.778	14142511.755	NaN
128	0128-0258	3.559E14	26509723.695	1284	217	104.708	18269230.769	NaN
129	0129-0220	5.034E12	3172915.044	1961	217	135.000	2243589.744	NaN
130	0130-0234	5.630E13	13373491.055	558	249	45.971	7746969.929	NaN
131	0131-0225	9.862E12	4359445.676	833	220	126.027	2884615.385	NaN
132	0132-0281	3.216E14	46048000.069	1985	222	123.358	13499729.886	NaN
133	0133-0228	1.356E13	5448717.949	2032	232	28.072	3205128.205	NaN
134	0134-0228	5.034E12	3172915.044	1371	225	135.000	2243589.744	NaN
135	0135-0232	8.013E12	4104566.819	1770	237	51.340	2564102.564	NaN
136	0136-0251	9.543E13	17700899.066	1813	228	121.675	8085881.264	NaN
137	0137-0238	2.250E13	8388623.287	2118	247	43.452	5512820.513	NaN
138	0138-0271	5.751E14	41666666.667	2204	257	165.750	24103591.624	NaN
139	0139-0273	5.103E14	30850919.874	1323	302	29.228	24237092.590	NaN
140	0140-0240	1.490E13	5256801.111	27	234	142.431	4166666.667	NaN
141	0141-0239	2.435E13	9121954.789	1693	236	161.565	3525641.026	NaN
142	0142-0321	1.049E15	55203623.129	1782	407	87.005	29748408.423	NaN
143	0143-0251	4.407E13	12483552.624	598	266	48.122	6615094.746	NaN
144	0144-0278	3.040E14	26048445.863	664	317	71.342	19068258.633	NaN
145	0145-0269	2.713E14	23522234.784	813	248	160.084	17883061.222	NaN
146	0146-0272	1.391E14	17179606.773	269	299	81.416	14201093.810	NaN
147	0147-0251	8.116E12	3859485.442	310	247	131.634	2884615.385	NaN
148	0148-0254	1.068E13	5006570.305	1987	248	129.806	3205128.205	NaN
149	0149-0259	1.551E13	5733507.635	1730	251	116.565	3525641.026	NaN
150	0150-0257	5.753E12	3407098.017	1848	253	131.186	2243589.744	NaN
151	0151-0258	9.554E12	4555343.078	2323	253	129.289	2884615.385	NaN
152	0152-0291	2.286E14	25592903.561	1215	254	112.068	14423076.923	NaN
153	0153-0259	5.034E12	3172915.044	2042	256	135.000	2243589.744	NaN
154	0154-0270	4.972E13	9689882.345	28	259	145.784	7371794.872	NaN
155	0155-0265	1.233E13	5217570.704	553	271	47.490	3846153.846	NaN
156	0156-0263	5.034E12	3172915.044	573	260	135.000	2243589.744	NaN
157	0157-0411	3.396E15	108082702.039	640	562	62.827	62382342.174	NaN
158	0158-0282	5.948E13	14405259.650	321	261	110.854	7504058.937	NaN
159	0159-0266	5.034E12	3172915.044	1436	263	135.000	2243589.744	NaN
160	0160-0269	5.753E12	3407098.017	1413	265	131.186	2243589.744	NaN
161	0161-0273	1.027E13	4555343.078	1421	269	140.711	3205128.205	NaN
162	0162-0282	3.667E13	9178090.425	2068	295	65.225	6089743.590	NaN
163	0163-0289	4.828E13	13392681.036	1199	270	111.038	5284987.785	NaN
164	0164-0310	1.183E14	26352313.835	46	349	71.565	10310480.792	NaN
165	0165-0367	1.871E15	66952665.627	1449	271	120.493	40928715.248	NaN
166	0166-0298	1.025E14	19241450.025	600	325	60.018	8026910.688	NaN
167	0167-0278	1.500E13	6165187.199	507	273	152.103	3205128.205	NaN
168	0168-0278	8.218E12	4079462.199	1408	283	45.000	2884615.385	NaN
169	0169-0278	6.472E12	3626188.621	2341	282	45.000	2564102.564	NaN
170	0170-0278	5.034E12	3172915.044	1434	275	135.000	2243589.744	NaN
171	0171-0296	5.301E13	14333769.087	587	316	63.435	5709785.561	NaN
172	0172-0430	4.065E15	103283236.091	893	279	108.829	61047432.835	NaN
173	0173-0299	6.246E13	15067511.889	568	321	66.161	7327773.111	NaN
174	0174-0345	6.964E14	49038461.538	2430	278	118.072	28579532.820	NaN
175	0175-0290	1.880E13	7454938.045	528	280	115.463	3872706.448	NaN
176	0176-0287	1.099E13	5006570.305	492	281	129.806	3205128.205	NaN
177	0177-0308	1.950E14	19928578.919	1097	312	27.801	17199136.085	NaN
178	0178-0287	5.034E12	3172915.044	14	284	135.000	2243589.744	NaN
179	0179-0289	1.027E13	4764765.624	1424	295	47.726	3205128.205	NaN
180	0180-0308	8.588E13	15770403.334	490	326	52.431	9329192.070	NaN
181	0181-0292	1.099E13	5067752.661	1545	286	124.695	2884615.385	NaN
182	0182-0292	8.835E12	4104566.819	480	287	128.660	2884615.385	NaN
183	0183-0298	9.348E12	4732315.083	75	292	118.301	2243589.744	NaN
184	0184-0327	3.111E14	29097904.292	278	361	40.533	21597334.524	NaN
185	0185-0306	4.756E13	10464633.152	1400	295	139.970	7692307.692	NaN
186	0186-0305	1.880E13	7202629.825	542	295	110.854	3205128.205	NaN
187	0187-0317	1.290E14	18153592.639	1165	296	132.138	12340702.383	NaN
188	0188-0303	1.294E13	6123388.838	2295	310	42.879	3390556.130	NaN
189	0189-0314	4.161E13	10654339.832	467	298	105.709	5128205.128	NaN
190	0190-0321	8.372E13	16346153.846	618	343	61.928	8743599.143	NaN
191	0191-0314	7.314E13	12183703.724	1262	322	35.362	9460287.597	NaN
192	0192-0437	2.100E15	105059780.734	2178	572	49.702	35873191.518	NaN
193	0193-0336	1.110E14	19511834.943	78	307	104.265	9875821.340	NaN
194	0194-0313	1.151E13	5006570.305	717	319	50.194	3205128.205	NaN
195	0195-0313	9.759E12	4555343.078	2272	309	140.711	2884615.385	NaN
196	0196-0336	1.682E14	18272042.069	228	363	68.385	14494816.318	NaN
197	0197-0314	8.013E12	3859485.442	706	310	131.634	2884615.385	NaN
198	0198-0319	1.048E13	4764765.624	98	314	132.274	3205128.205	NaN
199	0199-0318	5.753E12	3407098.017	2259	314	131.186	2243589.744	NaN
200	0200-0328	9.626E13	20414930.691	1307	315	157.865	7217799.126	NaN
201	0201-0324	2.589E13	7482447.135	1385	318	136.736	5321890.294	NaN
202	0202-0322	1.520E13	5514311.069	2072	315	125.538	3525641.026	NaN
203	0203-0334	5.712E13	11467015.269	530	318	116.565	8417345.724	NaN
204	0204-0322	6.472E12	3654408.414	673	318	127.875	2243589.744	NaN
205	0205-0322	5.034E12	3172915.044	663	319	135.000	2243589.744	NaN
206	0206-0325	5.034E12	3172915.044	1354	322	135.000	2243589.744	NaN
207	0207-0326	5.034E12	3172915.044	583	323	135.000	2243589.744	NaN
208	0208-0328	5.034E12	3172915.044	2272	325	135.000	2243589.744	NaN
209	0209-0331	7.191E12	3912357.569	605	326	124.992	2243589.744	NaN
210	0210-0335	2.517E13	7509855.458	2244	326	129.806	4807692.308	NaN
211	0211-0335	1.161E13	4555343.078	1258	340	39.289	3525641.026	NaN
212	0212-0339	1.418E13	6223233.282	2541	334	145.491	3446071.809	NaN
213	0213-0347	2.188E13	7745542.291	2225	336	114.444	3846153.846	NaN
214	0214-0370	2.233E14	21938160.203	1223	340	115.067	15705128.205	NaN
215	0215-0354	4.222E13	10513602.222	1365	366	52.431	6159594.950	NaN
216	0216-0382	2.886E14	25229062.377	2021	346	117.216	18267907.655	NaN
217	0217-0352	2.178E13	7058562.675	450	361	50.528	5128205.128	NaN
218	0218-0374	3.998E14	30100915.082	1270	400	26.565	19119960.126	NaN
219	0219-0348	5.034E12	3172915.044	524	345	135.000	2243589.744	NaN
220	0220-0348	5.034E12	3172915.044	2261	345	135.000	2243589.744	NaN
221	0221-0355	4.736E13	11785113.020	1168	347	157.620	5899730.683	NaN
222	0222-0356	1.993E13	7378759.252	332	347	124.380	3886788.863	NaN
223	0223-0421	1.546E15	52961288.630	1057	485	38.118	44504785.480	NaN
224	0224-0351	5.034E12	3172915.044	2202	348	135.000	2243589.744	NaN
225	0225-0392	3.851E14	31188713.737	2370	434	39.579	18778214.356	NaN
226	0226-0379	2.350E14	24106740.637	2560	348	125.803	17675865.962	NaN
227	0227-0366	5.075E13	11195031.536	574	349	103.241	7679033.640	NaN
228	0228-0354	5.034E12	3172915.044	66	351	135.000	2243589.744	NaN
229	0229-0374	1.563E14	19212063.552	155	392	27.848	14678105.258	NaN
230	0230-0369	7.345E13	12204764.593	534	385	60.068	10545061.980	NaN
231	0231-0375	8.187E13	15471177.418	1394	352	103.173	8974358.974	NaN
232	0232-0357	1.603E13	6321500.937	2166	352	149.534	3205128.205	NaN
233	0233-0359	1.633E13	6223233.282	2073	365	34.509	3846153.846	NaN
234	0234-0359	1.007E13	4807692.308	431	364	36.870	2884615.385	NaN
235	0235-0366	3.924E13	11070458.999	2102	356	157.891	6730769.231	NaN
236	0236-0363	1.027E13	4555343.078	143	358	140.711	3205128.205	NaN
237	0237-0431	1.508E15	57653120.594	380	482	41.845	39779858.158	NaN
238	0238-0362	5.753E12	3407098.017	1355	358	131.186	2243589.744	NaN
239	0239-0364	6.472E12	3626188.621	2531	360	135.000	2564102.564	NaN
240	0240-0368	7.191E12	3859485.442	2169	372	41.634	2564102.564	NaN
241	0241-0372	1.346E13	5909964.396	1	379	49.399	3846153.846	NaN
242	0242-0372	1.407E13	5514311.069	16	379	54.462	3205128.205	NaN
243	0243-0378	4.736E13	13156651.123	49	390	34.077	6113550.173	NaN
244	0244-0374	2.650E13	10615702.027	293	366	151.113	4479606.985	NaN
245	0245-0371	8.218E12	4079462.199	130	367	135.000	2884615.385	NaN
246	0246-0415	5.234E14	31393899.456	222	373	117.350	26479461.551	NaN
247	0247-0379	5.753E12	3407098.017	590	375	131.186	2243589.744	NaN
248	0248-0388	2.630E13	7916082.715	2117	386	148.241	6559847.445	NaN
249	0249-0386	1.284E13	5706568.530	30	381	141.843	3525641.026	NaN
250	0250-0385	6.472E12	3654408.414	616	381	127.875	2243589.744	NaN
251	0251-0409	1.641E14	19072532.752	2082	382	114.842	15445340.019	NaN
252	0252-0385	5.034E12	3172915.044	2617	382	135.000	2243589.744	NaN
253	0253-0392	2.178E13	6933752.453	357	387	146.310	5000000.000	NaN
254	0254-0471	1.899E15	57396857.439	1322	559	77.749	45122308.881	NaN
255	0255-0462	6.897E14	51642364.011	49	540	74.152	21041973.019	NaN
256	0256-0391	2.157E13	7745542.291	381	395	24.444	3846153.846	NaN
257	0257-0482	1.829E15	61291739.659	114	387	100.546	45065614.222	NaN
258	0258-0390	6.472E12	3654408.414	2467	387	142.125	2243589.744	NaN
259	0259-0395	1.181E13	5458136.656	1749	389	130.236	3296766.890	NaN
260	0260-0417	9.708E13	19700460.719	2638	389	111.975	8308714.650	NaN
261	0261-0413	8.537E13	15629724.795	1185	437	74.539	9353905.910	NaN
262	0262-0403	1.099E13	5514311.069	2429	408	35.538	3205128.205	NaN
263	0263-0418	5.414E13	14351675.114	598	438	60.573	6527294.747	NaN
264	0264-0407	1.716E13	5733507.635	2263	399	116.565	3846153.846	NaN
265	0265-0420	5.270E13	15226889.128	302	441	59.657	7205251.746	NaN
266	0266-0418	6.534E13	13199525.822	580	436	60.945	9051513.929	NaN
267	0267-0404	5.034E12	3172915.044	534	401	135.000	2243589.744	NaN
268	0268-0406	8.937E12	4312058.989	561	411	41.987	2884615.385	NaN
269	0269-0429	2.060E14	21163556.435	1911	441	35.134	16862969.732	NaN
270	0270-0411	1.664E13	7824715.138	1753	404	145.008	3583442.272	NaN
271	0271-0418	4.130E13	11475970.378	2450	433	54.090	6565993.843	NaN
272	0272-0416	2.106E13	8980080.594	1884	428	55.176	4833694.994	NaN
273	0273-0414	1.983E13	6410256.410	361	406	126.870	4487179.487	NaN
274	0274-0410	5.034E12	3172915.044	2485	407	135.000	2243589.744	NaN
275	0275-0412	6.472E12	3626188.621	1815	408	135.000	2564102.564	NaN
276	0276-0455	3.730E14	29660859.747	1243	501	83.797	17722013.759	NaN
277	0277-0413	5.753E12	3407098.017	2477	409	131.186	2243589.744	NaN
278	0278-0467	6.072E14	46051346.297	1720	523	38.784	22497946.583	NaN
279	0279-0454	3.940E14	31607504.685	1413	411	120.466	20244863.896	NaN
280	0280-0435	1.183E14	16666666.667	2135	412	112.620	11274703.937	NaN
281	0281-0416	5.034E12	3172915.044	546	413	135.000	2243589.744	NaN
282	0282-0420	1.787E13	6123388.838	2162	427	47.121	4487179.487	NaN
283	0283-0434	4.993E13	12772345.414	2519	415	107.526	7730730.422	NaN
284	0284-0422	2.065E13	7166884.543	2483	426	26.565	3751840.309	NaN
285	0285-0454	2.201E14	25385343.812	297	481	52.696	16156604.574	NaN
286	0286-0460	3.060E14	27722043.034	1989	418	100.660	19141668.676	NaN
287	0287-0423	5.753E12	3407098.017	2561	419	131.186	2243589.744	NaN
288	0288-0427	1.284E13	5067752.661	2180	424	145.305	3525641.026	NaN
289	0289-0431	2.168E13	7509855.458	2467	422	129.806	4742892.466	NaN
290	0290-0434	8.013E12	4104566.819	2490	439	51.340	2564102.564	NaN
291	0291-0493	4.947E14	44138932.902	2590	438	121.035	22432445.494	NaN
292	0292-0504	1.177E15	58365023.795	2037	434	128.758	33854149.833	NaN
293	0293-0439	5.753E12	3407098.017	560	435	131.186	2243589.744	NaN
294	0294-0438	5.034E12	3172915.044	2453	435	135.000	2243589.744	NaN
295	0295-0517	2.097E15	82859228.269	1475	571	25.673	41532063.297	NaN
296	0296-0444	8.116E12	4104566.819	594	440	141.340	2564102.564	NaN
297	0297-0452	2.691E13	8190341.243	1182	463	59.421	5066605.980	NaN
298	0298-0454	3.256E13	9748016.875	571	444	133.668	6306858.398	NaN
299	0299-0478	3.025E14	23423764.603	1883	444	106.699	19871794.872	NaN
300	0300-0450	7.294E12	3859485.442	1821	446	131.634	2564102.564	NaN
301	0301-0450	5.753E12	3407098.017	1914	446	131.186	2243589.744	NaN
302	0302-0452	6.472E12	3654408.414	293	448	127.875	2243589.744	NaN
303	0303-0474	1.663E14	17931539.398	1830	499	65.726	16025641.026	NaN
304	0304-0454	1.058E13	5217570.704	2480	460	47.490	3353017.210	NaN
305	0305-0509	6.412E14	41281503.819	2329	569	58.655	23965827.924	NaN
306	0306-0476	1.454E14	18212913.648	2493	466	151.631	13098996.614	NaN
307	0307-0461	1.921E13	6607541.067	2407	467	39.094	4586529.288	NaN
308	0308-0552	1.284E15	68666085.002	2375	649	64.272	28452001.065	NaN
309	0309-0462	7.294E12	3859485.442	1745	458	131.634	2564102.564	NaN
310	0310-0529	1.018E15	47388229.688	741	581	30.033	37372268.873	NaN
311	0311-0469	5.753E12	3407098.017	1864	465	131.186	2243589.744	NaN
312	0312-0500	2.119E14	22702174.445	2242	535	76.945	14753899.030	NaN
313	0313-0500	1.621E14	24377944.705	1131	534	61.750	11830045.595	NaN
314	0314-0474	6.472E12	3626188.621	1965	470	135.000	2564102.564	NaN
315	0315-0571	1.669E15	68817021.005	540	477	115.372	45922921.675	NaN
316	0316-0480	1.068E13	4986009.355	758	474	135.000	3525641.026	NaN
317	0317-0514	3.528E14	27290683.279	1194	474	130.236	21061580.057	NaN
318	0318-0479	7.910E12	4104566.819	1952	474	128.660	2564102.564	NaN
319	0319-0478	5.753E12	3407098.017	333	475	138.814	2243589.744	NaN
320	0320-0479	5.034E12	3172915.044	2546	476	135.000	2243589.744	NaN
321	0321-0480	5.034E12	3172915.044	738	477	135.000	2243589.744	NaN
322	0322-0496	6.431E13	12483552.624	1954	510	41.878	9194737.806	NaN
323	0323-0558	8.036E14	53603313.826	177	625	56.215	27142496.042	NaN
324	0324-0493	1.099E13	5168113.941	357	500	60.255	2564102.564	NaN
325	0325-0492	1.171E13	5606684.514	1809	488	149.036	2884615.385	NaN
326	0326-0510	8.044E13	17334381.132	693	495	146.310	9002717.700	NaN
327	0327-0494	5.034E12	3172915.044	2148	491	135.000	2243589.744	NaN
328	0328-0546	8.591E14	51090387.024	324	504	143.418	28965853.442	NaN
329	0329-0506	1.048E13	4764765.624	245	501	132.274	3205128.205	NaN
330	0330-0507	1.377E13	6933752.453	1684	501	146.310	3793193.656	NaN
331	0331-0545	5.056E14	35146974.679	1037	583	43.152	22806879.335	NaN
332	0332-0510	1.171E13	5256801.111	1983	515	37.569	3205128.205	NaN
333	0333-0545	2.661E14	27380875.813	2496	577	51.654	14857293.097	NaN
334	0334-0510	5.034E12	3172915.044	2601	507	135.000	2243589.744	NaN
335	0335-0623	2.587E15	80441055.923	1881	710	50.984	58382717.287	NaN
336	0336-0513	8.013E12	4104566.819	2612	517	38.660	2564102.564	NaN
337	0337-0542	3.551E14	27243589.744	1784	519	154.942	19749918.606	NaN
338	0338-0547	4.342E14	32118519.219	1375	580	36.069	20493604.480	NaN
339	0339-0516	5.753E12	3407098.017	1941	513	138.814	2243589.744	NaN
340	0340-0520	7.191E12	3912357.569	1773	515	124.992	2243589.744	NaN
341	0341-0560	4.798E14	31771212.248	1888	603	59.036	24428859.955	NaN
342	0342-0557	4.506E14	31601003.758	1634	523	130.475	24736526.603	NaN
343	0343-0524	9.759E12	4532735.777	469	519	135.000	3205128.205	NaN
344	0344-0577	5.850E14	39725492.157	876	520	118.426	25221893.491	NaN
345	0345-0525	1.274E13	5458136.656	2584	519	139.764	3822453.275	NaN
346	0346-0527	5.034E12	3172915.044	641	524	135.000	2243589.744	NaN
347	0347-0579	5.178E14	37457514.833	1720	633	66.286	20749447.348	NaN
348	0348-0541	3.431E13	9048457.829	1163	554	67.068	5128205.128	NaN
349	0349-0587	9.322E14	40538220.292	2232	639	56.938	33372945.916	NaN
350	0350-0537	5.034E12	3172915.044	2618	534	135.000	2243589.744	NaN
351	0351-0543	5.034E12	3172915.044	735	540	135.000	2243589.744	NaN
352	0352-0552	2.373E13	8388623.287	305	544	136.548	5394501.877	NaN
353	0353-0567	1.317E14	18020118.970	1270	544	128.501	12263644.764	NaN
354	0354-0552	1.418E13	5606684.514	294	545	120.964	3205128.205	NaN
355	0355-0548	5.034E12	3172915.044	726	545	135.000	2243589.744	NaN
356	0356-0551	1.582E13	5670450.645	903	557	42.709	3846153.846	NaN
357	0357-0576	3.928E14	34520287.225	2533	600	15.068	19763301.561	NaN
358	0358-0550	7.294E12	3859485.442	708	554	41.634	2564102.564	NaN
359	0359-0565	9.246E13	12204764.593	1134	548	119.932	10897435.897	NaN
360	0360-0555	5.034E12	3172915.044	52	552	135.000	2243589.744	NaN
361	0361-0626	1.558E15	54056556.267	1166	695	57.346	42372014.042	NaN
362	0362-0573	8.362E13	15639580.639	670	558	135.830	10784818.365	NaN
363	0363-0562	2.589E13	8108404.257	712	556	161.565	4487179.487	NaN
364	0364-0559	6.369E12	3626188.621	2625	555	135.000	2564102.564	NaN
365	0365-0564	1.479E13	7266528.236	463	571	41.424	4047960.089	NaN
366	0366-0561	5.753E12	3407098.017	488	558	138.814	2243589.744	NaN
367	0367-0561	6.472E12	3654408.414	630	558	142.125	2243589.744	NaN
368	0368-0573	3.965E13	10888004.969	285	562	137.386	7160010.923	NaN
369	0369-0571	1.151E13	5961883.089	2523	577	36.254	3240575.426	NaN
370	0370-0639	9.094E14	47055386.532	2075	567	99.013	33974241.044	NaN
371	0371-0576	1.685E13	6881702.101	2640	567	117.759	3205128.205	NaN
372	0372-0597	1.126E14	18570392.227	2196	624	68.749	12242654.257	NaN
373	0373-0589	8.578E13	15718204.917	29	600	20.283	10845530.026	NaN
374	0374-0574	5.034E12	3172915.044	603	571	135.000	2243589.744	NaN
375	0375-0577	7.191E12	3912357.569	715	572	124.992	2243589.744	NaN
376	0376-0591	1.233E14	17224395.952	1314	610	45.000	11721130.404	NaN
377	0377-0595	1.165E14	15307633.252	1571	618	70.427	10822929.625	NaN
378	0378-0648	6.083E14	48055550.805	1607	722	80.789	23273915.644	NaN
379	0379-0582	1.418E13	5778127.044	159	590	56.310	3525641.026	NaN
380	0380-0621	3.386E14	37344901.702	2394	661	39.428	14406219.529	NaN
381	0381-0584	6.472E12	3654408.414	680	580	127.875	2243589.744	NaN
382	0382-0650	1.418E15	49165036.913	1779	712	57.242	42594143.433	NaN
383	0383-0603	1.065E14	14568356.638	946	624	50.356	10576923.077	NaN
384	0384-0601	5.763E13	12796451.781	322	583	112.068	7616467.168	NaN
385	0385-0652	1.700E15	58026099.911	987	720	45.895	43897892.139	NaN
386	0386-0588	6.472E12	3626188.621	460	584	135.000	2564102.564	NaN
387	0387-0629	2.787E14	30423403.782	810	673	69.656	17381564.408	NaN
388	0388-0647	1.545E15	54462664.168	1349	667	22.490	40311763.091	NaN
389	0389-0592	5.753E12	3407098.017	281	589	138.814	2243589.744	NaN
390	0390-0639	4.259E14	35472820.665	79	685	57.171	19717400.629	NaN
391	0391-0597	6.369E12	3626188.621	560	593	135.000	2564102.564	NaN
392	0392-0596	6.472E12	3654408.414	665	593	142.125	2243589.744	NaN
393	0393-0618	9.102E13	16629643.296	707	643	62.447	10713192.587	NaN
394	0394-0606	7.232E13	13930329.367	742	600	156.975	8513824.470	NaN
395	0395-0603	2.301E13	6814196.034	692	595	131.186	5128205.128	NaN
396	0396-0605	1.716E13	5670450.645	810	610	42.709	4487179.487	NaN
397	0397-0603	6.472E12	3654408.414	787	600	142.125	2243589.744	NaN
398	0398-0628	1.273E14	20855510.878	385	601	136.245	13121570.844	NaN
399	0399-0609	2.188E13	6489889.978	665	618	57.095	4807692.308	NaN
400	0400-0606	5.034E12	3172915.044	643	603	135.000	2243589.744	NaN
401	0401-0610	8.321E12	4359445.676	2053	606	143.973	2564102.564	NaN
402	0402-0644	4.481E14	29410435.249	2562	650	20.410	23523543.558	NaN
403	0403-0622	5.065E13	12313700.457	232	637	51.340	7255709.371	NaN
404	0404-0688	7.388E14	51913183.610	1518	611	106.869	26523269.550	NaN
405	0405-0619	1.654E13	6859273.897	40	611	127.405	4110889.214	NaN
406	0406-0643	2.598E14	29697203.551	2459	668	34.891	15712682.461	NaN
407	0407-0619	1.202E13	5256801.111	12	613	127.569	3205128.205	NaN
408	0408-0616	5.034E12	3172915.044	434	613	135.000	2243589.744	NaN
409	0409-0654	3.371E14	30245611.393	1646	693	49.728	15686333.789	NaN
410	0410-0625	2.342E13	7564374.180	634	615	126.384	4807692.308	NaN
411	0411-0620	9.554E12	4532735.777	743	615	135.000	3205128.205	NaN
412	0412-0622	1.726E13	5706568.530	286	618	141.843	4166666.667	NaN
413	0413-0625	1.829E13	6814196.034	313	633	48.814	4727971.517	NaN
414	0414-0628	3.010E13	9110686.156	2167	639	50.711	5251103.886	NaN
415	0415-0621	5.034E12	3172915.044	341	618	135.000	2243589.744	NaN
416	0416-0751	3.593E15	101312982.132	565	865	45.641	61383929.889	NaN
417	0417-0628	8.321E12	4359445.676	2057	634	53.973	2564102.564	NaN
418	0418-0677	7.195E14	40064102.564	2274	726	53.130	27337214.042	NaN
419	0419-0663	3.176E14	26244892.431	463	626	118.443	22923459.655	NaN
420	0420-0648	1.342E14	17700899.066	1299	628	132.064	14134907.953	NaN
421	0421-0646	7.797E13	18020118.970	231	664	38.501	8019109.348	NaN
422	0422-0634	8.116E12	4104566.819	800	638	38.660	2564102.564	NaN
423	0423-0645	3.349E13	11290971.124	510	631	124.592	5695050.606	NaN
424	0424-0640	1.335E13	5961883.089	359	646	36.254	3458660.868	NaN
425	0425-0644	3.041E13	9513347.487	868	636	147.381	5128205.128	NaN
426	0426-0686	4.567E14	35548036.321	913	735	63.204	21834114.070	NaN
427	0427-0642	7.294E12	3859485.442	2450	638	131.634	2564102.564	NaN
428	0428-0738	2.071E15	68141960.338	1645	718	168.056	60354309.771	NaN
429	0429-0645	1.603E13	6321500.937	588	641	149.534	3525641.026	NaN
430	0430-0645	6.575E12	3626188.621	809	641	135.000	2564102.564	NaN
431	0431-0649	1.305E13	5439282.932	163	643	135.000	3846153.846	NaN
432	0432-0648	1.151E13	4807692.308	332	644	143.130	2884615.385	NaN
433	0433-0647	6.472E12	3654408.414	916	644	142.125	2243589.744	NaN
434	0434-0662	7.468E13	17677669.530	160	679	22.380	9790709.278	NaN
435	0435-0695	7.465E14	40343894.814	278	662	162.429	31089743.590	NaN
436	0436-0665	5.866E13	12204764.593	896	647	103.671	9615384.615	NaN
437	0437-0655	1.099E13	5439282.932	858	661	45.000	3626188.621	NaN
438	0438-0678	1.875E14	20202480.140	2218	654	131.785	16834691.447	NaN
439	0439-0655	6.369E12	3626188.621	393	659	45.000	2564102.564	NaN
440	0440-0657	5.753E12	3407098.017	580	653	131.186	2243589.744	NaN
441	0441-0663	3.534E13	10440062.484	2158	667	17.879	4807692.308	NaN
442	0442-0670	1.952E13	7618502.772	37	659	112.249	3580861.264	NaN
443	0443-0663	1.346E13	5733507.635	152	667	26.565	2884615.385	NaN
444	0444-0729	1.119E15	53809893.163	2451	787	38.713	31675646.710	NaN
445	0445-0667	5.034E12	3172915.044	605	664	135.000	2243589.744	NaN
446	0446-0740	1.420E15	55928339.199	1187	809	55.035	36840427.829	NaN
447	0447-0678	2.938E13	8905412.814	17	667	120.256	5128205.128	NaN
448	0448-0691	1.324E14	19241450.025	856	665	119.982	12435897.436	NaN
449	0449-0688	8.475E13	16999270.008	568	671	134.236	9446717.462	NaN
450	0450-0674	1.212E13	5458136.656	2495	680	40.236	3440104.581	NaN
451	0451-0677	1.017E13	4807692.308	557	683	53.130	2884615.385	NaN
452	0452-0678	8.937E12	4104566.819	245	673	128.660	2884615.385	NaN
453	0453-0766	1.546E15	67915449.040	1020	849	56.160	32271237.377	NaN
454	0454-0687	3.976E13	10435141.408	607	696	42.510	7161486.268	NaN
455	0455-0703	2.086E14	22978779.909	1493	728	30.141	18062150.197	NaN
456	0456-0682	1.592E13	5256801.111	2201	677	142.431	4166666.667	NaN
457	0457-0698	1.092E14	14677247.618	1320	687	148.392	10884738.101	NaN
458	0458-0682	6.472E12	3626188.621	146	686	45.000	2564102.564	NaN
459	0459-0691	4.109E13	10425292.287	160	703	45.000	7371794.872	NaN
460	0460-0684	7.088E12	3859485.442	409	680	131.634	2564102.564	NaN
461	0461-0698	4.356E13	12565574.220	218	683	127.747	6681637.516	NaN
462	0462-0686	5.034E12	3172915.044	397	683	135.000	2243589.744	NaN
463	0463-0719	3.930E14	29780108.550	2377	742	34.032	21887635.073	NaN
464	0464-0703	5.948E13	11272759.869	557	720	75.174	8716534.576	NaN
465	0465-0691	6.575E12	3626188.621	2470	687	135.000	2564102.564	NaN
466	0466-0697	1.541E13	6669439.759	249	706	54.782	3766845.812	NaN
467	0467-0711	8.701E13	15199879.104	2128	733	65.056	8974358.974	NaN
468	0468-0694	6.472E12	3626188.621	1481	698	45.000	2564102.564	NaN
469	0469-0706	4.089E13	10135505.321	141	691	108.435	6081303.193	NaN
470	0470-0700	1.007E13	5168113.941	124	707	60.255	2538332.035	NaN
471	0471-0701	1.849E13	5961883.089	534	694	126.254	4166666.667	NaN
472	0472-0783	1.284E15	65693401.080	737	870	56.543	28333333.333	NaN
473	0473-0708	2.979E13	10581778.217	2607	695	125.134	4808047.680	NaN
474	0474-0705	2.948E13	7503012.763	2220	704	160.017	5769230.769	NaN
475	0475-0756	5.438E14	40905272.137	203	806	57.804	26076256.753	NaN
476	0476-0711	2.763E13	9956554.210	446	699	123.179	5135492.517	NaN
477	0477-0738	2.304E14	25028747.443	75	777	80.417	14434076.602	NaN
478	0478-0706	7.191E12	3654408.414	190	702	142.125	2564102.564	NaN
479	0479-0714	3.205E13	8600261.452	410	726	63.435	6321261.952	NaN
480	0480-0705	5.034E12	3172915.044	481	702	135.000	2243589.744	NaN
481	0481-0723	4.181E13	14578930.020	2158	742	56.659	5775123.079	NaN
482	0482-0726	6.071E13	13082263.867	510	746	59.036	7009365.314	NaN
483	0483-0713	5.034E12	3172915.044	287	710	135.000	2243589.744	NaN
484	0484-0713	5.034E12	3172915.044	492	710	135.000	2243589.744	NaN
485	0485-0722	1.931E13	6607541.067	111	729	39.094	4807692.308	NaN
486	0486-0751	3.624E14	28482393.030	1349	730	140.937	20524741.533	NaN
487	0487-0722	5.753E12	3407098.017	4	718	131.186	2243589.744	NaN
488	0488-0721	5.034E12	3172915.044	1165	718	135.000	2243589.744	NaN
489	0489-0739	1.094E14	16178755.723	1444	760	56.310	11757186.172	NaN
490	0490-0771	6.137E14	40573682.376	1865	719	135.960	31748551.517	NaN
491	0491-0726	1.418E13	5217570.704	475	732	42.510	3846153.846	NaN
492	0492-0730	3.452E13	8841739.887	2635	740	46.469	6410256.410	NaN
493	0493-0735	4.684E13	11578456.326	2189	749	41.634	7285946.754	NaN
494	0494-0748	2.364E14	22826274.121	1004	768	38.157	16666666.667	NaN
495	0495-0747	2.064E14	27380875.813	362	765	25.665	15205718.425	NaN
496	0496-0752	1.626E14	20402346.747	2241	732	136.273	16012897.105	NaN
497	0497-0737	2.476E13	9784831.745	2604	750	58.392	4134491.153	NaN
498	0498-0788	1.226E15	49297539.190	1968	822	36.274	38388940.104	NaN
499	0499-0735	2.352E13	8413079.967	13	744	40.365	4378538.299	NaN
500	0500-0764	3.379E14	26863869.574	1586	798	54.224	17841518.400	NaN
501	0501-0769	4.822E14	32651432.466	909	750	148.650	24040921.149	NaN
502	0502-0740	2.085E13	7378759.252	2590	731	124.380	4166666.667	NaN
503	0503-0740	5.034E12	3172915.044	2002	737	135.000	2243589.744	NaN
504	0504-0749	1.500E13	6450196.089	114	758	63.435	2884615.385	NaN
505	0505-0763	9.646E13	19956910.354	2626	753	150.141	9365307.701	NaN
506	0506-0745	5.034E12	3172915.044	2211	742	135.000	2243589.744	NaN
507	0507-0755	2.260E13	8516237.343	486	743	109.799	4508675.081	NaN
508	0508-0819	1.574E15	56563021.586	1238	863	23.369	41854858.827	NaN
509	0509-0748	7.191E12	3859485.442	436	753	48.366	2564102.564	NaN
510	0510-0751	1.541E13	5458136.656	315	756	40.236	3846153.846	NaN
511	0511-0754	1.983E13	7116539.523	521	745	125.838	4487179.487	NaN
512	0512-0766	1.265E14	16935698.479	2111	752	150.524	12137408.293	NaN
513	0513-0750	5.753E12	3407098.017	336	746	131.186	2243589.744	NaN
514	0514-0757	1.695E13	6165187.199	145	749	117.897	3846153.846	NaN
515	0515-0760	2.856E13	9769070.932	158	752	138.991	5317127.164	NaN
516	0516-0819	1.657E15	56341923.939	1425	782	149.204	44274323.235	NaN
517	0517-0765	3.020E13	8333333.333	2361	753	112.620	4487179.487	NaN
518	0518-0849	1.988E15	70766588.812	776	936	55.518	42078815.480	NaN
519	0519-0766	4.232E13	11613891.623	2567	757	152.021	6266294.457	NaN
520	0520-0774	2.137E13	6607541.067	2552	782	50.906	5052825.522	NaN
521	0521-0831	1.108E15	56672793.786	210	873	31.353	35433961.809	NaN
522	0522-0777	2.897E13	8171505.631	378	787	48.180	5769230.769	NaN
523	0523-0770	5.753E12	3407098.017	406	767	138.814	2243589.744	NaN
524	0524-0857	9.111E14	59467869.600	2394	767	104.036	21184249.410	NaN
525	0525-0810	4.002E14	35948909.982	375	827	21.991	20017161.788	NaN
526	0526-0772	5.034E12	3172915.044	258	769	135.000	2243589.744	NaN
527	0527-0774	6.369E12	3626188.621	2102	770	135.000	2564102.564	NaN
528	0528-0773	5.753E12	3407098.017	2203	770	138.814	2243589.744	NaN
529	0529-0776	5.753E12	3407098.017	2540	772	131.186	2243589.744	NaN
530	0530-0780	2.219E13	9071135.704	110	788	32.005	3997955.706	NaN
531	0531-0776	5.034E12	3172915.044	150	773	135.000	2243589.744	NaN
532	0532-0781	1.222E13	5606684.514	2166	789	59.036	2822585.306	NaN
533	0533-0780	8.937E12	4104566.819	47	785	51.340	2884615.385	NaN
534	0534-0788	4.941E13	12001054.633	160	776	145.886	8400944.666	NaN
535	0535-0782	1.695E13	7564374.180	242	775	143.616	4287464.629	NaN
536	0536-0827	5.003E14	34818079.387	2269	878	68.394	24682062.467	NaN
537	0537-0821	4.261E14	33533055.512	1589	863	54.335	19313493.860	NaN
538	0538-0782	5.034E12	3172915.044	523	779	135.000	2243589.744	NaN
539	0539-0787	1.264E13	5606684.514	2194	780	120.964	2884615.385	NaN
540	0540-0786	7.191E12	3859485.442	34	790	41.634	2564102.564	NaN
541	0541-0789	5.034E12	3172915.044	282	786	135.000	2243589.744	NaN
542	0542-0808	1.275E14	17654409.428	1779	817	15.803	11743147.985	NaN
543	0543-0792	1.284E13	6021889.176	121	796	25.201	2564102.564	NaN
544	0544-0836	4.765E14	32322569.835	101	875	30.379	26535327.707	NaN
545	0545-0796	1.726E13	6814196.034	2362	803	41.186	4198065.875	NaN
546	0546-0796	1.500E13	5961883.089	236	801	36.254	3870117.653	NaN
547	0547-0801	2.301E13	8718891.352	95	810	36.027	4199498.603	NaN
548	0548-0798	9.040E12	4312058.989	400	803	48.013	2884615.385	NaN
549	0549-0799	9.554E12	4532735.777	2110	794	135.000	3205128.205	NaN
550	0550-0808	3.657E13	8888092.708	510	821	64.359	7051282.051	NaN
551	0551-0804	1.736E13	6223233.282	269	811	34.509	4487179.487	NaN
552	0552-0833	2.394E14	24125909.316	1132	869	70.602	13874938.793	NaN
553	0553-0806	1.264E13	5256801.111	2479	811	37.569	3525641.026	NaN
554	0554-0900	1.258E15	62071178.469	2507	996	80.489	34966530.122	NaN
555	0555-0815	1.551E13	7116539.523	2185	806	125.838	3547426.862	NaN
556	0556-0811	5.753E12	3407098.017	2501	807	131.186	2243589.744	NaN
557	0557-0819	2.928E13	9110686.156	2217	810	140.711	6089743.590	NaN
558	0558-0815	6.575E12	3626188.621	941	811	135.000	2564102.564	NaN
559	0559-0854	4.697E14	31670818.787	936	891	54.058	23247905.940	NaN
560	0560-0821	9.759E12	4622501.635	1956	815	123.690	2564102.564	NaN
561	0561-0823	1.222E13	5067752.661	480	830	55.305	3205128.205	NaN
562	0562-0858	1.763E14	24960932.657	1399	820	102.609	11977601.236	NaN
563	0563-0828	1.859E13	6489889.978	523	822	147.095	4759372.566	NaN
564	0564-0887	9.119E14	53663648.279	2273	953	52.035	24912105.012	NaN
565	0565-0826	6.369E12	3626188.621	2487	822	135.000	2564102.564	NaN
566	0566-0926	1.666E15	70366982.052	1102	1021	59.931	34439269.098	NaN
567	0567-0879	1.311E15	52994253.097	1743	923	30.132	34588077.638	NaN
568	0568-0829	6.472E12	3654408.414	554	826	142.125	2243589.744	NaN
569	0569-0837	1.181E13	5006570.305	85	831	129.806	3205128.205	NaN
570	0570-0836	5.753E12	3407098.017	372	833	138.814	2243589.744	NaN
571	0571-0855	1.195E14	16990202.924	1902	876	54.211	12500000.000	NaN
572	0572-0837	5.753E12	3407098.017	2249	833	131.186	2243589.744	NaN
573	0573-0908	1.566E15	55707488.664	1589	962	36.342	37124461.934	NaN
574	0574-0845	4.130E13	9529531.248	2203	837	137.726	7048642.687	NaN
575	0575-0866	1.204E14	21165983.309	447	891	57.995	10207827.400	NaN
576	0576-0843	1.294E13	5256801.111	2231	837	127.569	3525641.026	NaN
577	0577-0850	3.102E13	8659779.542	2114	841	141.009	6089743.590	NaN
578	0578-0851	2.661E13	7961373.300	1978	844	139.899	5562982.465	NaN
579	0579-0849	1.181E13	4807692.308	367	844	143.130	3525641.026	NaN
580	0580-0851	1.130E13	4764765.624	530	845	132.274	3205128.205	NaN
581	0581-0872	2.020E14	20684875.385	1068	896	49.399	13964881.022	NaN
582	0582-0876	1.329E14	20642618.190	1947	905	64.231	10796371.598	NaN
583	0583-0862	2.661E13	9604694.913	485	876	64.290	4768129.904	NaN
584	0584-0856	5.034E12	3172915.044	431	853	135.000	2243589.744	NaN
585	0585-0865	1.027E13	5334396.467	1731	872	57.265	2861678.416	NaN
586	0586-0987	3.341E15	121994606.805	1842	1109	36.238	45960803.106	NaN
587	0587-0868	1.407E13	6345830.088	330	875	45.000	3626188.621	NaN
588	0588-0885	1.059E14	15321049.234	1026	862	105.781	9615384.615	NaN
589	0589-0901	2.776E14	32473184.710	1964	940	48.601	13664178.925	NaN
590	0590-0875	4.438E13	11254519.145	401	877	19.983	6837812.291	NaN
591	0591-0872	2.599E13	9470055.579	677	878	23.962	4166666.667	NaN
592	0592-0873	1.038E13	4892415.873	497	867	121.608	2564102.564	NaN
593	0593-0902	1.421E14	22390063.073	2228	871	113.629	9632521.902	NaN
594	0594-0875	5.753E12	3407098.017	2191	871	131.186	2243589.744	NaN
595	0595-0892	4.654E13	13763404.201	656	873	117.759	6144775.605	NaN
596	0596-0882	1.510E13	7058562.675	389	875	140.528	3682822.181	NaN
597	0597-0883	1.161E13	5448717.949	217	891	61.928	2564102.564	NaN
598	0598-0890	3.873E13	8928454.024	5	903	68.962	6089743.590	NaN
599	0599-0882	5.753E12	3407098.017	208	879	138.814	2243589.744	NaN
600	0600-0886	1.181E13	5514311.069	481	893	54.462	3205128.205	NaN
601	0601-0908	1.349E14	20505307.118	1104	938	65.037	10224965.126	NaN
602	0602-0883	8.835E12	4312058.989	1906	888	41.987	2884615.385	NaN
603	0603-0883	6.472E12	3626188.621	1984	879	135.000	2564102.564	NaN
604	0604-0882	5.753E12	3407098.017	2587	879	138.814	2243589.744	NaN
605	0605-0914	2.358E14	21388077.719	990	946	70.750	17729307.259	NaN
606	0606-0886	5.034E12	3172915.044	356	883	135.000	2243589.744	NaN
607	0607-0891	1.428E13	6345830.088	164	898	45.000	3874921.291	NaN
608	0608-0890	5.034E12	3172915.044	27	887	135.000	2243589.744	NaN
609	0609-0890	7.191E12	3912357.569	84	887	145.008	2243589.744	NaN
610	0610-0944	1.350E15	60563354.877	1238	992	23.716	34042825.195	NaN
611	0611-0918	2.140E14	23856146.238	62	932	30.700	16654709.782	NaN
612	0612-0894	1.448E13	5439282.932	726	900	45.000	3846153.846	NaN
613	0613-0901	2.414E13	9604694.913	2202	915	64.290	3882050.801	NaN
614	0614-0896	1.818E13	5961883.089	702	900	36.254	4487179.487	NaN
615	0615-0894	6.472E12	3626188.621	302	890	135.000	2564102.564	NaN
616	0616-0961	1.511E15	51666229.240	1445	995	39.715	43074817.597	NaN
617	0617-0897	1.161E13	5006570.305	503	892	140.194	3205128.205	NaN
618	0618-0924	3.990E14	33957724.520	1860	945	19.290	20410122.605	NaN
619	0619-0896	5.034E12	3172915.044	175	893	135.000	2243589.744	NaN
620	0620-0896	5.753E12	3407098.017	389	893	138.814	2243589.744	NaN
621	0621-0900	1.387E13	5961883.089	147	906	36.254	3440104.581	NaN
622	0622-0905	2.548E13	7961373.300	2165	896	130.101	5198869.840	NaN
623	0623-0920	6.780E13	15832165.430	200	943	68.629	6944919.473	NaN
624	0624-0904	1.222E13	5256801.111	412	911	52.431	3525641.026	NaN
625	0625-0905	1.695E13	5778127.044	458	909	33.690	4166666.667	NaN
626	0626-0902	5.034E12	3172915.044	2151	899	135.000	2243589.744	NaN
627	0627-0913	3.760E13	10916273.311	528	901	139.764	6969886.903	NaN
628	0628-0911	2.455E13	7378759.252	680	921	55.620	4807692.308	NaN
629	0629-0956	5.090E14	35146974.679	2377	1011	83.718	21732358.016	NaN
630	0630-0916	5.969E13	12313700.457	152	928	38.660	8119926.631	NaN
631	0631-0908	1.520E13	5606684.514	390	903	149.036	3525641.026	NaN
632	0632-0907	5.753E12	3407098.017	373	904	138.814	2243589.744	NaN
633	0633-0921	8.198E13	15922746.600	491	905	139.899	10256410.256	NaN
634	0634-0920	4.150E13	10774189.945	304	906	120.379	6089743.590	NaN
635	0635-0950	4.860E14	28855055.607	1060	906	102.184	23937394.375	NaN
636	0636-0959	5.934E14	34735368.977	873	997	48.366	25446924.988	NaN
637	0637-0914	8.732E12	4178975.901	741	909	122.471	2564102.564	NaN
638	0638-0914	6.472E12	3626188.621	136	910	135.000	2564102.564	NaN
639	0639-0916	1.048E13	4807692.308	357	922	53.130	2884615.385	NaN
640	0640-0915	6.369E12	3626188.621	1086	911	135.000	2564102.564	NaN
641	0641-0923	4.602E13	12183703.724	705	933	26.565	6262044.698	NaN
642	0642-0924	2.774E13	7454938.045	958	914	115.463	5128205.128	NaN
643	0643-0919	5.753E12	3407098.017	346	915	131.186	2243589.744	NaN
644	0644-0938	6.708E13	15237005.544	266	916	112.249	9115704.734	NaN
645	0645-0927	4.849E13	10883286.440	649	933	13.627	7051282.051	NaN
646	0646-0925	1.017E13	4807692.308	2586	919	126.870	2884615.385	NaN
647	0647-0923	7.191E12	3912357.569	370	920	145.008	2243589.744	NaN
648	0648-0933	4.263E13	11923766.178	162	944	36.254	5830183.294	NaN
649	0649-0927	6.472E12	3626188.621	130	931	45.000	2564102.564	NaN
650	0650-0932	1.551E13	5256801.111	49	926	127.569	4166666.667	NaN
651	0651-0932	8.013E12	4079462.199	1948	928	135.000	2884615.385	NaN
652	0652-0934	9.759E12	5458136.656	291	940	40.236	3111299.178	NaN
653	0653-1022	1.863E15	62167094.985	357	1115	73.527	43347509.264	NaN
654	0654-0939	2.024E13	6933752.453	529	948	56.310	4807692.308	NaN
655	0655-0934	5.034E12	3172915.044	17	931	135.000	2243589.744	NaN
656	0656-0940	1.222E13	5961883.089	60	948	53.746	3342638.422	NaN
657	0657-0940	1.438E13	5961883.089	423	933	126.254	3846153.846	NaN
658	0658-0945	2.856E13	9615384.615	714	957	53.130	6336631.302	NaN
659	0659-0938	7.294E12	3859485.442	544	934	138.366	2564102.564	NaN
660	0660-0941	9.656E12	4312058.989	366	936	131.987	3205128.205	NaN
661	0661-0971	1.429E14	22620576.908	2458	1006	82.674	11566178.896	NaN
662	0662-1039	1.783E15	66041975.824	735	1141	81.909	39213366.329	NaN
663	0663-0972	4.099E14	32575835.762	448	944	166.921	20836741.716	NaN
664	0664-0942	7.088E12	3859485.442	1391	947	48.366	2564102.564	NaN
665	0665-1005	1.675E15	62813971.402	1676	1045	24.734	38271163.461	NaN
666	0666-0949	1.993E13	6904057.445	696	959	68.199	3846153.846	NaN
667	0667-0944	8.013E12	4079462.199	657	940	135.000	2884615.385	NaN
668	0668-0946	8.116E12	4104566.819	342	951	51.340	2564102.564	NaN
669	0669-0944	5.034E12	3172915.044	352	941	135.000	2243589.744	NaN
670	0670-1026	1.719E15	56773307.245	2541	1103	64.592	46292973.427	NaN
671	0671-0947	1.079E13	4555343.078	516	942	129.289	3205128.205	NaN
672	0672-0990	4.290E14	34276894.401	2206	943	118.482	19390100.860	NaN
673	0673-0966	1.546E14	20625193.004	98	980	32.949	12303665.533	NaN
674	0674-0946	5.034E12	3172915.044	328	943	135.000	2243589.744	NaN
675	0675-0972	2.462E14	24743921.879	610	1000	36.573	17326559.890	NaN
676	0676-0956	3.205E13	8413079.967	1412	969	72.255	5769230.769	NaN
677	0677-0979	2.292E14	22189581.962	230	945	100.823	16889909.821	NaN
678	0678-0970	9.256E13	19496033.751	48	993	46.332	9207338.731	NaN
679	0679-0978	2.481E14	21311090.013	791	970	167.845	17996359.914	NaN
680	0680-0956	1.253E13	5256801.111	55	952	142.431	3525641.026	NaN
681	0681-0954	5.034E12	3172915.044	325	951	135.000	2243589.744	NaN
682	0682-0993	3.832E14	27877246.300	962	1036	72.607	19625029.585	NaN
683	0683-0976	7.427E13	16333579.880	2419	952	105.945	7051282.051	NaN
684	0684-0960	1.233E13	5909964.396	333	955	139.399	3763144.716	NaN
685	0685-0958	5.034E12	3172915.044	183	955	135.000	2243589.744	NaN
686	0686-0973	5.229E13	12565574.220	1659	984	37.747	7023546.852	NaN
687	0687-0968	2.733E13	9642057.023	162	961	158.552	4215444.272	NaN
688	0688-0975	1.726E13	6223233.282	1902	983	55.491	3525641.026	NaN
689	0689-0991	1.553E14	20929266.304	2267	969	139.970	12587283.896	NaN
690	0690-0975	2.096E13	6607541.067	2301	967	140.906	5128205.128	NaN
691	0691-0993	2.154E14	26093759.535	1861	1008	27.824	13901198.630	NaN
692	0692-0999	1.101E14	16446399.501	2142	980	123.071	12835130.509	NaN
693	0693-1009	1.260E14	23105840.145	67	1042	66.280	10379964.929	NaN
694	0694-1002	1.157E14	19843341.913	1193	1029	58.878	8982894.942	NaN
695	0695-0979	5.034E12	3172915.044	2433	976	135.000	2243589.744	NaN
696	0696-0982	5.034E12	3172915.044	158	979	135.000	2243589.744	NaN
697	0697-0990	2.219E13	8659779.542	277	1001	51.009	4325483.561	NaN
698	0698-0984	5.034E12	3172915.044	1400	981	135.000	2243589.744	NaN
699	0699-1006	1.141E14	16669748.236	1568	1030	52.028	13412270.809	NaN
700	0700-0989	1.520E13	6881702.101	549	994	27.759	3205128.205	NaN
701	0701-0989	5.034E12	3172915.044	2317	986	135.000	2243589.744	NaN
702	0702-0995	2.815E13	7645423.360	1409	988	146.976	4807692.308	NaN
703	0703-0994	9.656E12	4104566.819	1665	990	141.340	3205128.205	NaN
704	0704-0993	5.034E12	3172915.044	634	990	135.000	2243589.744	NaN
705	0705-0995	5.034E12	3172915.044	2332	992	135.000	2243589.744	NaN
706	0706-1023	1.745E14	20296333.588	126	1052	68.703	16147968.783	NaN
707	0707-1003	9.759E12	5067752.661	94	1010	55.305	2884615.385	NaN
708	0708-1124	3.777E15	106200074.320	793	1152	20.677	72124303.937	NaN
709	0709-1026	1.565E14	21926450.483	1142	1051	52.125	10857009.405	NaN
710	0710-1002	1.109E13	5006570.305	2506	1007	39.806	3205128.205	NaN
711	0711-1012	2.784E13	9831962.596	48	1027	70.974	3897179.609	NaN
712	0712-1004	1.120E13	5706568.530	659	999	141.843	3498415.591	NaN
713	0713-1002	5.753E12	3407098.017	601	999	138.814	2243589.744	NaN
714	0714-1011	1.808E13	7475579.352	1643	1021	59.036	4106723.825	NaN
715	0715-1005	5.753E12	3407098.017	270	1002	138.814	2243589.744	NaN
716	0716-1007	1.007E13	4452706.407	562	1004	149.744	2884615.385	NaN
717	0717-1037	2.615E14	24361082.905	853	1008	122.645	17353785.648	NaN
718	0718-1027	9.811E13	20232966.798	2338	1004	130.503	9499311.981	NaN
719	0719-1009	1.233E13	4807692.308	2519	1003	126.870	3525641.026	NaN
720	0720-1011	1.438E13	6321500.937	2531	1020	59.534	3189221.763	NaN
721	0721-1042	2.521E14	25544690.827	186	1004	107.526	18865518.973	NaN
722	0722-1032	3.266E14	31254519.726	1274	1044	13.039	18148284.278	NaN
723	0723-1014	2.846E13	8089377.862	1381	1021	33.690	6730769.231	NaN
724	0724-1022	6.051E13	12367808.578	283	1040	58.782	7954334.205	NaN
725	0725-1093	1.659E15	61398913.625	1155	1174	58.882	42996657.079	NaN
726	0726-1017	2.322E13	8800980.909	472	1006	123.111	5160156.871	NaN
727	0727-1017	2.260E13	8357951.802	1981	1028	57.529	4560977.394	NaN
728	0728-1011	5.753E12	3407098.017	498	1008	138.814	2243589.744	NaN
729	0729-1029	6.688E13	13453905.040	2405	1050	77.619	6730769.231	NaN
730	0730-1018	1.798E13	5883833.253	536	1010	119.358	3846153.846	NaN
731	0731-1014	6.472E12	3626188.621	1659	1010	135.000	2564102.564	NaN
732	0732-1014	6.472E12	3626188.621	2665	1018	45.000	2564102.564	NaN
733	0733-1015	5.753E12	3407098.017	1319	1011	131.186	2243589.744	NaN
734	0734-1030	1.311E14	16715903.603	2106	1044	32.471	12500000.000	NaN
735	0735-1039	1.760E14	20194851.285	2468	1016	125.961	14102564.103	NaN
736	0736-1047	2.434E14	24234245.443	912	1083	69.887	17251680.727	NaN
737	0737-1018	5.034E12	3172915.044	904	1015	135.000	2243589.744	NaN
738	0738-1020	5.753E12	3407098.017	821	1016	131.186	2243589.744	NaN
739	0739-1037	1.011E14	14913320.672	2433	1016	118.217	8929820.938	NaN
740	0740-1057	2.928E14	26770016.690	2184	1017	106.699	17613278.483	NaN
741	0741-1031	4.171E13	9178090.425	1443	1044	65.225	7665964.801	NaN
742	0742-1024	6.472E12	3626188.621	834	1020	135.000	2564102.564	NaN
743	0743-1023	5.034E12	3172915.044	1995	1020	135.000	2243589.744	NaN
744	0744-1051	1.688E14	22321135.060	253	1021	122.093	14931958.760	NaN
745	0745-1024	5.034E12	3172915.044	493	1021	135.000	2243589.744	NaN
746	0746-1025	8.629E12	4104566.819	647	1030	38.660	2884615.385	NaN
747	0747-1054	1.665E14	20240581.287	1616	1085	79.046	13356688.246	NaN
748	0748-1029	7.191E12	3912357.569	547	1024	124.992	2243589.744	NaN
749	0749-1048	8.948E13	15199879.104	453	1069	65.056	10747896.811	NaN
750	0750-1086	9.082E14	44199403.594	2274	1033	134.119	29682550.808	NaN
751	0751-1031	5.034E12	3172915.044	576	1028	135.000	2243589.744	NaN
752	0752-1033	5.753E12	3407098.017	491	1029	131.186	2243589.744	NaN
753	0753-1039	1.264E13	4807692.308	1476	1033	126.870	3525641.026	NaN
754	0754-1036	5.753E12	3407098.017	2148	1033	138.814	2243589.744	NaN
755	0755-1038	5.034E12	3172915.044	116	1035	135.000	2243589.744	NaN
756	0756-1044	2.548E13	6607541.067	1644	1037	129.094	5448717.949	NaN
757	0757-1039	5.034E12	3172915.044	1595	1036	135.000	2243589.744	NaN
758	0758-1049	4.551E13	11578456.326	555	1061	41.634	7229427.285	NaN
759	0759-1067	2.398E14	20535344.205	1386	1046	145.814	17948717.949	NaN
760	0760-1061	1.257E14	17119705.591	1783	1074	38.157	11785113.020	NaN
761	0761-1048	1.541E13	5961883.089	638	1041	126.254	3846153.846	NaN
762	0762-1081	4.261E14	31293936.897	1467	1095	32.876	25000000.000	NaN
763	0763-1053	1.582E13	7252377.243	71	1061	45.000	3699782.596	NaN
764	0764-1060	2.743E13	10226318.034	618	1047	122.196	5244761.471	NaN
765	0765-1052	8.013E12	3859485.442	484	1057	41.634	2884615.385	NaN
766	0766-1054	5.753E12	3407098.017	55	1050	131.186	2243589.744	NaN
767	0767-1095	2.889E14	29862783.388	1566	1141	77.605	16165702.921	NaN
768	0768-1127	6.802E14	50102623.153	2243	1052	106.348	18309309.412	NaN
769	0769-1059	1.151E13	5334396.467	161	1052	122.735	2884615.385	NaN
770	0770-1058	1.572E13	5256801.111	577	1054	142.431	4166666.667	NaN
771	0771-1063	2.712E13	8630071.806	664	1075	58.671	4835063.440	NaN
772	0772-1099	5.607E14	36663360.529	2001	1054	148.950	25157500.911	NaN
773	0773-1067	5.445E13	12116062.930	1108	1078	37.476	7431549.975	NaN
774	0774-1113	7.534E14	40451968.661	2395	1056	114.331	25941076.703	NaN
775	0775-1067	1.592E13	6165187.199	54	1064	152.103	3525641.026	NaN
776	0776-1065	5.034E12	3172915.044	1665	1062	135.000	2243589.744	NaN
777	0777-1070	1.592E13	6361997.834	500	1076	40.914	4358974.359	NaN
778	0778-1067	5.753E12	3407098.017	545	1064	138.814	2243589.744	NaN
779	0779-1069	6.986E12	3859485.442	587	1073	41.634	2564102.564	NaN
780	0780-1078	2.609E13	8905412.814	513	1090	59.744	4328638.020	NaN
781	0781-1090	1.217E14	17251213.642	555	1112	54.834	12318251.447	NaN
782	0782-1073	1.325E13	5067752.661	614	1078	34.695	3525641.026	NaN
783	0783-1072	6.472E12	3654408.414	648	1068	127.875	2243589.744	NaN
784	0784-1092	2.772E14	26819857.079	1287	1085	165.466	14693378.201	NaN
785	0785-1103	3.744E14	30001780.574	1635	1116	18.048	21474358.974	NaN
786	0786-1075	5.753E12	3407098.017	447	1071	131.186	2243589.744	NaN
787	0787-1077	5.034E12	3172915.044	251	1074	135.000	2243589.744	NaN
788	0788-1085	3.256E13	9110686.156	479	1096	50.711	5690320.607	NaN
789	0789-1080	1.007E13	4555343.078	540	1086	50.711	2884615.385	NaN
790	0790-1081	1.130E13	6123388.838	1740	1088	42.879	3399551.833	NaN
791	0791-1109	2.595E14	24543832.973	171	1081	130.764	16987179.487	NaN
792	0792-1144	8.020E14	45814277.911	2484	1076	107.928	26231503.723	NaN
793	0793-1085	6.472E12	3626188.621	612	1089	45.000	2564102.564	NaN
794	0794-1088	1.633E13	6450196.089	634	1094	26.565	3525641.026	NaN
795	0795-1166	1.642E15	66038864.745	975	1237	42.049	36952311.410	NaN
796	0796-1153	7.956E14	44324732.968	2134	1222	77.471	27874139.266	NaN
797	0797-1142	5.415E14	41227966.642	385	1198	59.647	24722884.920	NaN
798	0798-1090	6.472E12	3654408.414	259	1087	142.125	2243589.744	NaN
799	0799-1090	5.034E12	3172915.044	623	1087	135.000	2243589.744	NaN
800	0800-1127	5.926E14	44004904.544	1694	1157	20.019	21185208.434	NaN
801	0801-1139	5.943E14	35898866.730	266	1188	37.381	29568257.460	NaN
802	0802-1108	7.417E13	13692313.694	490	1117	32.574	10444055.393	NaN
803	0803-1099	1.531E13	5961883.089	653	1107	53.746	3846153.846	NaN
804	0804-1098	8.629E12	3912357.569	237	1093	124.992	2884615.385	NaN
805	0805-1102	2.332E13	9183685.117	606	1095	150.751	4726661.714	NaN
806	0806-1102	1.407E13	5514311.069	1485	1107	35.538	3205128.205	NaN
807	0807-1127	1.137E14	18650431.444	1968	1155	70.942	10814990.662	NaN
808	0808-1104	5.034E12	3172915.044	544	1101	135.000	2243589.744	NaN
809	0809-1107	1.603E13	5514311.069	1443	1111	35.538	4166666.667	NaN
810	0810-1106	5.034E12	3172915.044	1615	1103	135.000	2243589.744	NaN
811	0811-1113	9.246E12	4532735.777	638	1118	45.000	3205128.205	NaN
812	0812-1176	1.310E15	51195840.997	1415	1117	155.200	39948048.318	NaN
813	0813-1181	1.395E15	57500571.703	1846	1254	53.386	38312344.181	NaN
814	0814-1120	2.116E13	7935524.617	614	1129	43.363	5303766.260	NaN
815	0815-1118	5.753E12	3407098.017	2210	1114	131.186	2243589.744	NaN
816	0816-1134	1.484E14	17744372.482	2554	1119	159.928	11855696.200	NaN
817	0817-1145	2.119E14	22465639.627	1278	1144	14.036	15220909.775	NaN
818	0818-1125	7.191E12	3859485.442	1998	1121	131.634	2564102.564	NaN
819	0819-1130	1.284E13	6576373.246	592	1123	133.025	3589743.590	NaN
820	0820-1162	2.432E14	27869875.267	1345	1201	59.601	18353417.523	NaN
821	0821-1180	3.164E14	36726350.027	557	1237	80.455	16269784.336	NaN
822	0822-1202	8.039E14	49688791.519	663	1279	80.720	25380124.831	NaN
823	0823-1141	3.935E13	9561816.596	2203	1134	140.440	6857290.225	NaN
824	0824-1138	5.034E12	3172915.044	703	1135	135.000	2243589.744	NaN
825	0825-1141	1.890E13	6450196.089	1623	1148	26.565	4166666.667	NaN
826	0826-1168	2.266E14	22981015.090	2056	1196	50.092	16181183.083	NaN
827	0827-1143	8.835E12	4104566.819	587	1140	141.340	2884615.385	NaN
828	0828-1143	9.862E12	4807692.308	1981	1148	36.870	2884615.385	NaN
829	0829-1155	3.986E13	10654339.832	605	1171	68.839	5756452.834	NaN
830	0830-1146	1.099E13	4764765.624	224	1151	42.274	3205128.205	NaN
831	0831-1152	2.332E13	7752170.912	1576	1141	119.745	4166666.667	NaN
832	0832-1226	1.312E15	53751634.075	744	1309	79.695	38008144.954	NaN
833	0833-1150	5.034E12	3172915.044	1594	1147	135.000	2243589.744	NaN
834	0834-1150	5.034E12	3172915.044	2031	1147	135.000	2243589.744	NaN
835	0835-1159	2.568E13	8314821.648	714	1171	62.447	4656263.775	NaN
836	0836-1161	2.527E13	7509855.458	2347	1153	140.194	5448717.949	NaN
837	0837-1157	5.753E12	3407098.017	231	1154	138.814	2243589.744	NaN
838	0838-1158	5.034E12	3172915.044	535	1155	135.000	2243589.744	NaN
839	0839-1228	1.133E15	50533397.475	1749	1302	68.806	34258956.829	NaN
840	0840-1235	1.438E15	55140316.201	1933	1301	58.065	41203716.267	NaN
841	0841-1161	9.451E12	4555343.078	210	1167	50.711	2884615.385	NaN
842	0842-1175	1.636E14	21705131.991	1612	1177	16.294	10795244.811	NaN
843	0843-1163	7.191E12	3859485.442	2336	1159	131.634	2564102.564	NaN
844	0844-1179	8.526E13	17230359.046	2203	1160	133.493	8376508.277	NaN
845	0845-1201	1.829E14	23327080.735	2466	1166	102.700	12185295.662	NaN
846	0846-1173	8.629E12	4312058.989	206	1169	138.013	2884615.385	NaN
847	0847-1201	2.562E14	22819522.450	1268	1172	119.445	19591983.356	NaN
848	0848-1176	6.472E12	3654408.414	715	1172	127.875	2243589.744	NaN
849	0849-1182	2.239E13	7202629.825	228	1192	57.724	4807692.308	NaN
850	0850-1235	9.430E14	43307200.814	2379	1177	118.272	31365319.109	NaN
851	0851-1198	1.816E14	17940130.730	1210	1181	138.621	15056928.706	NaN
852	0852-1178	5.034E12	3172915.044	121	1175	135.000	2243589.744	NaN
853	0853-1183	9.759E12	4555343.078	548	1189	50.711	2884615.385	NaN
854	0854-1244	6.454E14	41658036.582	1153	1183	108.853	21221080.571	NaN
855	0855-1197	4.263E13	9894454.513	1577	1183	114.905	7751579.665	NaN
856	0856-1194	8.526E12	4312058.989	212	1189	131.987	2884615.385	NaN
857	0857-1194	6.472E12	3654408.414	196	1190	127.875	2243589.744	NaN
858	0858-1227	2.667E14	25034903.314	1670	1264	71.333	16569247.291	NaN
859	0859-1197	5.034E12	3172915.044	396	1194	135.000	2243589.744	NaN
860	0860-1214	1.198E14	16826159.934	2191	1194	130.365	11768246.059	NaN
861	0861-1197	5.034E12	3172915.044	2300	1194	135.000	2243589.744	NaN
862	0862-1198	5.034E12	3172915.044	2344	1195	135.000	2243589.744	NaN
863	0863-1206	2.188E13	7758793.870	183	1197	128.290	4582065.934	NaN
864	0864-1223	8.783E13	16914454.874	600	1200	117.051	11170700.419	NaN
865	0865-1208	1.798E13	6607541.067	617	1201	140.906	4285277.035	NaN
866	0866-1244	3.587E14	28482393.030	2080	1286	70.953	18316744.160	NaN
867	0867-1209	1.541E13	5514311.069	2336	1202	125.538	3846153.846	NaN
868	0868-1210	5.753E12	3407098.017	845	1207	138.814	2243589.744	NaN
869	0869-1239	3.344E14	28726604.121	1343	1211	144.537	20304275.892	NaN
870	0870-1212	6.575E12	3626188.621	1551	1208	135.000	2564102.564	NaN
871	0871-1213	5.034E12	3172915.044	1513	1210	135.000	2243589.744	NaN
872	0872-1214	5.753E12	3407098.017	204	1211	138.814	2243589.744	NaN
873	0873-1215	7.191E12	3912357.569	1425	1212	145.008	2243589.744	NaN
874	0874-1216	6.472E12	3654408.414	1562	1212	127.875	2243589.744	NaN
875	0875-1236	9.430E13	17086670.430	2267	1212	113.199	11638418.927	NaN
876	0876-1219	7.191E12	3859485.442	2255	1215	131.634	2564102.564	NaN
877	0877-1273	4.850E14	37295354.379	1575	1326	65.638	19157864.553	NaN
878	0878-1248	1.379E14	19329341.389	838	1223	130.292	13461538.462	NaN
879	0879-1232	2.989E13	8864946.594	2505	1243	49.399	5716425.001	NaN
880	0880-1296	1.324E15	50544577.093	2145	1225	113.151	35518064.529	NaN
881	0881-1229	5.753E12	3407098.017	217	1225	131.186	2243589.744	NaN
882	0882-1253	2.216E14	20997870.967	1505	1281	58.736	16325464.644	NaN
883	0883-1229	5.753E12	3407098.017	1436	1226	138.814	2243589.744	NaN
884	0884-1303	1.508E15	48719003.025	1036	1353	52.753	42836886.031	NaN
885	0885-1246	1.014E14	15652712.112	1230	1265	47.490	11156439.745	NaN
886	0886-1234	5.753E12	3407098.017	25	1231	138.814	2243589.744	NaN
887	0887-1238	1.264E13	5670450.645	1447	1232	137.291	3693371.537	NaN
888	0888-1238	5.034E12	3172915.044	574	1235	135.000	2243589.744	NaN
889	0889-1320	8.808E14	53436321.914	1321	1238	100.366	28610119.543	NaN
890	0890-1277	2.142E14	27565965.948	2238	1238	113.286	14511418.743	NaN
891	0891-1254	1.428E13	5892556.510	909	1261	45.000	4000241.800	NaN
892	0892-1254	9.246E12	4555343.078	2326	1260	50.711	2884615.385	NaN
893	0893-1259	1.654E13	6313370.386	21	1250	113.962	3846153.846	NaN
894	0894-1260	2.743E13	8171505.631	555	1252	131.820	6051176.703	NaN
895	0895-1310	6.992E14	39636176.189	919	1369	72.591	29573948.710	NaN
896	0896-1263	4.705E13	10673606.285	1820	1251	131.348	6794871.795	NaN
897	0897-1257	1.366E13	5892556.510	1891	1251	135.000	4166666.667	NaN
898	0898-1281	1.756E14	20232966.798	1859	1306	40.503	16089861.461	NaN
899	0899-1290	2.873E14	27271855.623	985	1253	119.578	17043603.947	NaN
900	0900-1257	5.034E12	3172915.044	1469	1254	135.000	2243589.744	NaN
901	0901-1259	7.191E12	3654408.414	2108	1255	127.875	2564102.564	NaN
902	0902-1301	3.107E14	30917444.846	1248	1347	70.626	18589743.590	NaN
903	0903-1261	8.116E12	4079462.199	541	1266	45.000	2884615.385	NaN
904	0904-1283	1.024E14	20577821.691	2515	1258	127.405	9746962.979	NaN
905	0905-1322	7.800E14	48076923.077	1384	1386	53.130	25306516.456	NaN
906	0906-1344	1.310E15	56180329.781	2484	1260	106.574	37711885.454	NaN
907	0907-1300	3.358E14	29494146.334	472	1329	47.643	20623947.785	NaN
908	0908-1286	7.633E13	14705217.624	579	1264	106.460	9294871.795	NaN
909	0909-1272	5.034E12	3172915.044	1497	1269	135.000	2243589.744	NaN
910	0910-1303	2.830E14	25786844.981	2007	1337	57.693	16799157.740	NaN
911	0911-1275	9.040E12	4532735.777	615	1280	45.000	3172915.044	NaN
912	0912-1274	7.910E12	4079462.199	856	1279	45.000	2884615.385	NaN
913	0913-1325	5.972E14	37603954.095	2355	1275	124.232	25193980.370	NaN
914	0914-1303	1.699E14	21323137.665	1689	1276	132.563	12960422.193	NaN
915	0915-1284	2.671E13	7824715.138	547	1293	34.992	5781013.971	NaN
916	0916-1350	8.763E14	51725844.140	580	1421	59.462	32920008.174	NaN
917	0917-1303	1.674E14	18451074.314	1638	1331	72.824	16168759.838	NaN
918	0918-1288	1.592E13	6814196.034	695	1283	138.814	4730143.799	NaN
919	0919-1288	2.198E13	7758793.870	1805	1296	38.290	5128205.128	NaN
920	0920-1305	1.208E14	18929260.334	789	1314	28.301	12593195.915	NaN
921	0921-1345	7.260E14	39980682.383	2319	1284	102.031	28919052.109	NaN
922	0922-1298	3.513E13	8012820.513	1828	1308	53.130	6410256.410	NaN
923	0923-1302	2.013E13	7645423.360	685	1312	56.976	4508675.081	NaN
924	0924-1301	1.911E13	6410256.410	1211	1309	53.130	4487179.487	NaN
925	0925-1321	1.426E14	21337585.868	1503	1349	57.265	10915511.980	NaN
926	0926-1315	7.581E13	13358119.221	699	1333	59.744	8949704.142	NaN
927	0927-1348	3.505E14	31289012.466	2088	1300	96.470	17628205.128	NaN
928	0928-1369	5.221E14	47140452.079	517	1437	67.620	21403272.543	NaN
929	0929-1337	5.319E14	36583418.137	1874	1327	168.887	21000190.396	NaN
930	0930-1311	1.983E13	6021889.176	1485	1308	154.799	4166666.667	NaN
931	0931-1395	1.489E15	61629373.285	1756	1317	122.037	39200486.316	NaN
932	0932-1314	7.910E12	4178975.901	1200	1309	122.471	2243589.744	NaN
933	0933-1328	8.198E13	12892426.514	2634	1312	124.875	8333333.333	NaN
934	0934-1321	2.938E13	8171505.631	2545	1312	138.180	6020183.016	NaN
935	0935-1328	3.945E13	11489389.954	1170	1344	59.859	5429015.974	NaN
936	0936-1321	1.983E13	7252377.243	1689	1313	135.000	4519384.538	NaN
937	0937-1356	3.856E14	26942148.312	718	1376	32.367	21547258.133	NaN
938	0938-1387	9.581E14	53471875.346	761	1445	50.106	28856919.252	NaN
939	0939-1360	3.552E14	29193070.607	976	1317	109.231	20407825.418	NaN
940	0940-1324	1.140E13	4986009.355	1491	1330	45.000	3525641.026	NaN
941	0941-1324	1.151E13	5168113.941	1209	1328	29.745	2884615.385	NaN
942	0942-1339	5.671E13	13526248.619	1609	1322	126.327	6902261.114	NaN
943	0943-1331	6.472E12	3654408.414	73	1328	142.125	2243589.744	NaN
944	0944-1361	2.553E14	22493059.051	2011	1384	49.044	18247711.578	NaN
945	0945-1347	3.061E13	8413079.967	1547	1341	139.635	6374738.509	NaN
946	0946-1341	6.472E12	3626188.621	799	1345	45.000	2564102.564	NaN
947	0947-1355	9.369E13	17871284.435	1569	1338	147.450	8542463.579	NaN
948	0948-1435	1.687E15	60921048.054	1211	1341	98.471	45969338.471	NaN
949	0949-1351	9.348E12	4452706.407	1361	1345	120.256	2564102.564	NaN
950	0950-1357	2.969E13	8841739.887	676	1366	43.531	5847616.978	NaN
951	0951-1359	3.678E13	9245003.270	1268	1347	123.690	6541131.933	NaN
952	0952-1376	1.784E14	19363855.727	1643	1386	28.686	14752627.950	NaN
953	0953-1359	2.126E13	7116539.523	890	1350	125.838	4487179.487	NaN
954	0954-1360	2.661E13	8032028.260	1160	1368	28.610	5371150.257	NaN
955	0955-1364	2.733E13	9426564.852	1285	1352	125.311	4980276.134	NaN
956	0956-1361	9.656E12	4892415.873	904	1355	121.608	2564102.564	NaN
957	0957-1467	1.466E15	71881386.747	2238	1579	87.189	26923076.923	NaN
958	0958-1410	6.195E14	35680721.760	1541	1356	104.036	29612593.104	NaN
959	0959-1443	2.118E15	75115651.572	1872	1356	132.060	49041999.251	NaN
960	0960-1424	8.852E14	44716994.888	2633	1358	110.123	26650499.812	NaN
961	0961-1446	1.189E15	58617930.716	2140	1357	103.276	31151924.552	NaN
962	0962-1369	4.695E13	10769421.549	2590	1359	143.471	7276068.751	NaN
963	0963-1397	2.183E14	24760522.969	2551	1433	68.749	13839885.789	NaN
964	0964-1396	2.434E14	21380871.898	1721	1364	102.995	17398940.537	NaN
965	0965-1431	7.467E14	44241219.501	988	1485	47.643	26848724.761	NaN
966	0966-1410	2.540E14	24081158.662	934	1373	99.964	19230769.231	NaN
967	0967-1405	1.801E14	21512595.121	1480	1376	114.656	12500000.000	NaN
968	0968-1381	1.551E13	5458136.656	2409	1375	139.764	4166666.667	NaN
969	0969-1424	4.986E14	33847125.083	673	1473	65.376	23475108.827	NaN
970	0970-1411	2.995E14	23371077.531	1115	1444	64.841	18593162.881	NaN
971	0971-1388	1.315E13	5067752.661	891	1381	124.695	3525641.026	NaN
972	0972-1387	7.294E12	3859485.442	1408	1392	48.366	2564102.564	NaN
973	0973-1386	5.034E12	3172915.044	1417	1383	135.000	2243589.744	NaN
974	0974-1402	9.451E13	15916293.613	2367	1387	154.983	9911242.604	NaN
975	0975-1436	4.791E14	31035175.479	1398	1477	51.710	24562918.360	NaN
976	0976-1397	8.013E12	4079462.199	1464	1402	45.000	2884615.385	NaN
977	0977-1421	1.354E14	19042885.612	858	1439	43.636	12241538.428	NaN
978	0978-1425	1.767E14	21797228.379	2037	1452	36.027	14642919.432	NaN
979	0979-1484	1.391E15	56133682.424	2406	1570	79.139	36378817.080	NaN
980	0980-1414	3.421E13	10902148.302	646	1430	65.695	5092864.550	NaN
981	0981-1404	7.191E12	3859485.442	984	1400	138.366	2564102.564	NaN
982	0982-1415	7.787E13	13785777.672	1626	1400	144.462	9535773.073	NaN
983	0983-1408	1.335E13	5606684.514	2287	1412	30.964	3205128.205	NaN
984	0984-1410	9.246E12	4622501.635	642	1416	56.310	2564102.564	NaN
985	0985-1415	5.753E12	3407098.017	976	1411	131.186	2243589.744	NaN
986	0986-1456	2.749E14	30025739.561	2300	1501	73.887	13518671.023	NaN
987	0987-1470	5.160E14	38532253.368	2336	1529	78.970	18986934.909	NaN
988	0988-1418	1.448E13	5706568.530	1678	1424	38.157	3846153.846	NaN
989	0989-1418	5.034E12	3172915.044	1462	1415	135.000	2243589.744	NaN
990	0990-1418	5.034E12	3172915.044	1702	1415	135.000	2243589.744	NaN
991	0991-1421	5.753E12	3407098.017	1331	1418	138.814	2243589.744	NaN
992	0992-1492	8.824E14	45918425.583	537	1562	66.119	30270575.915	NaN
993	0993-1472	3.555E14	31247945.363	1352	1424	100.042	17789834.322	NaN
994	0994-1461	2.658E14	25691056.958	1454	1425	123.294	17736285.505	NaN
995	0995-1446	1.016E14	15437941.768	1737	1434	138.366	11105202.653	NaN
996	0996-1448	7.027E13	15437941.768	619	1432	138.366	7862906.639	NaN
997	0997-1459	1.969E14	20212647.468	1610	1459	14.697	15188493.912	NaN
998	0998-1464	1.528E14	18548251.662	2519	1493	80.049	11217948.718	NaN
999	0999-1463	1.023E14	17940130.730	1513	1490	71.241	9947635.746	NaN
1000	1000-1512	1.237E15	50321533.552	1676	1444	117.708	36384592.200	NaN
1001	1001-1499	7.434E14	40744227.134	2088	1438	114.146	27994675.597	NaN
1002	1002-1452	2.126E13	7804997.219	1873	1441	109.179	3767872.836	NaN
1003	1003-1469	2.297E14	21548379.890	1055	1484	22.751	15823178.674	NaN
1004	1004-1485	3.428E14	28617326.007	2560	1528	74.407	16974783.357	NaN
1005	1005-1467	1.183E14	15290846.720	945	1460	146.976	12263961.438	NaN
1006	1006-1502	5.865E14	36998065.322	1144	1448	109.220	21278807.813	NaN
1007	1007-1546	2.879E15	80090375.686	567	1606	38.338	58810827.478	NaN
1008	1008-1466	4.674E13	10712035.235	775	1455	141.072	7529244.429	NaN
1009	1009-1461	5.034E12	3172915.044	878	1458	135.000	2243589.744	NaN
1010	1010-1462	5.753E12	3407098.017	2591	1459	138.814	2243589.744	NaN
1011	1011-1540	1.542E15	53414209.204	1552	1620	71.456	41060718.943	NaN
1012	1012-1471	1.027E13	4555343.078	1548	1477	50.711	3205128.205	NaN
1013	1013-1483	7.530E13	15226889.128	1771	1470	139.268	8449854.114	NaN
1014	1014-1586	3.107E15	94551282.051	1139	1704	53.130	50126105.673	NaN
1015	1015-1499	4.315E13	9811043.503	781	1488	128.367	6595954.256	NaN
1016	1016-1501	9.194E13	16826159.934	1408	1498	162.255	9049435.894	NaN
1017	1017-1491	5.034E12	3172915.044	1876	1488	135.000	2243589.744	NaN
1018	1018-1495	1.007E13	4359445.676	1641	1490	126.027	3205128.205	NaN
1019	1019-1584	1.839E15	59925612.720	1836	1677	84.167	44036785.842	NaN
1020	1020-1525	2.163E14	23025673.148	927	1546	38.784	13700982.964	NaN
1021	1021-1503	1.500E13	5892556.510	2653	1497	135.000	4166666.667	NaN
1022	1022-1505	7.602E12	4104566.819	860	1510	51.340	2564102.564	NaN
1023	1023-1563	7.023E14	38686574.570	2525	1503	96.183	26594300.326	NaN
1024	1024-1532	1.505E14	19822623.200	2610	1512	129.094	13717948.718	NaN
1025	1025-1574	7.819E14	48502390.867	1418	1640	60.725	28151496.909	NaN
1026	1026-1563	4.165E14	33283987.143	1370	1613	74.358	17725881.445	NaN
1027	1027-1520	5.753E12	3407098.017	853	1517	138.814	2243589.744	NaN
1028	1028-1558	1.519E14	24409529.185	2273	1593	66.801	10218547.944	NaN
1029	1029-1535	1.017E13	4555343.078	1423	1530	129.289	2884615.385	NaN
1030	1030-1576	3.447E14	31298860.553	484	1535	124.992	16023136.051	NaN
1031	1031-1572	2.412E14	23194589.617	2587	1537	101.155	15064102.564	NaN
1032	1032-1599	1.053E15	44923276.328	1925	1538	119.491	36538461.538	NaN
1033	1033-1542	6.472E12	3626188.621	2003	1546	45.000	2564102.564	NaN
1034	1034-1552	4.068E13	11028622.137	448	1543	144.462	6710493.987	NaN
1035	1035-1581	4.686E14	31685411.767	2307	1612	38.841	22569968.064	NaN
1036	1036-1546	8.013E12	4104566.819	2608	1551	51.340	2564102.564	NaN
1037	1037-1546	5.753E12	3407098.017	321	1542	131.186	2243589.744	NaN
1038	1038-1545	5.034E12	3172915.044	1424	1542	135.000	2243589.744	NaN
1039	1039-1552	5.034E12	3172915.044	1164	1549	135.000	2243589.744	NaN
1040	1040-1596	3.793E14	33714840.941	2044	1550	119.002	17166936.181	NaN
1041	1041-1563	1.099E13	5168113.941	373	1559	150.255	2564102.564	NaN
1042	1042-1607	4.942E14	30001780.574	1648	1570	130.668	23384678.273	NaN
1043	1043-1600	2.423E14	21495875.176	446	1633	69.944	16115453.460	NaN
1044	1044-1599	2.108E14	20625193.004	2106	1573	135.630	14485110.078	NaN
1045	1045-1594	1.742E14	19300088.740	2428	1576	144.462	14346516.257	NaN
1046	1046-1578	1.151E13	5067752.661	2203	1572	124.695	2884615.385	NaN
1047	1047-1585	1.264E13	5334396.467	2617	1590	32.735	3205128.205	NaN
1048	1048-1624	3.611E14	28628093.171	2389	1583	111.682	20511052.903	NaN
1049	1049-1589	7.191E12	3654408.414	2637	1585	127.875	2564102.564	NaN
1050	1050-1597	1.027E13	4312058.989	2192	1594	138.013	3205128.205	NaN
1051	1051-1619	1.311E14	20182130.117	2171	1597	147.319	11873342.365	NaN
1052	1052-1608	1.880E13	7564374.180	1734	1618	53.616	4355818.849	NaN
1053	1053-1627	1.394E14	19574912.160	744	1606	140.315	14087098.519	NaN
1054	1054-1612	1.305E13	5067752.661	328	1606	124.695	3525641.026	NaN
1055	1055-1649	3.049E14	29126134.135	1583	1691	65.973	16929534.376	NaN
1056	1056-1634	1.659E14	17131702.583	2560	1660	72.582	13954417.308	NaN
1057	1057-1652	3.029E14	31393899.456	1724	1624	139.970	16518378.661	NaN
1058	1058-1619	2.465E13	6859273.897	2266	1613	142.595	4487179.487	NaN
1059	1059-1682	7.928E14	45008947.901	1504	1615	107.403	27672576.376	NaN
1060	1060-1674	5.474E14	35604343.787	1457	1728	76.464	23242997.399	NaN
1061	1061-1684	9.460E14	41523422.412	2486	1620	98.881	33551795.530	NaN
1062	1062-1673	4.139E14	36489226.838	545	1621	112.736	18923252.014	NaN
1063	1063-1644	1.778E14	22103768.781	2295	1628	150.461	12709618.015	NaN
1064	1064-1728	1.640E15	67457099.134	1900	1833	86.186	34735857.234	NaN
1065	1065-1678	4.892E14	35926041.716	1359	1733	74.476	21818288.374	NaN
1066	1066-1639	1.253E13	6345830.088	2659	1632	135.000	3626188.621	NaN
1067	1067-1682	4.471E14	33488605.322	2011	1725	50.826	19206928.930	NaN
1068	1068-1698	8.759E14	53589896.945	2050	1754	36.733	27349228.475	NaN
1069	1069-1737	1.132E15	65820723.832	616	1836	73.595	28320981.772	NaN
1070	1070-1645	6.575E12	3626188.621	738	1641	135.000	2564102.564	NaN
1071	1071-1648	1.181E13	5670450.645	2589	1642	137.291	3462952.200	NaN
1072	1072-1675	1.761E14	19527623.348	2201	1702	66.801	12524360.293	NaN
1073	1073-1695	4.407E14	31879346.528	1640	1647	102.779	22540102.493	NaN
1074	1074-1716	6.956E14	46602387.754	2277	1649	111.801	24486364.142	NaN
1075	1075-1686	1.592E14	23572405.139	702	1722	78.232	10594982.567	NaN
1076	1076-1653	5.753E12	3407098.017	1954	1650	138.814	2243589.744	NaN
1077	1077-1660	1.140E13	5448717.949	611	1653	118.072	2564102.564	NaN
1078	1078-1762	1.760E15	70169619.328	1696	1871	82.388	34269714.533	NaN
1079	1079-1697	4.011E14	29294941.929	1293	1661	126.995	20114351.744	NaN
1080	1080-1688	2.667E14	23823828.121	733	1714	42.274	18100333.710	NaN
1081	1081-1694	1.902E14	22131636.541	2370	1660	100.008	17575305.556	NaN
1082	1082-1700	2.251E14	28106617.011	2564	1664	134.076	18055579.707	NaN
1083	1083-1673	5.034E12	3172915.044	2187	1670	135.000	2243589.744	NaN
1084	1084-1713	2.303E14	26662351.722	1962	1672	99.689	15240325.065	NaN
1085	1085-1679	5.034E12	3172915.044	1400	1676	135.000	2243589.744	NaN
1086	1086-1750	1.677E15	68766994.791	698	1755	8.848	45334387.653	NaN
1087	1087-1681	5.034E12	3172915.044	900	1678	135.000	2243589.744	NaN
1088	1088-1707	2.183E14	25528599.682	1158	1728	28.496	13220753.612	NaN
1089	1089-1697	1.407E13	6047423.803	1809	1689	122.005	3205128.205	NaN
1090	1090-1703	4.376E13	9873667.821	2426	1697	144.246	6973690.936	NaN
1091	1091-1702	1.531E13	5909964.396	1832	1695	130.601	3846153.846	NaN
1092	1092-1734	2.846E14	24367407.447	1396	1702	125.362	20245118.411	NaN
1093	1093-1730	2.130E14	25840569.706	1216	1753	29.745	15654338.167	NaN
1094	1094-1735	1.018E14	19967202.727	1822	1706	108.726	9741873.598	NaN
1095	1095-1801	1.509E15	65801211.798	2127	1721	125.083	40829167.304	NaN
1096	1096-1722	1.829E13	6814196.034	2234	1730	48.814	4473083.305	NaN
1097	1097-1816	1.339E15	64917891.801	1585	1717	99.090	29884286.696	NaN
1098	1098-1724	5.753E12	3407098.017	693	1721	138.814	2243589.744	NaN
1099	1099-1725	5.034E12	3172915.044	976	1722	135.000	2243589.744	NaN
1100	1100-1726	5.034E12	3172915.044	987	1723	135.000	2243589.744	NaN
1101	1101-1726	5.034E12	3172915.044	1238	1723	135.000	2243589.744	NaN
1102	1102-1731	5.753E12	3407098.017	1174	1728	138.814	2243589.744	NaN
1103	1103-1732	7.088E12	3859485.442	2650	1728	131.634	2564102.564	NaN
1104	1104-1812	1.347E15	58048225.490	872	1895	56.485	35943576.900	NaN
1105	1105-1737	1.315E13	6047423.803	1551	1729	122.005	3180377.810	NaN
1106	1106-1759	1.521E14	20118403.624	1147	1732	120.651	12340373.778	NaN
1107	1107-1752	7.499E13	13915572.658	1795	1733	118.926	8043284.831	NaN
1108	1108-1741	1.068E13	5006570.305	2619	1735	129.806	3205128.205	NaN
1109	1109-1741	1.161E13	5067752.661	1014	1746	34.695	3205128.205	NaN
1110	1110-1821	1.330E15	58252268.271	2324	1906	65.973	36139395.248	NaN
1111	1111-1740	7.910E12	4079462.199	2672	1736	135.000	2884615.385	NaN
1112	1112-1781	1.820E14	30982169.163	2441	1825	65.556	11847474.300	NaN
1113	1113-1749	3.616E13	8534312.151	1197	1760	55.713	6730769.231	NaN
1114	1114-1742	6.369E12	3626188.621	1283	1746	45.000	2564102.564	NaN
1115	1115-1746	1.233E13	5733507.635	2033	1754	63.435	2564102.564	NaN
1116	1116-1757	6.903E13	17035490.085	2637	1740	138.814	6992165.174	NaN
1117	1117-1816	8.379E14	46633238.591	2603	1744	94.731	30128205.128	NaN
1118	1118-1767	9.944E13	14708710.135	1461	1745	101.310	10897435.897	NaN
1119	1119-1895	3.628E15	98444927.151	1301	1758	111.386	65112365.605	NaN
1120	1120-1779	2.166E14	27290683.279	1964	1808	40.236	12465023.386	NaN
1121	1121-1797	4.009E14	31935688.993	2531	1748	100.408	21506609.367	NaN
1122	1122-1808	5.845E14	38624122.177	2270	1749	99.071	22898244.259	NaN
1123	1123-1807	3.377E14	40595197.813	633	1863	61.209	15920105.137	NaN
1124	1124-1849	1.494E15	60531966.767	1517	1755	95.469	35641097.129	NaN
1125	1125-1789	2.704E14	24232125.861	1217	1804	37.476	18482014.318	NaN
1126	1126-1762	5.034E12	3172915.044	697	1759	135.000	2243589.744	NaN
1127	1127-1828	6.635E14	44457797.139	997	1759	95.793	22924952.837	NaN
1128	1128-1765	6.369E12	3626188.621	2484	1761	135.000	2564102.564	NaN
1129	1129-1858	1.609E15	61586853.302	2061	1954	83.726	36727923.809	NaN
1130	1130-1773	8.732E12	4104566.819	1785	1769	141.340	2884615.385	NaN
1131	1131-1777	5.034E12	3172915.044	2645	1774	135.000	2243589.744	NaN
1132	1132-1805	1.944E14	20477734.417	1135	1775	107.301	14977158.247	NaN
1133	1133-1779	5.753E12	3407098.017	2663	1776	138.814	2243589.744	NaN
1134	1134-1784	7.191E12	3912357.569	313	1779	124.992	2243589.744	NaN
1135	1135-1831	4.513E14	35732508.031	1791	1780	113.806	20833333.333	NaN
1136	1136-1832	4.595E14	32263719.057	742	1881	76.792	21770625.847	NaN
1137	1137-1796	1.510E13	6761225.356	2664	1805	58.570	3525641.026	NaN
1138	1138-1791	6.472E12	3654408.414	962	1788	142.125	2243589.744	NaN
1139	1139-1824	1.602E14	22263532.034	1984	1854	59.744	11850568.043	NaN
1140	1140-1868	4.104E14	39630992.279	1854	1810	108.875	16853907.674	NaN
1141	1141-1848	2.544E14	28031590.262	1206	1816	128.967	14566386.238	NaN
1142	1142-1911	1.340E15	59835546.046	687	2004	85.083	32020103.858	NaN
1143	1143-1824	8.732E12	4359445.676	1956	1820	143.973	2564102.564	NaN
1144	1144-1862	3.146E14	30963927.285	2455	1903	53.842	22503650.441	NaN
1145	1145-1829	5.034E12	3172915.044	470	1826	135.000	2243589.744	NaN
1146	1146-1907	1.129E15	54881678.956	811	1828	112.671	37854440.344	NaN
1147	1147-1891	5.203E14	42065399.835	1920	1955	77.234	19173948.319	NaN
1148	1148-1844	1.356E13	5706568.530	1135	1851	51.843	3525641.026	NaN
1149	1149-1852	6.472E12	3626188.621	103	1856	45.000	2564102.564	NaN
1150	1150-1890	3.331E14	28982937.804	1754	1851	119.116	18263539.276	NaN
1151	1151-1857	1.264E13	5448717.949	2005	1862	28.072	3205128.205	NaN
1152	1152-1892	2.179E14	24797834.787	507	1930	75.784	12179487.179	NaN
1153	1153-1859	6.472E12	3626188.621	2440	1855	135.000	2564102.564	NaN
1154	1154-1947	1.524E15	64537785.364	551	1867	123.453	32625931.233	NaN
1155	1155-1864	7.088E12	3859485.442	1678	1868	41.634	2564102.564	NaN
1156	1156-1900	2.091E14	27692381.885	1989	1864	127.003	12938868.941	NaN
1157	1157-1869	1.048E13	4986009.355	2290	1875	45.000	3397435.897	NaN
1158	1158-1871	1.716E13	6607541.067	95	1877	22.834	3525641.026	NaN
1159	1159-1870	7.191E12	3859485.442	1975	1875	48.366	2564102.564	NaN
1160	1160-1881	6.760E13	11112138.348	2531	1896	56.768	9202279.754	NaN
1161	1161-1872	5.034E12	3172915.044	623	1869	135.000	2243589.744	NaN
1162	1162-1944	5.047E14	47009518.249	2572	1871	95.477	19983720.540	NaN
1163	1163-2024	2.572E15	115822264.736	709	2102	31.535	56984144.921	NaN
1164	1164-1885	9.554E12	4532735.777	1807	1880	135.000	3205128.205	NaN
1165	1165-1956	1.058E15	51554763.655	1688	1882	113.058	33353281.575	NaN
1166	1166-1893	1.633E13	5961883.089	747	1901	53.746	3846153.846	NaN
1167	1167-1924	2.263E14	24377944.705	1972	1889	118.250	15879974.581	NaN
1168	1168-1895	5.034E12	3172915.044	1025	1892	135.000	2243589.744	NaN
1169	1169-1951	5.038E14	35627418.543	1645	2006	81.724	22298673.534	NaN
1170	1170-1941	3.988E14	30474011.087	2366	1984	67.751	21028407.763	NaN
1171	1171-1933	2.331E14	26048445.863	2247	1969	55.528	14844532.257	NaN
1172	1172-1952	4.773E14	35916032.271	1261	1898	103.416	19871794.872	NaN
1173	1173-1913	7.551E13	16248451.097	2464	1917	22.011	8793069.764	NaN
1174	1174-1906	1.592E13	6223233.282	2607	1911	34.509	3846153.846	NaN
1175	1175-1979	1.291E15	52203264.286	2178	2056	65.323	39099340.252	NaN
1176	1176-1947	3.776E14	29193070.607	1817	1903	109.231	21009761.018	NaN
1177	1177-1981	1.078E15	51746693.129	2411	1987	26.089	45488047.229	NaN
1178	1178-1940	5.116E13	12900392.178	93	1922	116.565	6730769.231	NaN
1179	1179-1949	1.906E14	19403603.676	1541	1942	157.671	15705128.205	NaN
1180	1180-1932	9.040E12	4312058.989	867	1927	131.987	2884615.385	NaN
1181	1181-1937	5.034E12	3172915.044	1590	1934	135.000	2243589.744	NaN
1182	1182-1937	5.753E12	3407098.017	2037	1934	138.814	2243589.744	NaN
1183	1183-1977	2.600E14	28982937.804	505	1940	122.811	12770736.705	NaN
1184	1184-2054	1.083E15	75456097.280	2282	2170	80.218	23429696.615	NaN
1185	1185-1947	1.623E13	6859273.897	864	1939	127.405	4160880.764	NaN
1186	1186-1943	5.753E12	3407098.017	1479	1939	131.186	2243589.744	NaN
1187	1187-1944	5.753E12	3407098.017	2021	1940	131.186	2243589.744	NaN
1188	1188-1948	1.942E13	6859273.897	2029	1940	127.405	4487179.487	NaN
1189	1189-1971	1.679E14	21541227.692	1478	1954	136.809	13662661.173	NaN
1190	1190-2060	1.464E15	73561707.337	1879	1947	100.037	29296899.354	NaN
1191	1191-1970	9.656E13	16219975.550	2069	1985	29.604	11535158.141	NaN
1192	1192-1955	9.554E12	4555343.078	488	1950	129.289	2884615.385	NaN
1193	1193-1958	7.088E12	3859485.442	6	1954	131.634	2564102.564	NaN
1194	1194-1964	5.753E12	3407098.017	35	1960	131.186	2243589.744	NaN
1195	1195-2026	9.030E14	45327357.768	755	1966	118.740	30036384.328	NaN
1196	1196-1987	2.493E14	27749821.567	1945	1978	173.367	12578590.654	NaN
1197	1197-1977	2.804E13	8659779.542	28	1986	38.991	5356596.294	NaN
1198	1198-1983	3.102E13	8980080.594	2249	1971	124.824	5769230.769	NaN
1199	1199-2022	4.439E14	32750388.327	1145	1972	101.860	21185310.710	NaN
1200	1200-1998	1.521E14	19179954.231	1430	1997	170.380	14359098.763	NaN
1201	1201-2012	1.960E14	21607889.475	1552	2044	69.146	15008174.709	NaN
1202	1202-2064	1.256E15	58633701.178	1793	1982	115.585	32243126.543	NaN
1203	1203-1996	4.839E13	10135505.321	833	1983	124.695	7289329.502	NaN
1204	1204-2021	3.142E14	25959559.912	1586	2060	69.775	17893790.773	NaN
1205	1205-2010	1.652E14	22224276.697	2075	1995	146.768	14926852.829	NaN
1206	1206-1988	8.629E12	4359445.676	1434	1992	36.027	2564102.564	NaN
1207	1207-2070	1.198E15	55262210.416	2046	2156	86.009	37500000.000	NaN
1208	1208-1992	6.369E12	3626188.621	2503	1996	45.000	2564102.564	NaN
1209	1209-1994	9.348E12	4555343.078	41	2000	50.711	2884615.385	NaN
1210	1210-2001	2.342E13	7883572.998	24	1990	116.565	3846153.846	NaN
1211	1211-2003	3.852E13	9071135.704	717	1992	122.005	6729257.921	NaN
1212	1212-2097	1.392E15	68239129.032	2307	2197	69.948	30787512.918	NaN
1213	1213-2001	5.034E12	3172915.044	2422	1998	135.000	2243589.744	NaN
1214	1214-2005	2.065E13	6933752.453	47	2011	33.690	4166666.667	NaN
1215	1215-2005	6.472E12	3654408.414	1228	2002	142.125	2243589.744	NaN
1216	1216-2042	3.094E14	26863869.574	2403	2002	107.354	20748099.808	NaN
1217	1217-2006	5.034E12	3172915.044	2245	2003	135.000	2243589.744	NaN
1218	1218-2034	1.691E14	18291709.068	702	2062	78.887	13698108.045	NaN
1219	1219-2012	7.910E12	4104566.819	1510	2007	128.660	2564102.564	NaN
1220	1220-2015	2.578E13	8171505.631	73	2009	154.440	4487179.487	NaN
1221	1221-2015	1.264E13	5892556.510	1993	2022	45.000	3956027.144	NaN
1222	1222-2018	1.479E13	5778127.044	134	2026	56.310	3525641.026	NaN
1223	1223-2019	2.548E13	7029394.936	1950	2012	133.152	5769230.769	NaN
1224	1224-2016	5.034E12	3172915.044	43	2013	135.000	2243589.744	NaN
1225	1225-2028	4.561E13	11653627.540	1970	2044	58.496	7231015.261	NaN
1226	1226-2027	2.917E13	9899644.366	1205	2037	29.055	5564878.020	NaN
1227	1227-2024	1.243E13	5067752.661	1236	2029	34.695	3205128.205	NaN
1228	1228-2087	9.720E14	48630361.549	52	2020	124.528	32454388.162	NaN
1229	1229-2047	1.546E14	22918347.616	1503	2024	137.834	12419375.348	NaN
1230	1230-2043	1.748E14	20833333.333	1418	2064	22.620	13403043.739	NaN
1231	1231-2026	5.034E12	3172915.044	85	2023	135.000	2243589.744	NaN
1232	1232-2033	2.106E13	7378759.252	161	2024	124.380	3999603.348	NaN
1233	1233-2030	1.161E13	4807692.308	105	2035	36.870	3205128.205	NaN
1234	1234-2109	7.469E14	56089743.590	2196	2193	73.740	20136319.481	NaN
1235	1235-2043	4.859E13	10135505.321	1230	2039	145.305	7907435.510	NaN
1236	1236-2033	5.034E12	3172915.044	2483	2030	135.000	2243589.744	NaN
1237	1237-2038	1.151E13	5006570.305	147	2033	140.194	3205128.205	NaN
1238	1238-2040	1.366E13	6607541.067	1945	2034	140.906	3635249.140	NaN
1239	1239-2039	6.472E12	3626188.621	1415	2035	135.000	2564102.564	NaN
1240	1240-2039	5.753E12	3407098.017	661	2036	138.814	2243589.744	NaN
1241	1241-2054	5.630E13	10745547.830	2101	2053	17.354	9294871.795	NaN
1242	1242-2048	9.348E12	4359445.676	2454	2054	53.973	2884615.385	NaN
1243	1243-2084	1.419E14	26064216.076	663	2045	106.429	7940394.056	NaN
1244	1244-2051	1.746E13	6859273.897	1398	2045	142.595	4022895.080	NaN
1245	1245-2105	4.046E14	38442837.334	1208	2046	97.184	18589743.590	NaN
1246	1246-2081	1.628E14	21308679.665	2143	2049	105.709	11538461.538	NaN
1247	1247-2063	3.821E13	9982315.066	152	2074	47.603	6666666.667	NaN
1248	1248-2054	5.753E12	3407098.017	1970	2051	138.814	2243589.744	NaN
1249	1249-2099	2.829E14	28250618.910	2437	2140	65.179	15464587.101	NaN
1250	1250-2064	6.369E12	3626188.621	328	2060	135.000	2564102.564	NaN
1251	1251-2064	5.034E12	3172915.044	1406	2061	135.000	2243589.744	NaN
1252	1252-2065	6.986E12	3859485.442	2588	2061	138.366	2564102.564	NaN
1253	1253-2079	4.119E13	11858974.359	439	2097	71.075	5448717.949	NaN
1254	1254-2071	5.034E12	3172915.044	136	2068	135.000	2243589.744	NaN
1255	1255-2076	1.356E13	5256801.111	1139	2083	37.569	4166666.667	NaN
1256	1256-2080	9.862E12	4555343.078	142	2076	140.711	2884615.385	NaN
1257	1257-2081	5.753E12	3407098.017	1985	2078	138.814	2243589.744	NaN
1258	1258-2142	1.080E15	57522899.422	1041	2189	32.716	35661061.859	NaN
1259	1259-2089	5.034E12	3172915.044	1564	2086	135.000	2243589.744	NaN
1260	1260-2090	5.753E12	3407098.017	1574	2086	131.186	2243589.744	NaN
1261	1261-2092	6.472E12	3626188.621	150	2088	135.000	2564102.564	NaN
1262	1262-2091	5.034E12	3172915.044	2633	2088	135.000	2243589.744	NaN
1263	1263-2095	5.753E12	3407098.017	534	2091	131.186	2243589.744	NaN
1264	1264-2112	1.921E13	7058562.675	2120	2121	50.528	4622711.287	NaN
1265	1265-2117	2.537E13	7935524.617	145	2125	46.637	5019253.670	NaN
1266	1266-2111	6.472E12	3654408.414	2414	2107	127.875	2243589.744	NaN
1267	1267-2115	9.862E12	4532735.777	2162	2110	135.000	3205128.205	NaN
1268	1268-2156	6.483E14	38988115.403	690	2130	153.646	25915150.589	NaN
1269	1269-2157	2.742E14	27115081.528	2112	2123	118.989	18478012.698	NaN
1270	1270-2160	2.437E14	26817941.854	2525	2198	65.273	12862282.965	NaN
1271	1271-2158	1.077E14	19329341.389	144	2139	139.708	12354998.885	NaN
1272	1272-2167	5.245E14	40430377.003	915	2198	25.346	20192307.692	NaN
1273	1273-2167	2.460E14	21129550.928	50	2137	112.286	16483834.450	NaN
1274	1274-2144	5.753E12	3407098.017	1795	2141	138.814	2243589.744	NaN
1275	1275-2170	2.037E14	21926450.483	2377	2197	52.125	15556495.888	NaN
1276	1276-2152	2.537E13	7509855.458	1837	2161	50.194	5734610.126	NaN
1277	1277-2148	1.048E13	4312058.989	2428	2153	41.987	3205128.205	NaN
1278	1278-2170	2.317E14	22575117.504	2433	2198	51.340	17628205.128	NaN
1279	1279-2151	1.705E13	6047423.803	2245	2148	147.995	4166666.667	NaN
1280	1280-2153	1.017E13	5067752.661	1966	2149	145.305	2884615.385	NaN
1281	1281-2157	1.407E13	5961883.089	2062	2152	143.746	3698169.029	NaN
1282	1282-2159	6.369E12	3626188.621	2156	2155	135.000	2564102.564	NaN
1283	1283-2160	5.034E12	3172915.044	1858	2157	135.000	2243589.744	NaN
1284	1284-2163	8.526E12	4312058.989	1152	2168	41.987	2884615.385	NaN
1285	1285-2165	9.451E12	4359445.676	1578	2171	53.973	2884615.385	NaN
1286	1286-2164	6.986E12	3859485.442	1937	2160	138.366	2564102.564	NaN
1287	1287-2167	2.209E13	8467849.240	114	2174	29.476	3791234.919	NaN
1288	1288-2167	8.732E12	4359445.676	1182	2173	53.973	2564102.564	NaN
1289	1289-2173	3.328E13	8314821.648	2016	2168	152.447	6325532.658	NaN
1290	1290-2170	1.736E13	6933752.453	2053	2164	146.310	4443468.417	NaN
1291	1291-2169	1.130E13	4892415.873	2100	2163	121.608	2884615.385	NaN
1292	1292-2181	8.937E13	14927091.054	862	2189	14.931	10747815.441	NaN
1293	1293-2174	1.151E13	5706568.530	1877	2169	141.843	3366831.612	NaN
1294	1294-2175	1.243E13	5514311.069	1636	2180	35.538	3205128.205	NaN
1295	1295-2173	5.034E12	3172915.044	1660	2170	135.000	2243589.744	NaN
1296	1296-2184	6.503E13	12516425.763	1603	2198	39.806	8653846.154	NaN
1297	1297-2174	5.753E12	3407098.017	1809	2171	138.814	2243589.744	NaN
1298	1298-2180	1.407E13	5597515.768	1710	2172	113.629	3205128.205	NaN
1299	1299-2185	8.146E13	14596535.304	86	2198	19.231	8012820.513	NaN
1300	1300-2186	1.258E14	25890215.419	1151	2177	164.932	7692307.692	NaN
1301	1301-2186	9.359E13	18724643.165	1735	2190	173.118	7645326.425	NaN
1302	1302-2185	3.945E13	9748016.875	2229	2197	43.668	6558402.279	NaN
1303	1303-2186	5.301E13	10845464.305	2252	2174	145.840	7692307.692	NaN
1304	1304-2186	3.863E13	9360949.914	209	2175	128.047	6987179.487	NaN
1305	1305-2187	2.260E13	7454938.045	672	2177	115.463	4104181.757	NaN
1306	1306-2184	7.191E12	3859485.442	1692	2180	138.366	2564102.564	NaN
1307	1307-2190	5.013E13	13453905.040	815	2196	12.381	5128205.128	NaN
1308	1308-2189	1.633E13	6156850.228	1659	2182	128.660	4166666.667	NaN
1309	1309-2188	9.862E12	4312058.989	881	2183	131.987	3205128.205	NaN
1310	1310-2188	5.753E12	3407098.017	136	2184	131.186	2243589.744	NaN
1311	1311-2189	1.181E13	4986009.355	256	2195	45.000	3525641.026	NaN
1312	1312-2191	5.753E12	3407098.017	233	2187	131.186	2243589.744	NaN
1313	1313-2190	5.034E12	3172915.044	1131	2187	135.000	2243589.744	NaN
1314	1314-2192	2.363E13	8718891.352	1322	2198	17.103	3525641.026	NaN
1315	1315-2191	9.656E12	4622501.635	1585	2195	33.690	2564102.564	NaN
1316	1316-2192	4.571E13	15280765.950	1828	2198	9.660	3525641.026	NaN
1317	1317-2193	1.736E13	6313370.386	153	2190	156.038	3205128.205	NaN
1318	1318-2191	5.034E12	3172915.044	303	2188	135.000	2243589.744	NaN
1319	1319-2191	5.034E12	3172915.044	2074	2188	135.000	2243589.744	NaN
1320	1320-2193	9.143E12	4622501.635	1972	2189	146.310	2564102.564	NaN
1321	1321-2193	5.034E12	3172915.044	2056	2190	135.000	2243589.744	NaN
