 	Label	Area	Feret	FeretX	FeretY	FeretAngle	MinFeret	Perinuclei
1	0001-0006	126356.016	533.440	386	11	32.735	320.513	NaN
2	0002-0068	14122082.512	5219.736	2094	26	158.003	4247.547	NaN
3	0003-0016	200320.513	725.238	428	8	135.000	422.686	NaN
4	0004-0016	98619.329	462.250	413	10	123.690	256.410	NaN
5	0005-0014	86291.913	431.206	1898	19	41.987	288.462	NaN
6	0006-0065	6919789.612	3603.026	2461	105	35.952	3140.405	NaN
7	0007-0018	77046.351	410.457	2071	14	141.340	256.410	NaN
8	0008-0022	133547.009	636.200	1539	15	139.086	397.436	NaN
9	0009-0022	149983.563	685.927	2582	16	142.595	363.058	NaN
10	0010-0077	5931541.749	3911.964	542	138	82.467	2403.271	NaN
11	0011-0041	1784393.491	1885.313	1821	24	144.689	1432.429	NaN
12	0012-0086	10120808.679	5125.901	1984	152	50.837	3739.997	NaN
13	0013-0025	81155.490	410.457	1774	29	38.660	256.410	NaN
14	0014-0097	14265902.367	5810.836	985	85	159.666	3988.807	NaN
15	0015-0029	147928.994	596.188	1791	34	36.254	380.905	NaN
16	0016-0029	81155.490	410.457	1108	25	141.340	256.410	NaN
17	0017-0094	8097057.857	4687.164	379	28	116.390	3254.287	NaN
18	0018-0037	273257.725	833.333	1514	31	157.380	490.290	NaN
19	0019-0032	50336.949	317.292	2670	29	135.000	224.359	NaN
20	0020-0033	50336.949	317.292	2554	30	135.000	224.359	NaN
21	0021-0035	50336.949	317.292	407	32	135.000	224.359	NaN
22	0022-0114	9405818.540	5316.457	1915	197	84.118	2857.585	NaN
23	0023-0041	154092.702	681.420	1957	33	131.186	420.584	NaN
24	0024-0038	57527.942	340.710	1975	34	131.186	224.359	NaN
25	0025-0067	1748438.527	2281.052	2407	34	109.708	1299.358	NaN
26	0026-0041	131492.439	567.045	2422	35	137.291	384.615	NaN
27	0027-0043	104783.037	480.769	1730	48	36.870	288.462	NaN
28	0028-0047	167447.403	648.989	842	42	147.095	448.718	NaN
29	0029-0047	144847.140	590.996	825	53	40.601	385.283	NaN
30	0030-0047	71909.928	385.949	1949	43	131.634	256.410	NaN
31	0031-0047	50336.949	317.292	410	44	135.000	224.359	NaN
32	0032-0117	12743466.469	4850.239	2306	182	60.725	4243.084	NaN
33	0033-0114	6593113.083	4545.636	1789	52	118.191	2739.113	NaN
34	0034-0113	4580662.393	4120.180	1517	53	113.374	2016.966	NaN
35	0035-0063	335922.091	1095.385	1944	60	159.444	527.801	NaN
36	0036-0171	16866987.179	7208.048	831	283	84.898	4765.784	NaN
37	0037-0066	71909.928	385.949	1863	62	138.366	256.410	NaN
38	0038-0081	725262.985	1333.118	1967	73	152.819	1071.525	NaN
39	0039-0066	80128.205	410.457	2498	62	141.340	256.410	NaN
40	0040-0068	91428.337	453.274	215	73	45.000	320.513	NaN
41	0041-0140	5146696.252	5037.764	209	217	76.759	1833.380	NaN
42	0042-0076	206484.221	886.495	1854	66	130.601	442.308	NaN
43	0043-0168	10410502.959	7170.109	32	270	65.153	2741.932	NaN
44	0044-0100	832100.592	1858.145	773	72	104.995	893.741	NaN
45	0045-0077	94510.191	455.534	1293	82	39.289	288.462	NaN
46	0046-0135	6708168.968	4142.558	1696	77	116.169	2593.688	NaN
47	0047-0079	57527.942	340.710	1835	76	138.814	224.359	NaN
48	0048-0081	64718.935	362.619	366	77	135.000	256.410	NaN
49	0049-0081	50336.949	317.292	1745	78	135.000	224.359	NaN
50	0050-0082	50336.949	317.292	437	79	135.000	224.359	NaN
51	0051-0083	64718.935	362.619	2454	87	45.000	256.410	NaN
52	0052-0085	64718.935	362.619	502	81	135.000	256.410	NaN
53	0053-0152	10539940.828	5037.050	2562	83	119.338	3762.328	NaN
54	0054-0160	5849358.974	5272.899	1261	97	122.338	1952.736	NaN
55	0055-0121	1402243.590	1955.128	495	151	79.611	1025.641	NaN
56	0056-0096	57527.942	340.710	1557	93	138.814	224.359	NaN
57	0057-0194	15691773.504	6420.665	1206	95	96.593	3472.481	NaN
58	0058-0144	3383875.740	3205.128	249	192	73.740	1830.967	NaN
59	0059-0100	71909.928	365.441	1150	96	127.875	256.410	NaN
60	0060-0099	64718.935	365.441	2518	96	142.125	224.359	NaN
61	0061-0179	12682856.673	5608.974	1597	99	126.870	3248.139	NaN
62	0062-0103	82182.774	410.457	803	99	141.340	256.410	NaN
63	0063-0102	50336.949	317.292	2548	99	135.000	224.359	NaN
64	0064-0104	64718.935	362.619	2239	108	45.000	256.410	NaN
65	0065-0105	50336.949	317.292	290	102	135.000	224.359	NaN
66	0066-0109	57527.942	340.710	1846	105	131.186	224.359	NaN
67	0067-0116	77046.351	410.457	39	120	38.660	256.410	NaN
68	0068-0171	4760437.212	3822.174	914	230	72.933	1802.772	NaN
69	0069-0115	50336.949	317.292	1861	112	135.000	224.359	NaN
70	0070-0169	12202087.442	5374.112	2099	146	174.867	3241.848	NaN
71	0071-0194	13393737.673	5067.144	512	225	23.484	4643.910	NaN
72	0072-0122	79100.920	410.457	2423	126	38.660	256.410	NaN
73	0073-0123	64718.935	362.619	1672	127	45.000	256.410	NaN
74	0074-0216	11113165.680	6226.946	968	122	104.608	3099.187	NaN
75	0075-0133	98619.329	455.534	2473	139	50.711	288.462	NaN
76	0076-0134	72937.212	385.949	1446	130	131.634	256.410	NaN
77	0077-0136	164365.549	533.440	2483	134	147.265	416.667	NaN
78	0078-0136	108892.176	476.477	1521	142	47.726	352.564	NaN
79	0079-0136	92455.621	431.206	1682	131	131.987	288.462	NaN
80	0080-0135	57527.942	340.710	2442	131	131.186	224.359	NaN
81	0081-0136	64718.935	362.619	804	140	45.000	256.410	NaN
82	0082-0148	582470.414	1333.118	2405	142	152.819	871.653	NaN
83	0083-0162	1607700.526	1892.926	766	137	118.301	1411.164	NaN
84	0084-0166	1746383.958	2249.306	1466	138	122.784	1281.151	NaN
85	0085-0152	528024.326	1148.939	318	146	149.859	906.932	NaN
86	0086-0148	151010.848	612.339	2464	154	42.879	396.315	NaN
87	0087-0186	3337647.929	2661.029	460	227	80.991	1753.731	NaN
88	0088-0217	8531599.277	4819.750	106	283	65.651	2906.544	NaN
89	0089-0173	841346.154	1728.691	1429	147	100.685	713.097	NaN
90	0090-0168	914283.366	1578.343	2463	173	29.168	1052.761	NaN
91	0091-0200	8047748.192	3831.838	2009	238	43.305	2984.458	NaN
92	0092-0265	23564883.300	7165.809	662	159	108.516	5590.131	NaN
93	0093-0192	2516847.469	2604.845	1026	159	124.472	1759.393	NaN
94	0094-0164	50336.949	317.292	810	161	135.000	224.359	NaN
95	0095-0167	88346.483	435.945	1447	162	126.027	256.410	NaN
96	0096-0171	148956.279	604.742	1871	179	57.995	320.513	NaN
97	0097-0177	437623.274	964.206	314	172	164.578	758.551	NaN
98	0098-0220	6863288.955	3484.167	362	174	140.599	2945.373	NaN
99	0099-0239	13000287.640	4830.820	2344	196	152.755	4192.283	NaN
100	0100-0268	16889587.442	6273.296	1101	363	76.106	4102.564	NaN
101	0101-0177	57527.942	340.710	2645	173	131.186	224.359	NaN
102	0102-0223	3045899.080	3454.557	1566	175	117.041	1449.126	NaN
103	0103-0200	2257971.729	2363.334	2248	222	20.647	1602.564	NaN
104	0104-0184	429404.997	1206.508	1824	191	16.991	480.352	NaN
105	0105-0183	57527.942	340.710	101	180	138.814	224.359	NaN
106	0106-0187	57527.942	340.710	1587	184	138.814	224.359	NaN
107	0107-0210	1361152.202	1893.469	1751	227	33.959	1535.834	NaN
108	0108-0203	311267.258	1119.503	289	187	113.629	538.553	NaN
109	0109-0322	35936472.715	9525.650	1420	212	126.793	6191.765	NaN
110	0110-0201	169501.972	716.688	27	191	116.565	313.393	NaN
111	0111-0203	179774.819	716.688	11	193	116.565	320.513	NaN
112	0112-0196	50336.949	317.292	2674	193	135.000	224.359	NaN
113	0113-0201	91428.337	455.534	104	207	50.711	288.462	NaN
114	0114-0204	130465.155	543.928	1870	198	135.000	384.615	NaN
115	0115-0212	674926.036	1404.783	2105	200	145.222	766.470	NaN
116	0116-0257	4267340.565	4250.271	270	311	57.628	1878.205	NaN
117	0117-0218	328731.098	974.802	1290	205	117.408	553.609	NaN
118	0118-0212	147928.994	666.944	1903	206	144.782	354.893	NaN
119	0119-0212	72937.212	385.949	1983	216	41.634	256.410	NaN
120	0120-0234	1400189.020	1591.307	2294	252	55.670	1282.051	NaN
121	0121-0217	120192.308	500.657	271	212	140.194	320.513	NaN
122	0122-0220	132519.724	570.657	6	226	38.157	344.607	NaN
123	0123-0219	95537.475	455.534	247	224	39.289	288.462	NaN
124	0124-0260	5107659.435	3852.825	2523	215	143.797	2546.355	NaN
125	0125-0223	96564.760	431.206	482	228	41.987	320.513	NaN
126	0126-0221	79100.920	417.898	2595	218	147.529	224.359	NaN
127	0127-0224	64718.935	362.619	1286	228	45.000	256.410	NaN
128	0128-0226	96564.760	489.242	2664	222	148.392	256.410	NaN
129	0129-0234	312294.543	771.897	1036	242	48.366	629.174	NaN
130	0130-0229	64718.935	362.619	1909	233	45.000	256.410	NaN
131	0131-0231	57527.942	340.710	31	227	131.186	224.359	NaN
132	0132-0238	201347.798	817.151	266	227	115.560	438.301	NaN
133	0133-0242	502342.209	1293.618	2212	230	138.013	687.757	NaN
134	0134-0236	239357.331	750.986	2643	242	39.806	510.568	NaN
135	0135-0250	1154667.982	1634.301	2251	228	131.820	1115.370	NaN
136	0136-0233	77046.351	407.946	225	229	135.000	288.462	NaN
137	0137-0233	50336.949	317.292	215	230	135.000	224.359	NaN
138	0138-0300	14801117.686	5860.566	2072	256	163.151	4080.025	NaN
139	0139-0242	284557.857	998.232	1353	254	42.397	475.937	NaN
140	0140-0237	57527.942	340.710	926	234	138.814	224.359	NaN
141	0141-0270	2107988.166	2417.695	1386	307	75.411	1410.256	NaN
142	0142-0279	2829142.012	2907.318	508	235	104.036	1659.125	NaN
143	0143-0239	72937.212	385.949	1930	235	138.366	256.410	NaN
144	0144-0240	57527.942	340.710	246	237	138.814	224.359	NaN
145	0145-0241	57527.942	340.710	2195	237	131.186	224.359	NaN
146	0146-0330	15661982.249	6467.215	900	238	114.914	3517.405	NaN
147	0147-0261	1392998.028	1562.972	1319	238	105.461	1465.010	NaN
148	0148-0265	1201923.077	1750.833	1869	240	113.749	1089.744	NaN
149	0149-0248	98619.329	431.206	1282	243	131.987	320.513	NaN
150	0150-0341	14804199.540	6895.496	2002	244	115.612	3113.729	NaN
151	0151-0249	80128.205	407.946	198	254	45.000	288.462	NaN
152	0152-0252	108892.176	500.657	1938	257	39.806	320.513	NaN
153	0153-0252	72937.212	385.949	2637	248	138.366	256.410	NaN
154	0154-0253	93482.906	435.945	1953	258	36.027	288.462	NaN
155	0155-0254	57527.942	340.710	349	250	131.186	224.359	NaN
156	0156-0312	7268039.119	4318.487	189	374	65.908	2884.615	NaN
157	0157-0256	71909.928	391.236	778	251	124.992	224.359	NaN
158	0158-0260	64718.935	362.619	200	256	135.000	256.410	NaN
159	0159-0262	128410.585	480.769	1632	257	143.130	352.564	NaN
160	0160-0263	104783.037	476.477	1934	258	132.274	320.513	NaN
161	0161-0317	9002095.661	3897.626	414	368	53.696	3589.851	NaN
162	0162-0266	88346.483	431.206	2618	271	41.987	288.462	NaN
163	0163-0269	116083.169	545.814	1357	275	40.236	352.564	NaN
164	0164-0270	103755.753	462.250	1687	264	123.690	288.462	NaN
165	0165-0274	457141.683	1006.431	2228	265	142.765	631.817	NaN
166	0166-0303	4171803.090	2962.794	2286	343	58.717	2243.704	NaN
167	0167-0274	57527.942	340.710	17	270	131.186	224.359	NaN
168	0168-0310	2099769.888	2716.618	1823	350	70.710	1514.137	NaN
169	0169-0279	162310.980	641.026	2440	287	53.130	387.492	NaN
170	0170-0277	78073.636	407.946	39	282	45.000	288.462	NaN
171	0171-0280	224975.345	676.123	1903	275	148.570	448.718	NaN
172	0172-0282	202375.082	730.882	2457	291	52.125	462.777	NaN
173	0173-0301	2047378.369	2201.295	1244	326	47.951	1602.550	NaN
174	0174-0282	138683.432	612.339	1706	275	132.879	352.922	NaN
175	0175-0280	71909.928	385.949	1261	276	131.634	256.410	NaN
176	0176-0309	1596400.394	2171.223	1974	343	81.511	1266.879	NaN
177	0177-0324	3483522.354	3152.941	1633	277	107.146	1733.335	NaN
178	0178-0316	2631903.353	3169.352	63	290	151.621	1740.597	NaN
179	0179-0362	13063979.290	5575.449	322	445	70.523	3647.322	NaN
180	0180-0285	86291.913	431.206	805	290	41.987	288.462	NaN
181	0181-0289	154092.702	544.872	50	282	118.072	352.564	NaN
182	0182-0288	145874.425	506.775	2486	295	55.305	384.615	NaN
183	0183-0286	50336.949	317.292	2532	283	135.000	224.359	NaN
184	0184-0288	64718.935	365.441	1948	285	142.125	224.359	NaN
185	0185-0290	109919.461	476.477	2643	295	42.274	320.513	NaN
186	0186-0292	107864.892	462.250	2592	289	146.310	320.513	NaN
187	0187-0293	137656.147	545.814	2609	300	49.764	352.564	NaN
188	0188-0296	168474.688	705.856	1916	289	140.528	393.552	NaN
189	0189-0360	11459360.618	4936.522	1331	292	121.729	3284.771	NaN
190	0190-0296	57527.942	340.710	1608	292	131.186	224.359	NaN
191	0191-0296	50336.949	317.292	1892	293	135.000	224.359	NaN
192	0192-0305	759163.379	1710.470	2405	310	12.995	801.282	NaN
193	0193-0301	195184.089	622.323	165	297	145.491	480.029	NaN
194	0194-0299	103755.753	455.534	2661	303	39.289	320.513	NaN
195	0195-0298	50336.949	317.292	136	295	135.000	224.359	NaN
196	0196-0299	57527.942	340.710	797	295	131.186	224.359	NaN
197	0197-0303	50336.949	317.292	36	300	135.000	224.359	NaN
198	0198-0323	1173159.106	1671.590	2480	346	57.529	1226.701	NaN
199	0199-0328	1976495.726	2072.457	1871	353	39.352	1676.288	NaN
200	0200-0309	157174.556	545.814	24	303	130.236	416.667	NaN
201	0201-0313	215729.783	775.879	1794	323	51.710	480.769	NaN
202	0202-0352	2984261.999	2923.527	1033	308	105.255	1765.062	NaN
203	0203-0318	209566.075	685.927	147	310	127.405	448.718	NaN
204	0204-0343	1835757.725	2540.355	1150	378	60.524	1222.861	NaN
205	0205-0367	11437787.640	4634.154	2325	348	155.917	3650.259	NaN
206	0206-0355	3357166.338	2809.565	2528	316	117.150	2391.538	NaN
207	0207-0321	57527.942	340.710	564	318	138.814	224.359	NaN
208	0208-0322	70882.643	385.949	1922	318	131.634	256.410	NaN
209	0209-0348	1582018.409	1937.976	31	327	124.216	1586.458	NaN
210	0210-0400	15759574.293	5625.160	2136	450	42.691	4299.535	NaN
211	0211-0328	57527.942	340.710	555	325	138.814	224.359	NaN
212	0212-0332	116083.169	516.811	815	325	119.745	288.462	NaN
213	0213-0394	6492439.185	4784.130	556	334	125.181	2354.672	NaN
214	0214-0331	79100.920	391.236	2618	328	145.008	256.410	NaN
215	0215-0334	136628.863	567.045	799	341	47.291	384.615	NaN
216	0216-0336	65746.220	362.619	585	332	135.000	256.410	NaN
217	0217-0339	119165.023	476.477	838	334	132.274	352.564	NaN
218	0218-0340	177720.250	737.876	2619	347	34.380	402.290	NaN
219	0219-0346	371877.055	961.538	1700	354	36.870	641.026	NaN
220	0220-0342	156147.272	544.872	1752	348	28.072	384.615	NaN
221	0221-0348	305103.550	796.137	853	337	130.101	608.974	NaN
222	0222-0344	156147.272	545.814	1727	350	40.236	416.667	NaN
223	0223-0383	4447115.385	3085.258	1240	347	124.846	2230.822	NaN
224	0224-0349	106837.607	525.680	793	343	127.569	320.513	NaN
225	0225-0347	50336.949	317.292	268	344	135.000	224.359	NaN
226	0226-0357	392422.748	1116.287	1797	346	140.826	608.140	NaN
227	0227-0352	198265.943	737.876	1915	346	145.620	439.004	NaN
228	0228-0367	875246.548	1447.994	1203	347	117.699	929.487	NaN
229	0229-0351	57527.942	340.710	1940	347	131.186	224.359	NaN
230	0230-0383	2442882.972	2533.876	2279	350	124.695	1385.350	NaN
231	0231-0367	586579.553	1248.355	117	383	48.122	880.053	NaN
232	0232-0355	94510.191	455.534	522	360	39.289	288.462	NaN
233	0233-0360	271203.156	838.862	1844	351	136.548	576.923	NaN
234	0234-0387	2322690.664	2496.711	247	421	60.803	1492.710	NaN
235	0235-0401	2357618.343	3173.239	1968	356	113.199	1315.567	NaN
236	0236-0372	620479.947	1769.800	805	388	35.417	739.645	NaN
237	0237-0379	610207.101	1457.893	1936	397	56.659	651.813	NaN
238	0238-0385	950238.330	1804.575	2107	359	109.722	788.004	NaN
239	0239-0364	64718.935	362.619	508	360	135.000	256.410	NaN
240	0240-0369	213675.214	748.245	1916	361	133.264	500.609	NaN
241	0241-0401	4065992.768	3059.009	2472	360	125.189	2085.774	NaN
242	0242-0377	609179.816	1556.056	654	363	147.619	701.867	NaN
243	0243-0369	162310.980	641.026	1753	375	36.870	416.667	NaN
244	0244-0374	260930.309	771.897	30	364	131.634	538.693	NaN
245	0245-0375	326676.529	808.938	1701	379	33.690	673.077	NaN
246	0246-0371	117110.454	489.242	1738	365	121.608	320.513	NaN
247	0247-0384	769436.226	1592.275	1153	400	40.101	935.826	NaN
248	0248-0375	208538.790	705.856	210	383	39.472	480.769	NaN
249	0249-0372	64718.935	362.619	1096	376	45.000	256.410	NaN
250	0250-0409	2135724.852	2584.057	1617	369	97.125	1206.478	NaN
251	0251-0428	8285050.953	4172.210	447	401	158.362	3239.445	NaN
252	0252-0375	57527.942	340.710	438	372	138.814	224.359	NaN
253	0253-0375	50336.949	317.292	2468	372	135.000	224.359	NaN
254	0254-0407	1823430.309	2262.966	1675	373	105.611	1250.000	NaN
255	0255-0388	601988.823	1105.188	1890	373	119.539	910.168	NaN
256	0256-0386	271203.156	911.069	856	396	39.289	566.896	NaN
257	0257-0392	328731.098	863.007	82	379	105.068	480.769	NaN
258	0258-0419	4056747.206	2768.311	1061	443	42.184	2219.578	NaN
259	0259-0385	72937.212	385.949	1779	390	48.366	256.410	NaN
260	0260-0408	1002629.849	1723.036	747	435	80.362	897.436	NaN
261	0261-0385	57527.942	340.710	843	382	138.814	224.359	NaN
262	0262-0391	162310.980	720.263	43	398	32.276	392.250	NaN
263	0263-0388	87319.198	410.457	110	392	38.660	288.462	NaN
264	0264-0389	88346.483	410.457	1061	394	51.340	288.462	NaN
265	0265-0388	96564.760	462.250	1788	392	33.690	256.410	NaN
266	0266-0389	57527.942	340.710	1311	385	131.186	224.359	NaN
267	0267-0389	57527.942	340.710	1769	385	131.186	224.359	NaN
268	0268-0425	2932897.765	2503.285	175	463	76.675	1841.359	NaN
269	0269-0400	268121.302	801.282	1008	390	126.870	576.923	NaN
270	0270-0403	334894.806	916.689	811	394	143.531	571.643	NaN
271	0271-0438	2643203.485	3265.143	98	482	58.650	1786.988	NaN
272	0272-0424	3216428.337	3111.617	1150	435	18.622	1808.840	NaN
273	0273-0485	5653147.600	5917.000	1454	395	102.832	1480.317	NaN
274	0274-0407	271203.156	817.151	1867	396	115.560	480.769	NaN
275	0275-0401	65746.220	362.619	129	397	135.000	256.410	NaN
276	0276-0401	64718.935	362.619	1823	397	135.000	256.410	NaN
277	0277-0411	319485.536	947.006	719	425	66.038	471.433	NaN
278	0278-0410	237302.761	835.795	64	421	57.529	419.132	NaN
279	0279-0408	206484.221	730.882	1947	417	52.125	448.718	NaN
280	0280-0429	2907215.648	2434.632	864	441	16.049	1793.984	NaN
281	0281-0409	151010.848	567.045	1792	416	47.291	416.667	NaN
282	0282-0410	161283.695	615.685	1908	403	128.660	384.615	NaN
283	0283-0407	50336.949	317.292	1814	404	135.000	224.359	NaN
284	0284-0408	50336.949	317.292	854	405	135.000	224.359	NaN
285	0285-0412	197238.659	645.020	1744	408	153.435	416.667	NaN
286	0286-0498	15880793.886	6314.835	1721	407	111.747	4743.590	NaN
287	0287-0413	99646.614	476.477	837	418	42.274	320.513	NaN
288	0288-0429	970784.024	1451.184	677	410	120.530	1194.695	NaN
289	0289-0416	117110.454	480.769	1029	410	126.870	320.513	NaN
290	0290-0416	71909.928	385.949	438	421	48.366	256.410	NaN
291	0291-0420	180802.104	803.203	1233	426	28.610	371.629	NaN
292	0292-0422	64718.935	362.619	1819	418	135.000	256.410	NaN
293	0293-0427	187993.097	612.339	1838	435	47.121	416.667	NaN
294	0294-0435	551651.874	1118.126	1861	420	117.300	895.603	NaN
295	0295-0426	170529.257	679.154	828	424	160.710	320.513	NaN
296	0296-0427	121219.592	545.814	992	434	49.764	352.564	NaN
297	0297-0425	64718.935	362.619	2382	429	45.000	256.410	NaN
298	0298-0430	277366.864	782.472	1006	438	34.992	512.821	NaN
299	0299-0500	13674186.391	5059.841	1280	569	54.800	3620.582	NaN
300	0300-0426	50336.949	317.292	1803	423	135.000	224.359	NaN
301	0301-0462	3272928.994	2577.290	2295	500	68.860	1863.688	NaN
302	0302-0430	64718.935	365.441	29	427	142.125	224.359	NaN
303	0303-0527	13793351.414	6496.930	1413	427	99.369	3162.972	NaN
304	0304-0438	237302.761	759.825	717	428	117.646	587.685	NaN
305	0305-0435	173611.111	577.813	1232	443	56.310	416.667	NaN
306	0306-0434	186965.812	874.830	2103	441	28.443	373.356	NaN
307	0307-0488	12871877.055	5956.022	2348	433	145.968	3661.355	NaN
308	0308-0433	81155.490	407.946	369	429	135.000	288.462	NaN
309	0309-0450	516724.195	1251.643	49	469	76.675	697.415	NaN
310	0310-0501	9952333.991	5146.202	187	558	50.560	2919.650	NaN
311	0311-0441	449950.690	1013.551	765	444	18.435	608.974	NaN
312	0312-0437	50336.949	317.292	168	434	135.000	224.359	NaN
313	0313-0439	71909.928	385.949	415	444	48.366	256.410	NaN
314	0314-0440	97592.045	455.534	428	446	50.711	288.462	NaN
315	0315-0444	174638.396	616.519	1838	437	152.103	448.718	NaN
316	0316-0472	2690458.580	2873.197	1951	437	128.660	1609.596	NaN
317	0317-0446	199293.228	604.742	1927	438	122.005	448.718	NaN
318	0318-0445	127383.300	545.814	2011	451	40.236	384.615	NaN
319	0319-0451	290721.565	961.538	13	442	143.130	548.054	NaN
320	0320-0447	57527.942	340.710	938	444	138.814	224.359	NaN
321	0321-0512	5593565.089	4815.165	2065	451	120.833	2015.890	NaN
322	0322-0451	87319.198	435.945	1799	457	53.973	256.410	NaN
323	0323-0454	72937.212	385.949	458	450	138.366	256.410	NaN
324	0324-0462	355440.500	890.541	690	474	59.744	705.128	NaN
325	0325-0466	411941.157	1360.576	847	450	133.091	569.558	NaN
326	0326-0531	15766765.286	5363.971	1003	612	75.466	4132.786	NaN
327	0327-0456	90401.052	455.534	1168	461	39.289	288.462	NaN
328	0328-0456	57527.942	340.710	1195	453	138.814	224.359	NaN
329	0329-0475	1084812.623	1583.217	746	454	121.759	1313.890	NaN
330	0330-0517	13231426.693	4959.256	1504	468	159.574	4009.296	NaN
331	0331-0470	557815.582	1125.452	1637	454	109.983	801.282	NaN
332	0332-0458	50336.949	317.292	340	455	135.000	224.359	NaN
333	0333-0502	4238576.594	3280.210	2509	547	56.155	2018.777	NaN
334	0334-0460	50336.949	317.292	1255	457	135.000	224.359	NaN
335	0335-0462	70882.643	385.949	782	466	41.634	256.410	NaN
336	0336-0462	83210.059	407.946	928	458	135.000	288.462	NaN
337	0337-0522	14645997.699	5513.193	1102	476	156.714	4123.848	NaN
338	0338-0462	63691.650	362.619	2494	466	45.000	256.410	NaN
339	0339-0478	653353.057	1495.803	352	464	135.000	830.013	NaN
340	0340-0464	57527.942	340.710	462	460	131.186	224.359	NaN
341	0341-0464	64718.935	362.619	671	460	135.000	256.410	NaN
342	0342-0465	142792.571	544.872	897	463	151.928	352.564	NaN
343	0343-0467	123274.162	545.814	1898	473	40.236	352.564	NaN
344	0344-0466	65746.220	362.619	2621	462	135.000	256.410	NaN
345	0345-0466	50336.949	317.292	538	463	135.000	224.359	NaN
346	0346-0470	181829.389	660.754	1811	478	39.094	480.769	NaN
347	0347-0467	71909.928	385.949	1874	463	131.634	256.410	NaN
348	0348-0468	104783.037	480.769	326	464	143.130	288.462	NaN
349	0349-0482	429404.997	1292.028	1938	465	119.745	552.645	NaN
350	0350-0473	63691.650	362.619	137	477	45.000	256.410	NaN
351	0351-0473	64718.935	362.619	528	477	45.000	256.410	NaN
352	0352-0546	14841181.788	5920.385	2142	469	123.518	3946.175	NaN
353	0353-0519	5304898.093	3862.412	109	566	49.038	2293.222	NaN
354	0354-0474	73964.497	385.949	611	470	131.634	256.410	NaN
355	0355-0475	71909.928	365.441	655	472	142.125	256.410	NaN
356	0356-0495	1300542.406	1677.112	827	519	63.925	1217.949	NaN
357	0357-0526	4759409.928	3530.882	1914	473	105.803	2619.466	NaN
358	0358-0522	4585798.817	3815.314	324	474	125.426	2690.108	NaN
359	0359-0498	983111.440	1770.090	566	475	121.675	1011.701	NaN
360	0360-0477	79100.920	417.898	905	474	147.529	224.359	NaN
361	0361-0552	9953361.275	5164.634	1797	487	118.951	3068.769	NaN
362	0362-0480	50336.949	317.292	711	477	135.000	224.359	NaN
363	0363-0516	2592866.535	2539.950	2039	555	79.824	1634.615	NaN
364	0364-0486	193129.520	560.668	528	481	149.036	480.769	NaN
365	0365-0492	347222.222	947.006	1656	506	66.038	641.100	NaN
366	0366-0486	183883.958	673.840	505	490	25.346	384.615	NaN
367	0367-0483	50336.949	317.292	658	480	135.000	224.359	NaN
368	0368-0488	173611.111	657.637	42	496	43.025	423.077	NaN
369	0369-0485	72937.212	385.949	609	481	131.634	256.410	NaN
370	0370-0487	113001.315	498.601	725	493	45.000	352.564	NaN
371	0371-0486	50336.949	317.292	923	483	135.000	224.359	NaN
372	0372-0489	81155.490	410.457	684	493	38.660	256.410	NaN
373	0373-0500	662598.619	1166.684	58	512	37.185	901.524	NaN
374	0374-0500	291748.849	934.447	625	513	59.036	683.169	NaN
375	0375-0550	9951306.706	4364.744	431	510	146.077	3589.967	NaN
376	0376-0512	864973.702	1459.654	781	534	70.769	989.030	NaN
377	0377-0514	1276914.859	1831.416	894	535	32.856	1221.377	NaN
378	0378-0500	92455.621	455.534	433	506	50.711	288.462	NaN
379	0379-0519	1062212.360	1982.262	658	495	129.094	939.152	NaN
380	0380-0504	64718.935	362.619	369	500	135.000	256.410	NaN
381	0381-0505	50336.949	317.292	289	502	135.000	224.359	NaN
382	0382-0509	245521.039	912.195	546	511	18.435	444.208	NaN
383	0383-0516	182856.673	756.437	809	507	126.384	425.874	NaN
384	0384-0510	50336.949	317.292	2072	507	135.000	224.359	NaN
385	0385-0513	57527.942	340.710	413	509	131.186	224.359	NaN
386	0386-0518	170529.257	688.170	860	528	62.241	320.513	NaN
387	0387-0561	5500082.183	3141.189	2299	517	118.657	2371.795	NaN
388	0388-0518	50336.949	317.292	527	515	135.000	224.359	NaN
389	0389-0520	50336.949	317.292	325	517	135.000	224.359	NaN
390	0390-0535	307158.120	827.147	291	525	125.538	567.471	NaN
391	0391-0540	566033.859	1500.603	575	534	160.017	728.722	NaN
392	0392-0540	379068.047	946.463	757	550	28.301	641.026	NaN
393	0393-0535	57527.942	340.710	636	531	131.186	224.359	NaN
394	0394-0547	781763.642	1391.557	630	553	14.676	882.882	NaN
395	0395-0540	100673.899	516.811	562	547	60.255	253.833	NaN
396	0396-0553	455087.114	1369.231	1080	573	69.444	545.600	NaN
397	0397-0550	495151.216	1231.370	791	562	38.660	649.544	NaN
398	0398-0543	64718.935	362.619	2497	547	45.000	256.410	NaN
399	0399-0600	5267915.845	3872.241	43	660	83.346	2211.538	NaN
400	0400-0551	201347.798	660.754	833	544	140.906	448.718	NaN
401	0401-0552	123274.162	521.757	6	558	47.490	352.564	NaN
402	0402-0549	50336.949	317.292	400	546	135.000	224.359	NaN
403	0403-0610	12885231.755	4936.314	869	574	142.386	3939.803	NaN
404	0404-0617	11957593.688	4930.900	2384	548	116.232	4127.770	NaN
405	0405-0579	2289817.554	2207.587	2071	611	64.179	1696.700	NaN
406	0406-0563	302021.696	851.624	331	551	109.799	471.405	NaN
407	0407-0555	64718.935	362.619	680	559	45.000	256.410	NaN
408	0408-0556	64718.935	362.619	875	560	45.000	256.410	NaN
409	0409-0559	130465.155	545.814	290	564	40.236	375.418	NaN
410	0410-0613	4860083.826	3949.467	1977	673	76.866	2088.980	NaN
411	0411-0559	64718.935	362.619	1645	563	45.000	256.410	NaN
412	0412-0561	50336.949	317.292	360	558	135.000	224.359	NaN
413	0413-0584	1869658.120	2474.392	2555	563	143.427	1409.296	NaN
414	0414-0562	50336.949	317.292	843	559	135.000	224.359	NaN
415	0415-0563	57527.942	340.710	659	560	138.814	224.359	NaN
416	0416-0576	569115.713	1301.535	1096	586	37.999	846.158	NaN
417	0417-0572	172583.826	657.637	341	580	46.975	453.361	NaN
418	0418-0635	8553172.255	4610.151	1178	591	131.336	2959.568	NaN
419	0419-0572	89373.767	431.206	366	577	41.987	288.462	NaN
420	0420-0602	2888724.523	2434.632	577	608	16.049	2092.730	NaN
421	0421-0573	92455.621	455.534	832	579	50.711	288.462	NaN
422	0422-0615	2988371.137	3058.505	2038	568	95.412	1631.938	NaN
423	0423-0654	23203279.093	9136.021	71	730	31.515	4808.180	NaN
424	0424-0644	11282667.653	5045.507	1583	717	63.598	3661.410	NaN
425	0425-0582	233193.623	911.069	785	571	129.289	547.563	NaN
426	0426-0575	64718.935	365.441	731	572	142.125	224.359	NaN
427	0427-0581	289694.280	788.357	1348	586	26.565	503.473	NaN
428	0428-0580	131492.439	612.339	2532	574	137.121	358.074	NaN
429	0429-0582	118137.738	615.685	1257	590	51.340	360.127	NaN
430	0430-0586	243466.469	748.245	564	594	46.736	543.928	NaN
431	0431-0593	609179.816	1360.576	1510	579	133.091	768.384	NaN
432	0432-0638	12772230.440	5807.742	1684	593	164.967	3800.606	NaN
433	0433-0583	80128.205	410.457	846	578	128.660	256.410	NaN
434	0434-0603	1093030.901	2176.185	720	579	133.807	1278.636	NaN
435	0435-0584	57527.942	340.710	820	580	131.186	224.359	NaN
436	0436-0583	50336.949	317.292	1371	580	135.000	224.359	NaN
437	0437-0598	931747.206	1287.249	1539	586	161.114	1153.846	NaN
438	0438-0607	1408407.298	1839.252	396	592	138.532	1320.749	NaN
439	0439-0619	2739768.245	2436.108	1289	653	57.355	1755.773	NaN
440	0440-0586	70882.643	385.949	1949	591	48.366	256.410	NaN
441	0441-0585	50336.949	317.292	2666	582	135.000	224.359	NaN
442	0442-0624	3107536.160	2828.151	2147	593	141.442	1972.356	NaN
443	0443-0659	13620767.587	5343.344	1105	611	139.622	4056.755	NaN
444	0444-0647	6800624.589	4329.890	2056	700	55.251	2569.034	NaN
445	0445-0593	108892.176	476.477	1924	588	132.274	320.513	NaN
446	0446-0594	77046.351	410.457	658	599	51.340	256.410	NaN
447	0447-0652	7904955.621	4607.588	1316	715	60.403	2734.188	NaN
448	0448-0600	367767.916	1058.178	804	610	35.134	669.158	NaN
449	0449-0604	362631.492	981.104	1491	592	128.367	673.077	NaN
450	0450-0658	8152531.229	4344.811	2524	595	111.644	3559.911	NaN
451	0451-0599	57527.942	340.710	1031	595	131.186	224.359	NaN
452	0452-0601	78073.636	410.457	544	605	38.660	256.410	NaN
453	0453-0649	3826635.437	3362.942	1661	598	100.989	1594.062	NaN
454	0454-0602	50336.949	317.292	1935	599	135.000	224.359	NaN
455	0455-0607	123274.162	545.814	345	614	49.764	352.564	NaN
456	0456-0604	50336.949	317.292	794	601	135.000	224.359	NaN
457	0457-0607	88346.483	431.206	496	612	41.987	288.462	NaN
458	0458-0633	2460346.811	2138.808	1057	664	60.362	1784.266	NaN
459	0459-0672	8933267.587	5218.850	300	652	147.286	3373.009	NaN
460	0460-0609	72937.212	385.949	1478	605	138.366	256.410	NaN
461	0461-0646	3295529.257	2833.051	1887	624	134.542	1697.159	NaN
462	0462-0612	70882.643	385.949	776	608	131.634	256.410	NaN
463	0463-0647	3820471.729	2558.086	2282	608	105.255	2185.309	NaN
464	0464-0636	856755.424	1824.391	535	663	71.565	873.152	NaN
465	0465-0613	50336.949	317.292	335	610	135.000	224.359	NaN
466	0466-0625	623561.801	1227.192	1506	636	40.764	837.423	NaN
467	0467-0616	50336.949	317.292	2342	613	135.000	224.359	NaN
468	0468-0640	1755629.520	2039.479	2339	630	149.808	1471.879	NaN
469	0469-0619	77046.351	407.946	396	615	135.000	288.462	NaN
470	0470-0621	88346.483	410.457	327	616	128.660	288.462	NaN
471	0471-0621	89373.767	431.206	2635	616	131.987	288.462	NaN
472	0472-0626	137656.147	660.754	584	618	129.094	408.914	NaN
473	0473-0627	173611.111	681.420	734	635	48.814	475.937	NaN
474	0474-0628	106837.607	521.757	513	622	132.510	352.564	NaN
475	0475-0633	374958.909	1076.942	648	644	36.529	633.972	NaN
476	0476-0660	1638519.066	2613.506	470	623	113.106	1260.907	NaN
477	0477-0630	98619.329	476.477	791	625	132.274	320.513	NaN
478	0478-0632	118137.738	533.440	715	628	147.265	288.462	NaN
479	0479-0633	70882.643	385.949	816	638	48.366	256.410	NaN
480	0480-0633	50336.949	317.292	576	630	135.000	224.359	NaN
481	0481-0639	111974.030	570.657	803	632	128.157	336.683	NaN
482	0482-0636	57527.942	340.710	1024	633	138.814	224.359	NaN
483	0483-0637	57527.942	340.710	1444	633	131.186	224.359	NaN
484	0484-0647	592743.261	1161.389	1854	657	27.979	820.976	NaN
485	0485-0639	100673.899	489.242	519	635	148.392	256.410	NaN
486	0486-0639	64718.935	362.619	2246	643	45.000	256.410	NaN
487	0487-0642	115055.884	545.814	314	636	130.236	372.678	NaN
488	0488-0646	214702.498	862.412	628	636	131.987	408.914	NaN
489	0489-0640	50336.949	317.292	435	637	135.000	224.359	NaN
490	0490-0707	8688773.833	4714.045	1482	639	112.380	2627.112	NaN
491	0491-0645	81155.490	410.457	573	641	141.340	256.410	NaN
492	0492-0650	50336.949	317.292	673	647	135.000	224.359	NaN
493	0493-0654	93482.906	473.232	467	648	118.301	224.359	NaN
494	0494-0655	181829.389	604.742	652	649	147.995	384.615	NaN
495	0495-0655	103755.753	435.945	79	660	36.027	320.513	NaN
496	0496-0675	1151586.128	2596.945	559	687	24.034	1196.303	NaN
497	0497-0655	178747.535	673.840	1446	659	25.346	352.564	NaN
498	0498-0655	85264.629	431.206	824	660	41.987	288.462	NaN
499	0499-0656	132519.724	551.431	2330	651	144.462	320.513	NaN
500	0500-0655	50336.949	317.292	1436	652	135.000	224.359	NaN
501	0501-0655	50336.949	317.292	2199	652	135.000	224.359	NaN
502	0502-0662	346194.938	917.809	1011	671	24.775	576.923	NaN
503	0503-0684	1945677.186	3008.385	1362	714	38.946	1101.206	NaN
504	0504-0682	1493671.926	1763.694	2236	656	109.093	1285.650	NaN
505	0505-0660	50336.949	317.292	267	657	135.000	224.359	NaN
506	0506-0664	65746.220	362.619	634	660	135.000	256.410	NaN
507	0507-0744	8257314.267	5573.791	809	829	76.363	2526.881	NaN
508	0508-0677	492069.362	1114.906	663	694	71.565	725.289	NaN
509	0509-0708	5130259.698	3199.033	2459	752	65.746	2746.298	NaN
510	0510-0666	57527.942	340.710	1463	663	138.814	224.359	NaN
511	0511-0672	223948.060	703.670	1856	682	59.931	416.667	NaN
512	0512-0745	15148339.908	5619.496	1767	822	64.312	4085.655	NaN
513	0513-0684	858809.993	1430.866	1861	697	15.593	1185.897	NaN
514	0514-0691	864973.702	1446.220	2347	713	77.196	1052.628	NaN
515	0515-0705	3224646.614	3082.594	591	688	154.767	2156.740	NaN
516	0516-0678	162310.980	685.927	2006	687	52.595	393.888	NaN
517	0517-0674	50336.949	317.292	724	671	135.000	224.359	NaN
518	0518-0684	478714.661	1325.002	997	673	147.848	602.125	NaN
519	0519-0683	187993.097	681.420	1045	691	48.814	461.538	NaN
520	0520-0725	5050131.492	3716.843	1965	677	122.320	2087.322	NaN
521	0521-0680	63691.650	362.619	300	676	135.000	256.410	NaN
522	0522-0699	1164940.828	1663.273	921	692	154.916	1378.205	NaN
523	0523-0682	50336.949	317.292	2325	679	135.000	224.359	NaN
524	0524-0761	6812952.005	5176.456	870	841	82.171	2126.891	NaN
525	0525-0687	63691.650	362.619	1287	691	45.000	256.410	NaN
526	0526-0712	1329306.377	1982.521	2191	687	124.461	1026.884	NaN
527	0527-0702	608152.531	1224.678	2390	687	132.879	852.531	NaN
528	0528-0705	344140.368	1127.276	452	688	104.826	384.615	NaN
529	0529-0707	980029.586	1616.923	1907	693	140.631	926.558	NaN
530	0530-0747	4248849.441	3788.022	2170	691	113.962	1952.045	NaN
531	0531-0695	89373.767	435.945	2423	699	36.027	256.410	NaN
532	0532-0696	57527.942	340.710	874	692	131.186	224.359	NaN
533	0533-0704	251684.747	838.862	969	715	46.548	553.266	NaN
534	0534-0764	18201429.980	5721.760	2228	808	24.842	4519.231	NaN
535	0535-0753	8490507.890	4764.766	1343	800	42.274	3124.743	NaN
536	0536-0701	72937.212	385.949	526	705	41.634	256.410	NaN
537	0537-0704	208538.790	711.654	1027	699	144.162	480.769	NaN
538	0538-0720	1021120.973	1864.768	351	712	155.638	1322.569	NaN
539	0539-0712	570142.998	1256.966	545	705	160.641	815.214	NaN
540	0540-0711	405777.449	1156.070	999	699	136.123	768.059	NaN
541	0541-0704	50336.949	317.292	2033	701	135.000	224.359	NaN
542	0542-0709	98619.329	462.250	776	705	146.310	256.410	NaN
543	0543-0708	50336.949	317.292	1662	705	135.000	224.359	NaN
544	0544-0735	1893285.667	2162.690	2109	713	129.588	1474.359	NaN
545	0545-0754	5386053.583	3225.098	2624	804	79.695	2713.570	NaN
546	0546-0714	208538.790	705.856	759	723	50.528	453.274	NaN
547	0547-0717	212647.929	761.850	1703	728	67.751	377.367	NaN
548	0548-0805	14028599.606	6658.340	1207	900	66.150	3152.936	NaN
549	0549-0717	110946.746	500.657	2432	712	140.194	320.513	NaN
550	0550-0717	70882.643	385.949	3	722	48.366	256.410	NaN
551	0551-0717	64718.935	365.441	471	713	127.875	224.359	NaN
552	0552-0718	87319.198	407.946	584	714	135.000	288.462	NaN
553	0553-0747	3476331.361	3325.465	1623	728	153.682	1800.780	NaN
554	0554-0732	737590.401	1468.075	1871	751	53.881	1023.234	NaN
555	0555-0721	147928.994	567.045	949	727	42.709	416.667	NaN
556	0556-0751	2887697.239	2423.425	1057	716	110.113	2080.975	NaN
557	0557-0749	2315499.671	2133.759	2062	779	57.265	1533.930	NaN
558	0558-0723	50336.949	317.292	1605	720	135.000	224.359	NaN
559	0559-0724	57527.942	340.710	1372	721	138.814	224.359	NaN
560	0560-0729	114028.600	480.769	1587	734	36.870	320.513	NaN
561	0561-0731	132519.724	506.775	1001	738	55.305	352.564	NaN
562	0562-0746	835182.446	1506.751	1912	725	119.291	1055.969	NaN
563	0563-0731	89373.767	431.206	2408	736	48.013	288.462	NaN
564	0564-0752	1004684.418	1673.126	951	770	53.569	1204.790	NaN
565	0565-0736	102728.468	476.477	959	741	42.274	320.513	NaN
566	0566-0753	1093030.901	1529.085	1609	732	123.024	1036.526	NaN
567	0567-0758	1075567.061	1703.247	652	770	19.799	1186.145	NaN
568	0568-0806	13857043.064	5782.215	1105	877	50.398	3984.788	NaN
569	0569-0740	57527.942	340.710	2410	737	138.814	224.359	NaN
570	0570-0742	154092.702	616.519	403	738	152.103	288.462	NaN
571	0571-0742	57527.942	340.710	453	738	131.186	224.359	NaN
572	0572-0769	1795693.623	2012.861	1462	800	80.838	1378.205	NaN
573	0573-0744	157174.556	567.045	2420	750	42.709	384.615	NaN
574	0574-0745	126356.016	500.657	60	751	50.194	352.564	NaN
575	0575-0747	148956.279	748.245	320	739	133.264	385.283	NaN
576	0576-0803	8787393.162	4237.805	2562	739	102.670	2825.952	NaN
577	0577-0794	7448841.223	4081.728	104	759	136.909	2988.890	NaN
578	0578-0745	79100.920	417.898	941	742	147.529	224.359	NaN
579	0579-0749	80128.205	410.457	580	745	141.340	256.410	NaN
580	0580-0750	89373.767	431.206	594	755	41.987	288.462	NaN
581	0581-0750	57527.942	340.710	727	746	131.186	224.359	NaN
582	0582-0759	271203.156	846.785	550	764	29.476	527.046	NaN
583	0583-0757	91428.337	431.206	471	752	131.987	288.462	NaN
584	0584-0758	145874.425	551.431	605	764	35.538	384.615	NaN
585	0585-0761	170529.257	726.653	351	754	138.576	396.595	NaN
586	0586-0757	50336.949	317.292	385	754	135.000	224.359	NaN
587	0587-0780	1272805.720	1734.919	1880	805	64.855	1234.992	NaN
588	0588-0829	14176528.600	4925.897	2433	755	108.199	3990.117	NaN
589	0589-0760	64718.935	362.619	1012	764	45.000	256.410	NaN
590	0590-0767	249630.178	838.862	777	758	133.452	491.466	NaN
591	0591-0761	64718.935	365.441	401	758	142.125	224.359	NaN
592	0592-0763	87319.198	431.206	1338	768	48.013	288.462	NaN
593	0593-0797	3965318.869	3564.471	1954	760	142.306	2038.792	NaN
594	0594-0764	183883.958	732.286	570	770	23.199	341.693	NaN
595	0595-0799	2883588.100	2552.256	1562	839	82.786	1769.838	NaN
596	0596-0767	160256.410	659.976	83	772	29.055	318.922	NaN
597	0597-0769	210593.360	702.939	323	762	136.848	474.188	NaN
598	0598-0771	72937.212	385.949	935	775	41.634	256.410	NaN
599	0599-0828	5216551.611	3619.525	41	882	73.009	2158.886	NaN
600	0600-0776	72937.212	385.949	426	781	48.366	256.410	NaN
601	0601-0776	50336.949	317.292	505	773	135.000	224.359	NaN
602	0602-0787	416050.296	1084.546	508	802	55.840	675.898	NaN
603	0603-0782	245521.039	924.500	614	776	146.310	528.484	NaN
604	0604-0777	63691.650	362.619	629	781	45.000	256.410	NaN
605	0605-0801	1609755.095	2312.140	1640	775	133.877	1288.462	NaN
606	0606-0820	3975591.716	3118.377	2096	868	77.535	2435.897	NaN
607	0607-0777	57527.942	340.710	247	774	138.814	224.359	NaN
608	0608-0779	64718.935	365.441	96	775	127.875	224.359	NaN
609	0609-0779	57527.942	340.710	379	776	138.814	224.359	NaN
610	0610-0783	144847.140	567.045	592	789	42.709	384.615	NaN
611	0611-0824	7620397.765	3807.768	998	780	134.318	2989.377	NaN
612	0612-0781	50336.949	317.292	232	778	135.000	224.359	NaN
613	0613-0784	90401.052	410.457	341	779	128.660	288.462	NaN
614	0614-0799	1106385.602	1429.430	941	779	132.274	1153.846	NaN
615	0615-0816	3159927.679	3024.561	1803	853	49.728	1642.278	NaN
616	0616-0784	57527.942	340.710	260	781	138.814	224.359	NaN
617	0617-0784	50336.949	317.292	455	781	135.000	224.359	NaN
618	0618-0840	4545734.714	3604.166	1612	785	99.211	1923.077	NaN
619	0619-0792	224975.345	745.494	217	788	154.537	384.615	NaN
620	0620-0793	145874.425	560.668	788	801	59.036	320.513	NaN
621	0621-0850	7593688.363	5146.202	1922	795	140.560	2530.350	NaN
622	0622-0791	57527.942	340.710	374	787	131.186	224.359	NaN
623	0623-0798	497205.786	1358.309	278	795	160.710	657.777	NaN
624	0624-0893	16075977.975	7005.240	1471	999	74.883	3102.458	NaN
625	0625-0795	72937.212	385.949	344	791	138.366	256.410	NaN
626	0626-0799	180802.104	596.188	659	792	126.254	448.718	NaN
627	0627-0796	50336.949	317.292	620	793	135.000	224.359	NaN
628	0628-0811	453032.544	1192.377	377	827	53.746	598.429	NaN
629	0629-0812	749917.817	1506.751	553	797	141.911	961.827	NaN
630	0630-0844	2773668.639	3210.572	658	893	75.548	2113.935	NaN
631	0631-0800	50336.949	317.292	374	797	135.000	224.359	NaN
632	0632-0837	3724934.254	3111.617	1713	797	131.241	1812.798	NaN
633	0633-0803	110946.746	462.250	244	799	146.310	320.513	NaN
634	0634-0805	91428.337	453.274	475	800	135.000	320.513	NaN
635	0635-0805	63691.650	362.619	1322	809	45.000	256.410	NaN
636	0636-0815	325649.244	863.007	354	821	31.329	589.256	NaN
637	0637-0843	2181952.663	2575.695	95	805	106.631	1378.205	NaN
638	0638-0810	147928.994	588.383	588	805	150.642	320.513	NaN
639	0639-0840	2669912.886	2629.377	216	849	9.118	1987.179	NaN
640	0640-0924	17794625.247	7488.348	2165	809	98.616	3618.536	NaN
641	0641-0902	14456977.318	6325.887	1349	991	61.227	3241.777	NaN
642	0642-0818	92455.621	462.250	487	814	146.310	256.410	NaN
643	0643-0821	57527.942	340.710	474	817	131.186	224.359	NaN
644	0644-0823	73964.497	385.949	1665	819	131.634	256.410	NaN
645	0645-0877	4923775.477	3751.506	580	934	70.017	2640.855	NaN
646	0646-0880	4795364.892	3984.814	1888	821	106.832	1795.234	NaN
647	0647-0825	96564.760	462.250	446	821	146.310	256.410	NaN
648	0648-0828	154092.702	604.742	540	823	147.995	352.564	NaN
649	0649-0828	80128.205	407.946	2079	824	135.000	288.462	NaN
650	0650-0947	19269806.049	7903.940	2023	1069	80.194	4100.436	NaN
651	0651-0831	50336.949	317.292	227	828	135.000	224.359	NaN
652	0652-0832	80128.205	410.457	306	828	141.340	256.410	NaN
653	0653-0925	18254848.784	6270.348	919	829	99.414	4191.722	NaN
654	0654-0835	81155.490	385.949	406	831	131.634	288.462	NaN
655	0655-0836	77046.351	410.457	578	831	128.660	256.410	NaN
656	0656-0884	4836456.279	3488.882	2335	935	66.732	1978.514	NaN
657	0657-0839	89373.767	435.945	514	834	126.027	256.410	NaN
658	0658-0840	86291.913	431.206	425	836	138.013	288.462	NaN
659	0659-0843	229084.484	737.876	2084	849	34.380	474.188	NaN
660	0660-0843	116083.169	480.769	538	837	126.870	320.513	NaN
661	0661-0845	223948.060	681.420	1325	837	131.186	512.821	NaN
662	0662-0842	50336.949	317.292	551	839	135.000	224.359	NaN
663	0663-0901	8843893.820	4267.517	2258	961	57.265	2948.718	NaN
664	0664-0929	13657749.836	5594.946	1677	842	94.600	3958.622	NaN
665	0665-0862	1436143.984	2229.811	311	872	18.435	1150.297	NaN
666	0666-0860	706771.861	1707.163	443	844	140.332	1046.945	NaN
667	0667-0848	134574.293	560.668	484	852	30.964	320.513	NaN
668	0668-0848	50336.949	317.292	2624	845	135.000	224.359	NaN
669	0669-0851	88346.483	431.206	313	856	48.013	288.462	NaN
670	0670-0862	601988.823	1138.159	140	876	32.347	876.158	NaN
671	0671-0934	10251273.833	5723.465	1544	1020	74.407	2564.532	NaN
672	0672-0862	304076.266	831.482	514	874	62.447	512.821	NaN
673	0673-0903	1941568.047	2957.241	180	857	94.351	1235.276	NaN
674	0674-0863	93482.906	435.945	401	860	143.973	288.462	NaN
675	0675-0878	1189595.661	1553.413	2620	865	158.199	1211.916	NaN
676	0676-0865	113001.315	476.477	674	860	132.274	320.513	NaN
677	0677-0866	95537.475	431.206	425	862	138.013	320.513	NaN
678	0678-0959	15418515.779	6519.974	1792	865	110.127	3202.820	NaN
679	0679-0869	71909.928	385.949	819	873	41.634	256.410	NaN
680	0680-0902	2426446.417	3000.007	457	933	36.747	1867.122	NaN
681	0681-0902	4888847.798	3426.341	2508	898	162.582	2092.870	NaN
682	0682-0874	71909.928	385.949	260	870	138.366	256.410	NaN
683	0683-0875	64718.935	362.619	2610	871	135.000	256.410	NaN
684	0684-0879	113001.315	533.440	711	886	57.265	288.462	NaN
685	0685-0916	6790351.742	3560.002	1008	948	43.176	2747.409	NaN
686	0686-0899	2244617.028	2483.716	1121	884	160.396	1584.438	NaN
687	0687-0880	71909.928	385.949	215	876	131.634	256.410	NaN
688	0688-0884	116083.169	590.996	439	877	130.601	337.915	NaN
689	0689-0915	2017587.114	2898.825	44	953	54.904	1689.576	NaN
690	0690-0888	192102.235	846.178	319	896	37.304	429.487	NaN
691	0691-0886	78073.636	407.946	157	882	135.000	288.462	NaN
692	0692-0889	122246.877	498.601	248	894	45.000	352.564	NaN
693	0693-0896	187993.097	819.034	810	907	59.421	360.408	NaN
694	0694-0889	50336.949	317.292	285	886	135.000	224.359	NaN
695	0695-0892	103755.753	500.657	1096	886	129.806	320.513	NaN
696	0696-0925	3042817.226	2711.508	1245	891	118.989	1608.986	NaN
697	0697-0891	57527.942	340.710	38	887	131.186	224.359	NaN
698	0698-0893	143819.855	589.256	392	887	135.000	377.670	NaN
699	0699-0948	7839209.402	4056.862	216	892	115.755	3069.247	NaN
700	0700-0918	2369945.759	2221.503	2409	891	136.169	1437.284	NaN
701	0701-0896	57527.942	340.710	297	893	138.814	224.359	NaN
702	0702-0902	191074.951	838.862	444	911	43.452	426.692	NaN
703	0703-0898	86291.913	410.457	830	903	38.660	288.462	NaN
704	0704-0900	125328.731	489.242	844	894	121.608	320.513	NaN
705	0705-0899	87319.198	410.457	50	904	38.660	288.462	NaN
706	0706-0900	136628.863	525.680	630	906	37.569	352.564	NaN
707	0707-0925	1032421.105	1990.279	1291	955	75.069	870.641	NaN
708	0708-0905	164365.549	676.123	163	914	58.570	361.459	NaN
709	0709-0901	80128.205	431.206	541	906	48.013	288.462	NaN
710	0710-0900	71909.928	365.441	695	897	142.125	256.410	NaN
711	0711-0932	2088469.757	2276.318	1955	897	99.728	1457.474	NaN
712	0712-0990	15092866.535	5965.328	99	1082	81.347	3559.075	NaN
713	0713-0950	5984960.552	3764.218	1105	900	128.431	2358.070	NaN
714	0714-0906	57527.942	340.710	652	902	131.186	224.359	NaN
715	0715-0966	9934870.151	5038.478	295	1007	36.724	3541.206	NaN
716	0716-0910	95537.475	500.657	294	916	50.194	320.513	NaN
717	0717-0909	50336.949	317.292	429	906	135.000	224.359	NaN
718	0718-0912	57527.942	340.710	2612	909	138.814	224.359	NaN
719	0719-0924	566033.859	1289.243	539	934	34.875	923.873	NaN
720	0720-0949	2213798.488	2307.915	1201	916	117.277	1450.598	NaN
721	0721-0920	50336.949	317.292	437	917	135.000	224.359	NaN
722	0722-0930	450977.975	974.802	645	939	43.668	769.231	NaN
723	0723-0926	50336.949	317.292	517	923	135.000	224.359	NaN
724	0724-0941	561924.721	1173.707	474	956	34.992	941.333	NaN
725	0725-0932	89373.767	462.250	1531	938	56.310	256.410	NaN
726	0726-0951	1039612.097	1836.737	2609	976	60.751	1236.877	NaN
727	0727-0988	11776791.584	4576.941	2473	1042	37.030	3879.912	NaN
728	0728-0941	169501.972	693.375	442	932	123.690	352.624	NaN
729	0729-0994	14708662.064	5936.673	2289	1036	24.905	3615.967	NaN
730	0730-0940	50336.949	317.292	2615	937	135.000	224.359	NaN
731	0731-1035	14564842.209	6003.950	1762	1129	86.634	3956.139	NaN
732	0732-0951	50336.949	317.292	569	948	135.000	224.359	NaN
733	0733-0968	973865.878	1564.943	597	953	145.008	1278.171	NaN
734	0734-0968	866000.986	1321.508	1894	987	67.166	1057.692	NaN
735	0735-0962	169501.972	676.123	516	971	58.570	384.615	NaN
736	0736-0999	2641148.915	3316.185	557	958	122.768	1523.138	NaN
737	0737-0992	3332511.506	2366.158	1075	1029	81.431	2087.319	NaN
738	0738-0963	86291.913	431.206	448	959	138.013	288.462	NaN
739	0739-0991	1435116.700	2314.138	840	962	126.552	1215.981	NaN
740	0740-0981	1333415.516	2018.213	2259	996	32.681	1076.489	NaN
741	0741-0983	1297460.552	1662.037	984	1002	39.523	1270.983	NaN
742	0742-1049	13029051.611	5526.221	1619	1135	86.009	3413.447	NaN
743	0743-1054	15203813.281	5753.986	1914	1143	80.380	4198.835	NaN
744	0744-0978	134574.293	533.440	292	971	122.735	320.513	NaN
745	0745-0980	192102.235	659.976	465	989	60.945	480.769	NaN
746	0746-0992	916337.936	1414.983	2118	971	103.092	908.259	NaN
747	0747-0990	781763.642	1634.301	1252	972	138.180	969.279	NaN
748	0748-0984	262984.878	782.472	1300	994	55.008	576.923	NaN
749	0749-0993	514669.625	1338.885	877	979	132.089	684.486	NaN
750	0750-1056	14962401.381	5232.317	1390	1136	76.900	4405.997	NaN
751	0751-0985	174638.396	622.323	1332	977	124.509	384.615	NaN
752	0752-0987	152038.133	602.189	383	979	115.201	320.513	NaN
753	0753-0986	143819.855	726.653	689	979	138.576	364.466	NaN
754	0754-0994	360576.923	1111.214	1897	1002	33.232	606.339	NaN
755	0755-0991	118137.738	615.685	530	984	128.660	360.127	NaN
756	0756-0991	178747.535	657.637	778	998	43.025	448.718	NaN
757	0757-1047	7337894.477	4067.483	1179	1106	40.846	3173.077	NaN
758	0758-0994	50336.949	317.292	1038	991	135.000	224.359	NaN
759	0759-0997	107864.892	455.534	439	992	129.289	320.513	NaN
760	0760-1002	275312.295	942.656	602	1010	35.311	462.531	NaN
761	0761-0998	113001.315	498.601	676	1004	45.000	352.564	NaN
762	0762-0997	69855.358	385.949	1673	993	131.634	256.410	NaN
763	0763-1001	63691.650	362.619	396	1005	45.000	256.410	NaN
764	0764-1009	216757.068	803.203	1301	1020	61.390	480.769	NaN
765	0765-1017	664653.189	1348.060	2257	999	118.393	769.231	NaN
766	0766-1023	766354.372	1446.220	518	1001	102.804	1011.609	NaN
767	0767-1009	132519.724	660.754	708	1017	50.906	382.245	NaN
768	0768-1086	17740179.158	6134.200	136	1075	6.902	4976.685	NaN
769	0769-1011	202375.082	725.238	536	1020	45.000	475.640	NaN
770	0770-1045	4575525.970	2791.407	1125	1004	111.557	2287.914	NaN
771	0771-1038	1924104.208	2341.719	1481	1068	59.574	1494.669	NaN
772	0772-1018	175665.680	756.437	683	1009	126.384	385.149	NaN
773	0773-1015	143819.855	636.200	793	1009	139.086	387.492	NaN
774	0774-1013	72937.212	385.949	1489	1017	41.634	256.410	NaN
775	0775-1145	36034064.760	10399.345	839	1263	41.502	5500.551	NaN
776	0776-1016	107864.892	498.601	889	1011	135.000	352.564	NaN
777	0777-1021	349276.792	956.182	2132	1030	39.560	599.862	NaN
778	0778-1017	80128.205	407.946	303	1013	135.000	288.462	NaN
779	0779-1032	693417.160	1413.531	736	1051	57.031	884.867	NaN
780	0780-1061	4444033.531	3224.461	2188	1097	52.674	2102.609	NaN
781	0781-1061	3924227.482	3449.200	2032	1092	37.828	1815.184	NaN
782	0782-1023	50336.949	317.292	362	1020	135.000	224.359	NaN
783	0783-1060	2928788.626	2744.084	918	1020	112.671	1735.369	NaN
784	0784-1067	2654503.616	2729.445	843	1025	99.462	1856.867	NaN
785	0785-1033	57527.942	340.710	720	1030	138.814	224.359	NaN
786	0786-1034	50336.949	317.292	650	1031	135.000	224.359	NaN
787	0787-1060	2246671.598	2132.314	2128	1081	42.563	1716.016	NaN
788	0788-1064	1952868.179	1966.393	1539	1035	109.026	1302.449	NaN
789	0789-1040	86291.913	435.945	503	1036	143.973	256.410	NaN
790	0790-1048	461250.822	1208.210	561	1041	158.199	705.128	NaN
791	0791-1042	50336.949	317.292	804	1039	135.000	224.359	NaN
792	0792-1045	89373.767	431.206	651	1050	41.987	320.513	NaN
793	0793-1047	173611.111	632.150	714	1051	30.466	416.667	NaN
794	0794-1106	15165803.748	5403.280	2277	1082	4.764	3972.027	NaN
795	0795-1056	176692.965	764.542	344	1046	123.024	379.684	NaN
796	0796-1050	57527.942	340.710	624	1047	138.814	224.359	NaN
797	0797-1053	117110.454	500.657	2466	1059	50.194	320.513	NaN
798	0798-1053	57527.942	340.710	233	1049	131.186	224.359	NaN
799	0799-1053	72937.212	385.949	791	1049	138.366	256.410	NaN
800	0800-1132	18610289.283	5993.933	1193	1114	166.707	4872.691	NaN
801	0801-1055	64718.935	362.619	2453	1059	45.000	256.410	NaN
802	0802-1083	1361152.202	2339.744	463	1113	41.112	1456.462	NaN
803	0803-1058	64718.935	362.619	376	1062	45.000	256.410	NaN
804	0804-1059	141765.286	588.383	599	1056	150.642	352.564	NaN
805	0805-1064	190047.666	750.986	725	1073	50.194	458.861	NaN
806	0806-1059	87319.198	431.206	876	1055	138.013	288.462	NaN
807	0807-1061	57527.942	340.710	644	1058	138.814	224.359	NaN
808	0808-1073	465359.961	1134.090	782	1082	42.709	850.562	NaN
809	0809-1063	50336.949	317.292	671	1060	135.000	224.359	NaN
810	0810-1064	50336.949	317.292	581	1061	135.000	224.359	NaN
811	0811-1066	64718.935	362.619	2537	1070	45.000	256.410	NaN
812	0812-1068	64718.935	365.441	690	1065	142.125	224.359	NaN
813	0813-1071	107864.892	498.601	614	1066	135.000	352.564	NaN
814	0814-1108	3653024.326	3230.826	1792	1148	53.471	1697.527	NaN
815	0815-1071	88346.483	410.457	2009	1066	128.660	288.462	NaN
816	0816-1077	231139.053	737.876	30	1068	124.380	480.769	NaN
817	0817-1071	73964.497	385.949	661	1067	131.634	256.410	NaN
818	0818-1084	894764.957	1361.708	2509	1096	26.565	1102.289	NaN
819	0819-1186	43049391.847	11303.929	253	1230	17.151	7100.935	NaN
820	0820-1074	181829.389	659.976	449	1080	29.055	384.615	NaN
821	0821-1104	1579963.840	2255.919	658	1136	67.443	1420.484	NaN
822	0822-1088	585552.268	1231.370	732	1075	128.660	789.286	NaN
823	0823-1092	620479.947	1338.885	47	1113	78.959	795.824	NaN
824	0824-1081	101701.183	480.769	597	1087	53.130	288.462	NaN
825	0825-1081	64718.935	362.619	524	1077	135.000	256.410	NaN
826	0826-1084	132519.724	590.996	769	1077	130.601	384.615	NaN
827	0827-1081	57527.942	340.710	586	1078	138.814	224.359	NaN
828	0828-1088	104783.037	480.769	900	1093	36.870	288.462	NaN
829	0829-1127	4438897.107	3053.463	1412	1153	39.036	2357.023	NaN
830	0830-1195	18356549.967	7206.123	112	1085	104.160	3900.185	NaN
831	0831-1092	152038.133	590.996	693	1099	49.399	416.667	NaN
832	0832-1092	116083.169	506.775	653	1097	34.695	320.513	NaN
833	0833-1105	946129.191	1450.475	1503	1089	135.000	1086.645	NaN
834	0834-1092	50336.949	317.292	510	1089	135.000	224.359	NaN
835	0835-1095	64718.935	362.619	1155	1099	45.000	256.410	NaN
836	0836-1120	2999671.269	3006.848	2081	1146	31.487	1764.457	NaN
837	0837-1101	355440.500	964.206	769	1095	158.552	576.923	NaN
838	0838-1111	591715.976	1315.665	584	1094	124.077	865.385	NaN
839	0839-1117	965647.600	1470.522	61	1095	110.410	1033.876	NaN
840	0840-1109	721153.846	1501.287	1104	1112	16.113	895.603	NaN
841	0841-1105	160256.410	596.188	526	1113	53.746	384.615	NaN
842	0842-1101	50336.949	317.292	545	1098	135.000	224.359	NaN
843	0843-1112	390368.179	1091.627	551	1126	49.764	729.756	NaN
844	0844-1107	128410.585	506.775	658	1101	124.695	320.513	NaN
845	0845-1149	4335141.354	3102.524	2153	1189	56.802	1977.303	NaN
846	0846-1109	50336.949	317.292	1859	1106	135.000	224.359	NaN
847	0847-1125	1109467.456	1547.118	2034	1106	129.958	1148.867	NaN
848	0848-1119	445841.552	1058.178	2224	1114	144.866	821.983	NaN
849	0849-1181	9207552.597	5131.810	2413	1253	64.075	2761.316	NaN
850	0850-1140	2543556.870	2384.753	2259	1111	126.254	1570.513	NaN
851	0851-1187	10225591.716	5195.077	2512	1265	74.249	2712.691	NaN
852	0852-1114	50336.949	317.292	721	1111	135.000	224.359	NaN
853	0853-1116	57527.942	340.710	1182	1112	131.186	224.359	NaN
854	0854-1166	6925953.320	3430.835	1509	1191	29.678	2935.856	NaN
855	0855-1122	126356.016	521.757	463	1117	137.490	352.564	NaN
856	0856-1121	70882.643	385.949	530	1125	41.634	256.410	NaN
857	0857-1151	1800830.046	2300.782	794	1185	71.313	1461.426	NaN
858	0858-1142	2645258.054	3193.086	1090	1162	17.526	1511.341	NaN
859	0859-1195	12332552.597	4930.587	1668	1272	84.030	3929.631	NaN
860	0860-1141	835182.446	1388.601	2009	1162	71.147	1025.641	NaN
861	0861-1131	175665.680	632.150	1508	1140	59.534	416.667	NaN
862	0862-1144	743754.109	1464.572	2221	1123	113.199	820.425	NaN
863	0863-1144	1180350.099	1725.121	1706	1125	144.834	1172.499	NaN
864	0864-1146	678007.890	1451.184	448	1157	30.530	1013.477	NaN
865	0865-1212	11314513.478	5690.795	693	1296	69.217	3149.775	NaN
866	0866-1203	15100057.528	5805.619	1774	1266	34.655	3978.206	NaN
867	0867-1144	279421.433	862.412	2416	1153	41.987	565.418	NaN
868	0868-1158	1341633.794	1881.222	1938	1178	44.310	990.941	NaN
869	0869-1142	64718.935	362.619	443	1146	45.000	256.410	NaN
870	0870-1150	71909.928	385.949	2626	1146	138.366	256.410	NaN
871	0871-1177	1598454.964	1977.073	1764	1207	73.034	1421.002	NaN
872	0872-1179	846482.577	1774.437	648	1204	69.928	880.976	NaN
873	0873-1208	12009985.207	5035.215	2003	1237	31.464	3621.795	NaN
874	0874-1169	627670.940	1158.289	2402	1187	75.579	826.648	NaN
875	0875-1158	57527.942	340.710	600	1154	131.186	224.359	NaN
876	0876-1169	331812.952	748.245	1983	1178	46.736	608.974	NaN
877	0877-1165	63691.650	362.619	586	1169	45.000	256.410	NaN
878	0878-1230	6934171.598	4633.268	1350	1299	70.186	2438.880	NaN
879	0879-1173	440705.128	1090.215	208	1165	155.695	576.923	NaN
880	0880-1169	79100.920	407.946	1085	1165	135.000	288.462	NaN
881	0881-1199	2705867.850	2229.811	2319	1166	108.435	1666.667	NaN
882	0882-1185	1017011.834	1677.112	2246	1171	153.925	992.169	NaN
883	0883-1196	1802884.615	1703.549	1185	1174	131.186	1516.536	NaN
884	0884-1200	2110042.735	2282.627	1096	1222	38.157	1531.352	NaN
885	0885-1179	72937.212	385.949	1167	1175	138.366	256.410	NaN
886	0886-1203	1989850.427	1880.403	2203	1228	60.376	1496.350	NaN
887	0887-1203	1336497.370	1707.163	2360	1228	50.332	1055.632	NaN
888	0888-1260	16072896.121	5451.074	1422	1179	118.826	4008.376	NaN
889	0889-1212	2723331.690	2257.512	1948	1187	128.660	1765.181	NaN
890	0890-1187	57527.942	340.710	637	1184	138.814	224.359	NaN
891	0891-1272	17462812.295	6146.914	900	1323	42.676	4013.876	NaN
892	0892-1189	123274.162	506.775	2611	1185	145.305	352.564	NaN
893	0893-1199	500287.640	1018.101	212	1193	151.821	847.320	NaN
894	0894-1195	115055.884	500.657	12	1201	50.194	320.513	NaN
895	0895-1201	411941.157	911.069	1058	1208	39.289	696.429	NaN
896	0896-1194	50336.949	317.292	2630	1191	135.000	224.359	NaN
897	0897-1229	1686801.446	1885.313	2153	1253	54.689	1399.627	NaN
898	0898-1234	1220414.201	2067.246	609	1208	119.745	1101.455	NaN
899	0899-1229	1488535.503	2037.211	1123	1246	12.724	1383.240	NaN
900	0900-1272	13357782.709	4996.095	2182	1311	41.359	3706.841	NaN
901	0901-1221	496178.501	1043.514	215	1231	42.510	801.282	NaN
902	0902-1213	100673.899	462.250	2632	1210	146.310	288.462	NaN
903	0903-1228	686226.167	1348.060	1742	1210	118.393	948.376	NaN
904	0904-1215	109919.461	525.680	2645	1221	37.569	344.010	NaN
905	0905-1302	18690417.488	6802.880	1143	1360	38.112	4094.139	NaN
906	0906-1226	170529.257	612.339	642	1219	137.121	448.718	NaN
907	0907-1223	50336.949	317.292	65	1220	135.000	224.359	NaN
908	0908-1252	1770011.506	2164.826	772	1282	64.573	1440.676	NaN
909	0909-1224	64718.935	362.619	1057	1228	45.000	256.410	NaN
910	0910-1239	634861.933	1315.665	298	1250	34.077	818.551	NaN
911	0911-1301	10245110.125	5160.655	2608	1222	101.101	3076.923	NaN
912	0912-1259	3523586.456	2821.241	7	1243	158.682	2082.067	NaN
913	0913-1235	144847.140	616.519	1926	1244	62.103	288.462	NaN
914	0914-1231	50336.949	317.292	1067	1228	135.000	224.359	NaN
915	0915-1236	114028.600	462.250	1087	1230	123.690	320.513	NaN
916	0916-1311	15922912.558	5437.205	1560	1230	106.085	4043.121	NaN
917	0917-1237	79100.920	391.236	2487	1234	145.008	256.410	NaN
918	0918-1273	2970907.298	2487.849	230	1308	68.062	1741.468	NaN
919	0919-1244	105810.322	462.250	646	1238	123.690	288.462	NaN
920	0920-1264	1734056.542	1907.253	2326	1272	24.842	1525.247	NaN
921	0921-1245	50336.949	317.292	2672	1242	135.000	224.359	NaN
922	0922-1252	170529.257	648.989	1053	1243	110.225	320.513	NaN
923	0923-1267	1196786.654	2182.549	286	1283	29.954	1115.385	NaN
924	0924-1261	983111.440	1459.654	1717	1269	19.231	1086.177	NaN
925	0925-1268	1512163.051	2081.360	551	1284	9.752	1383.288	NaN
926	0926-1254	183883.958	636.200	1925	1260	40.914	448.718	NaN
927	0927-1250	50336.949	317.292	1943	1247	135.000	224.359	NaN
928	0928-1283	2154215.976	2300.782	1092	1317	71.313	1314.103	NaN
929	0929-1257	100673.899	516.811	1909	1250	119.745	253.833	NaN
930	0930-1271	1329306.377	1717.961	2464	1293	53.344	1086.534	NaN
931	0931-1261	199293.228	632.150	292	1270	59.534	416.667	NaN
932	0932-1258	50336.949	317.292	2407	1255	135.000	224.359	NaN
933	0933-1260	50336.949	317.292	2157	1257	135.000	224.359	NaN
934	0934-1275	427350.427	1253.693	1886	1292	57.529	676.554	NaN
935	0935-1266	199293.228	764.542	1936	1272	33.024	433.326	NaN
936	0936-1291	1847057.857	2187.955	1143	1321	58.173	1286.240	NaN
937	0937-1268	88346.483	431.206	2106	1273	48.013	288.462	NaN
938	0938-1268	71909.928	385.949	2081	1272	41.634	256.410	NaN
939	0939-1294	3945800.460	2996.581	2365	1323	32.330	1955.128	NaN
940	0940-1284	1144395.135	1982.262	2028	1276	157.166	1173.052	NaN
941	0941-1289	1069403.353	1621.998	2521	1273	127.776	1144.327	NaN
942	0942-1272	57527.942	340.710	1829	1268	131.186	224.359	NaN
943	0943-1271	50336.949	317.292	1928	1268	135.000	224.359	NaN
944	0944-1322	7054363.905	3903.946	1961	1269	119.511	2897.953	NaN
945	0945-1281	279421.433	819.034	1068	1292	59.421	576.923	NaN
946	0946-1279	201347.798	648.989	2092	1270	122.905	416.667	NaN
947	0947-1287	600961.538	1186.330	2133	1297	38.418	851.382	NaN
948	0948-1360	16170488.166	5838.614	788	1449	70.769	4211.468	NaN
949	0949-1281	151010.848	545.814	2079	1274	130.236	352.564	NaN
950	0950-1278	50336.949	317.292	3	1275	135.000	224.359	NaN
951	0951-1283	152038.133	657.637	2654	1290	43.025	376.314	NaN
952	0952-1283	50336.949	317.292	1742	1280	135.000	224.359	NaN
953	0953-1288	208538.790	764.542	1859	1295	33.024	453.361	NaN
954	0954-1317	3056171.926	2378.715	1909	1353	75.964	1987.179	NaN
955	0955-1288	111974.030	462.250	2500	1285	146.310	320.513	NaN
956	0956-1366	14373767.258	5547.465	1666	1446	62.843	3630.400	NaN
957	0957-1289	65746.220	362.619	344	1285	135.000	256.410	NaN
958	0958-1290	97592.045	455.534	743	1296	50.711	288.462	NaN
959	0959-1291	190047.666	716.688	277	1287	153.435	352.564	NaN
960	0960-1295	258875.740	841.308	638	1286	139.635	541.611	NaN
961	0961-1306	1053994.083	1849.556	290	1316	27.897	1029.657	NaN
962	0962-1328	2956525.312	2635.231	716	1367	71.565	1858.974	NaN
963	0963-1338	4611480.934	3359.121	529	1308	131.906	2866.749	NaN
964	0964-1328	4526216.305	2910.320	1783	1296	154.564	2332.149	NaN
965	0965-1311	516724.195	1297.978	662	1330	69.775	576.923	NaN
966	0966-1296	57527.942	340.710	1768	1292	131.186	224.359	NaN
967	0967-1335	4211867.193	2783.299	2462	1306	125.154	2147.447	NaN
968	0968-1302	203402.367	681.420	1040	1295	138.814	442.613	NaN
969	0969-1323	2292899.408	2138.808	1356	1310	160.750	1555.798	NaN
970	0970-1337	3129109.139	2496.093	183	1376	77.391	2014.847	NaN
971	0971-1349	4625862.919	3854.292	2271	1395	51.415	1654.449	NaN
972	0972-1305	50336.949	317.292	512	1302	135.000	224.359	NaN
973	0973-1336	2613412.229	2769.238	1279	1366	37.003	1465.147	NaN
974	0974-1317	243466.469	902.572	2654	1331	73.496	320.513	NaN
975	0975-1308	64718.935	365.441	1072	1305	142.125	224.359	NaN
976	0976-1385	13415310.651	5244.083	2032	1452	59.517	3441.780	NaN
977	0977-1381	18555843.195	7404.471	200	1451	37.614	4441.684	NaN
978	0978-1387	12471236.029	6578.326	408	1318	140.337	3404.972	NaN
979	0979-1316	110946.746	506.775	2140	1312	145.305	288.462	NaN
980	0980-1317	50336.949	317.292	642	1314	135.000	224.359	NaN
981	0981-1319	57527.942	340.710	2176	1315	131.186	224.359	NaN
982	0982-1334	499260.355	1405.148	1031	1353	45.000	745.194	NaN
983	0983-1330	89373.767	431.206	2174	1335	48.013	288.462	NaN
984	0984-1390	15789365.549	5585.574	2313	1410	6.921	3933.642	NaN
985	0985-1361	2534311.308	2202.928	1090	1395	81.634	1781.365	NaN
986	0986-1355	1741247.535	2507.590	617	1378	35.112	1242.351	NaN
987	0987-1336	50336.949	317.292	2197	1333	135.000	224.359	NaN
988	0988-1337	50336.949	317.292	2653	1334	135.000	224.359	NaN
989	0989-1406	11669953.978	4945.670	2477	1445	27.395	4116.967	NaN
990	0990-1402	5219633.465	4060.785	912	1340	101.842	2782.440	NaN
991	0991-1344	88346.483	431.206	1129	1349	41.987	288.462	NaN
992	0992-1343	50336.949	317.292	2251	1340	135.000	224.359	NaN
993	0993-1368	1695019.724	1840.648	1492	1344	125.074	1204.037	NaN
994	0994-1349	64718.935	365.441	488	1345	127.875	224.359	NaN
995	0995-1349	57527.942	340.710	1393	1345	131.186	224.359	NaN
996	0996-1449	28328402.367	7991.639	1381	1373	146.119	5887.739	NaN
997	0997-1368	1525517.751	1935.059	1840	1379	26.565	1441.057	NaN
998	0998-1353	121219.592	533.440	2236	1349	147.265	320.513	NaN
999	0999-1355	81155.490	407.946	1127	1351	135.000	288.462	NaN
1000	1000-1359	147928.994	648.989	1013	1354	147.095	335.422	NaN
1001	1001-1384	2274408.284	2373.743	1305	1402	34.548	1586.839	NaN
1002	1002-1417	12644847.140	4915.981	41	1410	162.156	3445.908	NaN
1003	1003-1368	288666.995	841.308	676	1358	130.365	608.974	NaN
1004	1004-1404	2244617.028	3204.647	1734	1444	59.331	1285.884	NaN
1005	1005-1364	113001.315	476.477	2227	1359	137.726	320.513	NaN
1006	1006-1428	12890368.179	5357.552	2102	1471	22.884	3830.313	NaN
1007	1007-1387	3154791.256	2724.359	1900	1394	8.797	1630.676	NaN
1008	1008-1383	689308.021	1347.679	656	1402	64.654	951.875	NaN
1009	1009-1413	5472345.496	3111.617	377	1461	78.111	2387.852	NaN
1010	1010-1370	71909.928	385.949	1012	1366	131.634	256.410	NaN
1011	1011-1369	50336.949	317.292	1029	1366	135.000	224.359	NaN
1012	1012-1375	72937.212	385.949	469	1371	138.366	256.410	NaN
1013	1013-1376	50336.949	317.292	1050	1373	135.000	224.359	NaN
1014	1014-1416	5184705.786	3124.795	1204	1422	26.828	2556.434	NaN
1015	1015-1397	1098167.324	1551.759	1137	1415	38.290	1282.051	NaN
1016	1016-1382	57527.942	340.710	2012	1379	138.814	224.359	NaN
1017	1017-1383	122246.877	544.872	2492	1379	151.928	256.410	NaN
1018	1018-1418	4009492.110	3203.846	669	1411	160.115	2377.650	NaN
1019	1019-1383	64718.935	365.441	1014	1380	142.125	224.359	NaN
1020	1020-1385	151010.848	648.989	695	1382	159.775	287.277	NaN
1021	1021-1384	50336.949	317.292	1027	1381	135.000	224.359	NaN
1022	1022-1387	114028.600	500.657	2643	1382	140.194	320.513	NaN
1023	1023-1389	65746.220	362.619	457	1385	135.000	256.410	NaN
1024	1024-1389	85264.629	431.206	892	1394	41.987	288.462	NaN
1025	1025-1413	2493219.921	2109.062	1024	1399	163.217	1750.752	NaN
1026	1026-1421	2150106.838	2246.564	1999	1455	75.964	1474.359	NaN
1027	1027-1424	2473701.512	2561.096	585	1458	44.493	1906.391	NaN
1028	1028-1396	50336.949	317.292	991	1393	135.000	224.359	NaN
1029	1029-1399	106837.607	476.477	2664	1404	42.274	320.513	NaN
1030	1030-1398	57527.942	340.710	897	1395	138.814	224.359	NaN
1031	1031-1399	50336.949	317.292	1858	1396	135.000	224.359	NaN
1032	1032-1401	82182.774	410.457	458	1397	141.340	256.410	NaN
1033	1033-1401	83210.059	431.206	1802	1406	41.987	288.462	NaN
1034	1034-1402	71909.928	385.949	965	1398	138.366	256.410	NaN
1035	1035-1417	741699.540	1592.275	1797	1433	40.101	920.869	NaN
1036	1036-1402	50336.949	317.292	1885	1399	135.000	224.359	NaN
1037	1037-1407	182856.673	636.200	1106	1401	139.086	420.148	NaN
1038	1038-1404	80128.205	410.457	1172	1408	38.660	256.410	NaN
1039	1039-1409	221893.491	660.754	445	1402	140.906	512.821	NaN
1040	1040-1406	101701.183	462.250	2614	1403	146.310	288.462	NaN
1041	1041-1419	534188.034	1248.355	985	1433	48.122	897.436	NaN
1042	1042-1448	3514340.894	2887.641	1609	1493	81.060	1730.769	NaN
1043	1043-1462	10763888.889	4812.604	1841	1435	164.946	3416.543	NaN
1044	1044-1413	72937.212	385.949	1279	1417	41.634	256.410	NaN
1045	1045-1417	71909.928	385.949	1193	1421	41.634	256.410	NaN
1046	1046-1440	1732001.972	1808.840	1281	1450	29.745	1502.313	NaN
1047	1047-1419	50336.949	317.292	1779	1416	135.000	224.359	NaN
1048	1048-1530	18038091.716	7556.018	2283	1416	103.742	3864.691	NaN
1049	1049-1422	88346.483	410.457	956	1417	128.660	288.462	NaN
1050	1050-1449	2068951.348	2199.428	1342	1482	71.301	1378.205	NaN
1051	1051-1487	10968318.540	4608.368	1130	1553	66.644	3718.809	NaN
1052	1052-1455	2792159.763	2483.095	421	1469	23.587	1870.135	NaN
1053	1053-1426	50336.949	317.292	1201	1423	135.000	224.359	NaN
1054	1054-1430	89373.767	435.945	412	1436	53.973	256.410	NaN
1055	1055-1431	71909.928	365.441	448	1427	127.875	256.410	NaN
1056	1056-1437	204429.652	819.034	940	1445	30.579	464.238	NaN
1057	1057-1439	50336.949	317.292	438	1436	135.000	224.359	NaN
1058	1058-1445	192102.235	612.339	638	1453	42.879	448.718	NaN
1059	1059-1444	50336.949	317.292	425	1441	135.000	224.359	NaN
1060	1060-1521	17308719.592	5585.574	1000	1448	119.949	4459.617	NaN
1061	1061-1472	1946704.471	2541.972	816	1503	41.934	1456.821	NaN
1062	1062-1447	57527.942	340.710	2466	1444	138.814	224.359	NaN
1063	1063-1518	13315664.037	6519.738	230	1584	31.737	3455.176	NaN
1064	1064-1480	3077744.905	2391.850	1793	1449	122.412	1823.047	NaN
1065	1065-1556	15064102.564	7196.780	813	1658	67.203	3754.564	NaN
1066	1066-1454	94510.191	410.457	622	1449	128.660	320.513	NaN
1067	1067-1466	799227.482	1358.309	702	1450	160.710	1089.744	NaN
1068	1068-1456	158201.841	641.026	407	1462	36.870	379.382	NaN
1069	1069-1466	430432.281	1093.977	664	1479	31.827	788.357	NaN
1070	1070-1522	12209278.435	4623.946	2399	1564	35.122	4164.631	NaN
1071	1071-1460	89373.767	435.945	779	1464	36.027	256.410	NaN
1072	1072-1461	80128.205	407.946	568	1466	45.000	288.462	NaN
1073	1073-1460	57527.942	340.710	2380	1457	138.814	224.359	NaN
1074	1074-1461	57527.942	340.710	2601	1457	131.186	224.359	NaN
1075	1075-1467	122246.877	657.637	2008	1460	136.975	364.831	NaN
1076	1076-1479	1011875.411	1647.448	212	1494	37.093	1158.263	NaN
1077	1077-1464	50336.949	317.292	2363	1461	135.000	224.359	NaN
1078	1078-1477	599934.254	1248.355	1660	1493	48.122	783.425	NaN
1079	1079-1494	2280571.992	2494.652	2003	1527	47.083	1408.522	NaN
1080	1080-1482	848537.147	1451.184	684	1502	59.470	1017.698	NaN
1081	1081-1512	6675295.858	3469.838	1710	1562	64.855	2730.769	NaN
1082	1082-1549	18126438.199	6050.226	494	1635	62.213	4535.868	NaN
1083	1083-1507	7596770.217	4663.434	53	1475	162.810	2663.873	NaN
1084	1084-1468	50336.949	317.292	622	1465	135.000	224.359	NaN
1085	1085-1490	1222468.771	1814.510	599	1468	125.655	1138.835	NaN
1086	1086-1549	17102235.371	6918.995	1149	1616	35.383	4203.856	NaN
1087	1087-1532	3726988.823	4014.479	2337	1591	70.408	1462.453	NaN
1088	1088-1480	122246.877	545.814	636	1475	139.764	352.564	NaN
1089	1089-1515	4578607.824	3383.043	692	1546	41.543	2009.329	NaN
1090	1090-1501	1822403.024	1920.137	2062	1526	56.575	1473.129	NaN
1091	1091-1543	11670981.262	4776.071	1310	1602	52.361	3420.078	NaN
1092	1092-1485	120192.308	506.775	1650	1479	124.695	320.513	NaN
1093	1093-1497	447896.121	1127.276	955	1514	75.174	544.872	NaN
1094	1094-1519	3224646.614	3649.063	1909	1556	38.581	1443.206	NaN
1095	1095-1488	50336.949	317.292	2652	1485	135.000	224.359	NaN
1096	1096-1526	4149202.827	2740.150	407	1487	114.167	2144.923	NaN
1097	1097-1493	215729.783	782.472	661	1486	145.008	458.681	NaN
1098	1098-1516	2396655.161	2198.727	2136	1544	53.297	1555.576	NaN
1099	1099-1498	230111.769	750.986	2194	1507	50.194	474.359	NaN
1100	1100-1498	81155.490	410.457	778	1493	128.660	256.410	NaN
1101	1101-1497	50336.949	317.292	36	1494	135.000	224.359	NaN
1102	1102-1510	462278.107	1051.360	343	1520	37.569	649.330	NaN
1103	1103-1514	1185486.522	1581.269	1611	1525	17.700	1111.178	NaN
1104	1104-1520	995438.856	1482.004	3	1533	21.571	1026.960	NaN
1105	1105-1526	1705292.571	2180.430	621	1545	24.305	1199.420	NaN
1106	1106-1518	219838.922	660.754	2211	1526	50.906	498.601	NaN
1107	1107-1528	180802.104	791.608	372	1539	58.241	374.560	NaN
1108	1108-1529	445841.552	961.538	803	1539	36.870	722.236	NaN
1109	1109-1548	2648339.908	2392.065	1836	1577	35.181	1817.971	NaN
1110	1110-1531	408859.303	987.367	2111	1519	125.754	688.021	NaN
1111	1111-1523	50336.949	317.292	199	1520	135.000	224.359	NaN
1112	1112-1573	6771860.618	3749.041	1723	1593	30.292	2587.480	NaN
1113	1113-1549	1058103.222	2130.868	1553	1571	43.781	984.903	NaN
1114	1114-1534	156147.272	577.813	790	1527	123.690	352.564	NaN
1115	1115-1563	1684746.877	2339.963	185	1599	76.535	1314.103	NaN
1116	1116-1531	57527.942	340.710	2198	1528	138.814	224.359	NaN
1117	1117-1541	315376.397	833.333	2215	1553	67.380	573.461	NaN
1118	1118-1561	2908242.932	2988.170	1934	1584	35.395	1480.970	NaN
1119	1119-1534	50336.949	317.292	334	1531	135.000	224.359	NaN
1120	1120-1554	2058678.501	2822.333	13	1543	164.859	1376.228	NaN
1121	1121-1591	7621425.049	4014.095	1618	1649	64.458	2831.684	NaN
1122	1122-1608	11904174.885	5670.451	1995	1676	47.291	3118.393	NaN
1123	1123-1551	372904.339	860.026	323	1562	26.565	756.757	NaN
1124	1124-1545	57527.942	340.710	770	1542	138.814	224.359	NaN
1125	1125-1550	181829.389	604.742	781	1542	122.005	416.667	NaN
1126	1126-1620	13477975.016	5406.131	2122	1698	65.106	3348.712	NaN
1127	1127-1573	2468565.089	2269.312	110	1545	126.384	1586.347	NaN
1128	1128-1616	16330744.576	6223.233	260	1648	18.622	3602.808	NaN
1129	1129-1557	106837.607	455.534	820	1563	50.711	320.513	NaN
1130	1130-1603	8035420.776	4243.619	606	1640	31.409	2840.531	NaN
1131	1131-1558	98619.329	453.274	765	1553	135.000	320.513	NaN
1132	1132-1570	614316.239	1173.707	791	1584	55.008	977.595	NaN
1133	1133-1648	25696499.014	8938.573	905	1644	171.754	5606.706	NaN
1134	1134-1588	3210264.629	2618.807	1466	1600	21.541	1824.939	NaN
1135	1135-1591	2000123.274	2178.780	1418	1622	63.812	1462.044	NaN
1136	1136-1578	355440.500	1146.702	1143	1594	63.435	509.296	NaN
1137	1137-1611	8112467.127	4686.507	4	1563	139.994	2745.682	NaN
1138	1138-1569	133547.009	543.928	1133	1575	45.000	384.615	NaN
1139	1139-1571	154092.702	567.045	772	1577	47.291	384.615	NaN
1140	1140-1574	57527.942	340.710	1919	1570	131.186	224.359	NaN
1141	1141-1592	635889.218	1317.616	2372	1605	41.055	723.906	NaN
1142	1142-1579	50336.949	317.292	2569	1576	135.000	224.359	NaN
1143	1143-1617	3599605.523	3827.009	1801	1650	36.486	1437.937	NaN
1144	1144-1596	1025230.112	1665.742	2398	1608	11.094	985.018	NaN
1145	1145-1597	293803.419	946.463	750	1591	151.699	502.862	NaN
1146	1146-1592	50336.949	317.292	1126	1589	135.000	224.359	NaN
1147	1147-1650	8381615.713	5031.541	1474	1708	45.516	2701.737	NaN
1148	1148-1615	1065294.214	1974.994	1671	1638	48.289	942.118	NaN
1149	1149-1652	12531845.825	5088.892	1836	1665	22.203	3375.686	NaN
1150	1150-1627	1858357.988	2107.844	777	1660	81.254	1578.413	NaN
1151	1151-1608	444814.267	1040.063	725	1602	146.310	737.179	NaN
1152	1152-1605	124301.446	612.339	1298	1599	137.121	357.685	NaN
1153	1153-1608	50336.949	317.292	1075	1605	135.000	224.359	NaN
1154	1154-1635	1898422.091	1964.563	207	1607	123.690	1451.578	NaN
1155	1155-1624	726290.270	1263.081	872	1633	35.707	929.487	NaN
1156	1156-1641	2659640.039	2501.027	399	1666	30.838	1688.915	NaN
1157	1157-1675	8521326.430	4486.493	528	1738	63.252	3373.617	NaN
1158	1158-1744	41531065.089	10313.792	1161	1628	151.205	8375.488	NaN
1159	1159-1668	5902777.778	3579.570	145	1722	73.350	2385.283	NaN
1160	1160-1628	590688.692	1305.082	2409	1619	155.323	705.128	NaN
1161	1161-1696	15962976.660	5380.989	630	1657	141.287	4096.778	NaN
1162	1162-1649	2408982.577	2294.523	2348	1642	167.905	1735.379	NaN
1163	1163-1625	156147.272	602.189	2471	1628	25.201	352.564	NaN
1164	1164-1628	143819.855	573.351	2536	1620	116.565	320.513	NaN
1165	1165-1626	73964.497	385.949	741	1622	138.366	256.410	NaN
1166	1166-1656	2205580.210	2527.991	1411	1687	50.659	1608.872	NaN
1167	1167-1653	2915433.925	2624.489	1689	1659	8.427	1698.718	NaN
1168	1168-1631	50336.949	317.292	483	1628	135.000	224.359	NaN
1169	1169-1642	473578.238	974.802	2250	1649	27.408	785.206	NaN
1170	1170-1637	170529.257	596.188	849	1642	36.254	384.615	NaN
1171	1171-1660	1359097.633	2284.652	1466	1690	55.864	951.875	NaN
1172	1172-1731	8825402.696	7396.905	2354	1827	55.415	2296.284	NaN
1173	1173-1641	50336.949	317.292	1773	1638	135.000	224.359	NaN
1174	1174-1644	148956.279	660.754	2222	1638	140.906	379.798	NaN
1175	1175-1679	2142915.845	1992.600	479	1649	101.129	1612.931	NaN
1176	1176-1674	1596400.394	1815.359	865	1657	137.862	1334.842	NaN
1177	1177-1723	15056911.571	5066.333	2237	1708	168.690	4211.037	NaN
1178	1178-1678	1662146.614	1807.704	1640	1702	52.927	1404.709	NaN
1179	1179-1658	86291.913	410.457	2210	1663	38.660	288.462	NaN
1180	1180-1705	4222140.039	4056.862	2465	1754	44.680	1511.419	NaN
1181	1181-1664	185938.527	632.150	1189	1669	30.466	384.615	NaN
1182	1182-1685	1476208.087	2183.255	2193	1705	40.236	1058.205	NaN
1183	1183-1734	15585963.182	5198.339	1700	1763	11.379	4355.597	NaN
1184	1184-1721	12735248.192	5613.368	285	1707	169.139	3550.152	NaN
1185	1185-1682	935856.345	1655.845	793	1665	137.353	926.243	NaN
1186	1186-1702	3905736.358	3698.140	1531	1721	26.787	1821.560	NaN
1187	1187-1692	3213346.483	2771.463	190	1707	5.974	1551.218	NaN
1188	1188-1699	2552802.433	2472.939	2033	1728	47.626	1674.328	NaN
1189	1189-1722	6867398.093	4374.971	36	1683	140.947	2600.694	NaN
1190	1190-1676	82182.774	407.946	2400	1681	45.000	288.462	NaN
1191	1191-1677	50336.949	317.292	367	1674	135.000	224.359	NaN
1192	1192-1685	50336.949	317.292	333	1682	135.000	224.359	NaN
1193	1193-1691	196211.374	693.375	2171	1695	33.690	512.821	NaN
1194	1194-1708	2030941.815	1936.386	1676	1715	24.444	1530.991	NaN
1195	1195-1728	7362549.310	5203.869	1874	1764	27.512	2132.006	NaN
1196	1196-1751	15722592.045	7655.092	2451	1811	27.423	3356.786	NaN
1197	1197-1738	3830744.576	3186.001	833	1781	53.591	2010.658	NaN
1198	1198-1718	1538872.452	2036.203	1048	1729	28.179	1566.616	NaN
1199	1199-1699	118137.738	543.928	2221	1705	45.000	339.955	NaN
1200	1200-1722	1248150.888	1893.469	1186	1699	146.041	1365.937	NaN
1201	1201-1711	505424.063	1269.975	789	1698	137.045	831.099	NaN
1202	1202-1707	118137.738	498.601	2141	1713	45.000	352.564	NaN
1203	1203-1781	11711045.365	5350.645	1111	1859	68.199	3748.973	NaN
1204	1204-1709	123274.162	622.323	2092	1715	34.509	309.160	NaN
1205	1205-1741	2404873.439	2816.139	980	1772	48.691	1435.107	NaN
1206	1206-1710	50336.949	317.292	1215	1707	135.000	224.359	NaN
1207	1207-1835	17564513.478	8365.078	509	1708	103.291	3443.672	NaN
1208	1208-1731	1249178.172	1884.495	2146	1754	41.553	1253.593	NaN
1209	1209-1744	3548241.289	2474.392	1618	1737	163.443	2049.115	NaN
1210	1210-1732	1144395.135	2072.457	2074	1753	39.352	994.880	NaN
1211	1211-1718	89373.767	435.945	1345	1722	36.027	256.410	NaN
1212	1212-1722	133547.009	634.583	929	1715	135.000	394.944	NaN
1213	1213-1804	21739398.422	6587.065	542	1750	146.310	4895.267	NaN
1214	1214-1774	9472592.045	4715.461	152	1732	159.717	3486.986	NaN
1215	1215-1723	50336.949	317.292	783	1720	135.000	224.359	NaN
1216	1216-1723	50336.949	317.292	1337	1720	135.000	224.359	NaN
1217	1217-1803	17236809.665	6670.672	1394	1880	42.274	3962.022	NaN
1218	1218-1765	2741822.814	2806.272	2205	1723	103.878	1378.205	NaN
1219	1219-1755	1562500.000	2154.123	882	1775	43.191	1111.508	NaN
1220	1220-1745	510560.487	1251.643	1021	1760	50.194	717.601	NaN
1221	1221-1737	111974.030	480.769	1216	1743	53.130	320.513	NaN
1222	1222-1736	50336.949	317.292	1320	1733	135.000	224.359	NaN
1223	1223-1738	63691.650	362.619	805	1734	135.000	256.410	NaN
1224	1224-1739	116083.169	498.601	1059	1745	45.000	352.564	NaN
1225	1225-1744	129437.870	631.337	824	1753	66.038	254.842	NaN
1226	1226-1740	50336.949	317.292	1364	1737	135.000	224.359	NaN
1227	1227-1743	57527.942	340.710	1227	1739	131.186	224.359	NaN
1228	1228-1794	6685568.705	4293.556	1944	1819	30.010	2219.136	NaN
1229	1229-1758	482823.800	1256.557	15	1774	52.253	688.500	NaN
1230	1230-1752	200320.513	693.375	783	1759	33.690	405.031	NaN
1231	1231-1758	264012.163	892.845	1203	1760	21.038	513.210	NaN
1232	1232-1776	1982659.435	1927.612	1568	1802	42.979	1576.715	NaN
1233	1233-1771	770463.511	1369.231	2167	1790	57.426	929.487	NaN
1234	1234-1763	179774.819	726.653	1354	1772	48.576	453.274	NaN
1235	1235-1845	14260765.943	6107.683	2009	1912	55.476	4270.559	NaN
1236	1236-1767	126356.016	533.440	961	1760	122.735	352.564	NaN
1237	1237-1781	979002.301	1765.441	905	1797	15.803	1039.198	NaN
1238	1238-1772	71909.928	385.949	2444	1777	48.366	256.410	NaN
1239	1239-1867	25699580.868	8644.641	841	1939	38.527	4968.015	NaN
1240	1240-1807	3739316.239	3223.664	299	1812	17.354	2094.336	NaN
1241	1241-1822	5095332.018	3174.372	2264	1871	73.578	2379.216	NaN
1242	1242-1778	50336.949	317.292	15	1775	135.000	224.359	NaN
1243	1243-1794	1422789.283	2207.587	1871	1783	154.179	1197.664	NaN
1244	1244-1912	12348989.152	8675.247	139	1777	94.025	2995.750	NaN
1245	1245-1788	194156.805	716.688	2117	1798	63.435	445.973	NaN
1246	1246-1828	4153311.966	3294.429	739	1877	70.684	1858.974	NaN
1247	1247-1786	156147.272	634.583	1168	1793	45.000	448.718	NaN
1248	1248-1817	1615918.803	2496.093	2130	1855	77.391	1121.795	NaN
1249	1249-1823	2933925.049	3282.558	390	1864	54.137	1631.327	NaN
1250	1250-1836	8366206.443	4695.267	1602	1887	38.904	3010.886	NaN
1251	1251-1811	1837812.295	2246.564	794	1836	42.109	1346.498	NaN
1252	1252-1791	98619.329	453.274	104	1786	135.000	320.513	NaN
1253	1253-1810	1395052.597	1893.469	240	1826	33.959	1127.717	NaN
1254	1254-1797	79100.920	410.457	48	1793	141.340	256.410	NaN
1255	1255-1864	17172090.730	7470.424	2441	1918	30.416	3764.475	NaN
1256	1256-1822	1412516.437	1811.394	2185	1850	76.701	1121.795	NaN
1257	1257-1814	278394.149	973.220	100	1800	107.241	377.868	NaN
1258	1258-1804	64718.935	362.619	873	1808	45.000	256.410	NaN
1259	1259-1809	269148.586	693.375	1156	1818	56.310	544.872	NaN
1260	1260-1820	1123849.441	1666.667	1566	1826	22.620	1168.511	NaN
1261	1261-1870	14637779.421	6500.961	1750	1902	12.529	4069.732	NaN
1262	1262-1822	616370.809	1305.082	56	1812	155.323	878.366	NaN
1263	1263-1835	1536817.883	1880.403	1181	1809	119.624	1374.860	NaN
1264	1264-1853	1775147.929	3301.438	807	1895	53.686	930.037	NaN
1265	1265-1844	3058226.496	2548.430	1732	1869	39.898	1906.826	NaN
1266	1266-1841	1549145.299	1896.450	1029	1850	30.466	1456.311	NaN
1267	1267-1828	57527.942	340.710	2362	1824	131.186	224.359	NaN
1268	1268-1897	13672131.821	5265.880	211	1836	128.823	4025.385	NaN
1269	1269-1838	131492.439	521.757	1094	1833	137.490	352.564	NaN
1270	1270-1860	1961086.456	2158.886	155	1839	139.214	1377.861	NaN
1271	1271-1841	180802.104	615.685	2399	1834	128.660	480.769	NaN
1272	1272-1865	2787023.340	2198.727	1550	1837	120.677	1836.067	NaN
1273	1273-1886	4077292.899	3924.025	2353	1929	47.317	1992.912	NaN
1274	1274-1846	71909.928	391.236	105	1841	124.992	224.359	NaN
1275	1275-1871	2096688.034	2029.633	2210	1901	68.703	1607.940	NaN
1276	1276-1872	1873767.258	2322.778	1331	1890	39.401	1568.565	NaN
1277	1277-1930	14183719.592	6030.072	337	1988	46.292	3050.724	NaN
1278	1278-1856	194156.805	681.420	790	1848	131.186	448.718	NaN
1279	1279-1860	360576.923	1032.131	1329	1869	36.158	618.845	NaN
1280	1280-1859	456114.398	1103.793	2347	1865	25.821	596.384	NaN
1281	1281-1855	50336.949	317.292	1830	1852	135.000	224.359	NaN
1282	1282-1918	8993877.383	4530.582	1109	1980	62.166	3024.333	NaN
1283	1283-1881	2180925.378	2409.182	1256	1896	33.056	1531.807	NaN
1284	1284-1860	84237.344	431.206	766	1865	41.987	288.462	NaN
1285	1285-1863	153065.417	636.200	1085	1856	139.086	402.396	NaN
1286	1286-1869	141765.286	645.020	2158	1878	63.435	288.462	NaN
1287	1287-1872	57527.942	340.710	89	1868	131.186	224.359	NaN
1288	1288-1873	103755.753	455.534	2133	1868	140.711	320.513	NaN
1289	1289-1882	251684.747	747.558	1076	1892	59.036	448.718	NaN
1290	1290-1891	869082.840	1435.168	1697	1881	156.297	1148.273	NaN
1291	1291-1875	50336.949	317.292	2119	1872	135.000	224.359	NaN
1292	1292-1917	5067595.332	3232.257	2279	1938	30.379	2516.384	NaN
1293	1293-1935	12559582.512	5206.139	601	1984	37.999	3341.078	NaN
1294	1294-1882	137656.147	589.256	792	1874	112.380	256.410	NaN
1295	1295-1879	121219.592	570.657	1188	1885	38.157	352.564	NaN
1296	1296-1947	15328114.727	6842.630	1357	1985	28.846	3801.200	NaN
1297	1297-1880	57527.942	340.710	2609	1877	138.814	224.359	NaN
1298	1298-1891	397559.172	1146.702	37	1898	26.565	631.149	NaN
1299	1299-1914	2740795.529	2853.284	1176	1946	38.157	1834.406	NaN
1300	1300-1920	4994658.120	3804.934	1593	1958	34.359	1962.700	NaN
1301	1301-1889	57527.942	340.710	1967	1885	131.186	224.359	NaN
1302	1302-1893	111974.030	489.242	2195	1890	148.392	288.462	NaN
1303	1303-1909	785872.781	1369.231	753	1890	122.574	949.610	NaN
1304	1304-1896	50336.949	317.292	2553	1893	135.000	224.359	NaN
1305	1305-1899	116083.169	533.440	617	1904	32.735	288.462	NaN
1306	1306-1944	6652695.595	4533.642	1877	1993	43.854	2279.923	NaN
1307	1307-1951	5651093.031	4329.890	2175	2002	51.009	2253.260	NaN
1308	1308-1900	50336.949	317.292	1592	1897	135.000	224.359	NaN
1309	1309-1997	15562335.634	6700.865	753	2095	70.438	3903.196	NaN
1310	1310-1976	11567225.510	5138.811	478	1899	104.816	3620.317	NaN
1311	1311-1904	81155.490	407.946	2198	1900	135.000	288.462	NaN
1312	1312-1936	3174309.665	2721.152	1302	1969	43.091	1942.217	NaN
1313	1313-1912	123274.162	533.440	1719	1917	32.735	320.513	NaN
1314	1314-2045	29064965.483	8870.565	964	2182	81.899	6376.783	NaN
1315	1315-1942	2828114.727	2379.794	1517	1952	25.530	1941.515	NaN
1316	1316-1918	123274.162	530.543	1762	1915	154.983	288.462	NaN
1317	1317-1926	389340.894	1005.920	43	1934	22.479	504.885	NaN
1318	1318-1997	16866987.179	6235.601	1612	2041	27.224	3829.128	NaN
1319	1319-1925	80128.205	431.206	1979	1930	48.013	288.462	NaN
1320	1320-1945	1159804.405	1878.216	1250	1969	53.326	1055.957	NaN
1321	1321-1930	207511.506	673.840	76	1933	25.346	384.615	NaN
1322	1322-1928	88346.483	410.457	2189	1925	141.340	288.462	NaN
1323	1323-1929	50336.949	317.292	1775	1926	135.000	224.359	NaN
1324	1324-1973	2222016.765	2973.178	119	2019	78.811	1053.816	NaN
1325	1325-1985	9540392.834	5307.464	1958	2035	32.922	3167.737	NaN
1326	1326-1939	109919.461	455.534	1817	1934	129.289	352.564	NaN
1327	1327-1939	88346.483	431.206	2182	1935	138.013	288.462	NaN
1328	1328-1969	1973413.872	2473.562	2483	2002	58.782	1439.250	NaN
1329	1329-1942	72937.212	385.949	35	1946	41.634	256.410	NaN
1330	1330-1983	4444033.531	3650.611	1164	2024	46.779	2306.370	NaN
1331	1331-1982	4149202.827	2726.620	2424	1942	107.796	2465.615	NaN
1332	1332-1998	3919091.059	3447.562	248	1945	95.870	1826.923	NaN
1333	1333-1951	121219.592	480.769	2375	1945	126.870	352.564	NaN
1334	1334-1970	949211.045	1760.196	2334	1993	56.889	942.744	NaN
1335	1335-1968	1406352.728	2028.368	2260	1989	31.430	1190.355	NaN
1336	1336-1978	1075567.061	1541.130	852	2001	73.072	1089.744	NaN
1337	1337-1991	3433185.404	3160.100	1776	2023	40.475	1715.651	NaN
1338	1338-1963	153065.417	604.742	2167	1955	122.005	384.615	NaN
1339	1339-1992	2532256.739	2134.962	1488	1987	7.765	1762.821	NaN
1340	1340-2000	3556459.566	2978.011	1542	2027	34.032	1760.507	NaN
1341	1341-1976	96564.760	455.534	2330	1981	39.289	288.462	NaN
1342	1342-1996	1201923.077	1881.222	548	2018	45.690	1133.323	NaN
1343	1343-2050	19370479.947	6453.779	1191	2044	176.583	4510.760	NaN
1344	1344-1982	72937.212	385.949	2080	1978	138.366	256.410	NaN
1345	1345-1986	57527.942	340.710	1867	1983	138.814	224.359	NaN
1346	1346-2061	9144888.231	5291.957	293	1986	114.702	3235.165	NaN
1347	1347-2008	667735.043	1628.319	1925	2029	53.807	817.827	NaN
1348	1348-2009	608152.531	1746.427	2273	2029	47.231	803.027	NaN
1349	1349-2020	2743877.383	2551.652	1074	2048	32.692	1679.904	NaN
1350	1350-1997	132519.724	500.657	2659	2001	39.806	384.615	NaN
1351	1351-2021	3060281.065	2569.106	659	2046	40.446	1678.077	NaN
1352	1352-1999	89373.767	431.206	2256	2004	41.987	288.462	NaN
1353	1353-2001	130465.155	567.045	2333	2007	42.709	384.615	NaN
1354	1354-2045	6062006.903	3219.200	595	1996	102.653	2763.392	NaN
1355	1355-2062	7140655.819	4729.384	2303	2096	34.229	2374.715	NaN
1356	1356-2004	155119.987	612.339	2196	2011	47.121	416.667	NaN
1357	1357-2033	4692636.423	3601.885	1396	2051	11.810	1778.125	NaN
1358	1358-2011	397559.172	942.656	1890	2020	35.311	673.077	NaN
1359	1359-2007	64718.935	362.619	644	2011	45.000	256.410	NaN
1360	1360-2034	2142915.845	2585.249	1821	2062	42.990	1716.258	NaN
1361	1361-2087	21265820.184	6107.010	2446	2044	157.473	4990.976	NaN
1362	1362-2009	57527.942	340.710	1929	2006	138.814	224.359	NaN
1363	1363-2011	57527.942	340.710	2176	2008	138.814	224.359	NaN
1364	1364-2013	111974.030	500.657	2661	2008	140.194	320.513	NaN
1365	1365-2027	1027284.681	1519.988	2100	2011	137.564	1122.639	NaN
1366	1366-2013	92455.621	455.534	2639	2018	39.289	288.462	NaN
1367	1367-2067	5487754.767	3680.319	2171	2083	33.275	3046.742	NaN
1368	1368-2038	1521408.613	2358.112	2605	2057	31.097	1239.032	NaN
1369	1369-2025	244493.754	871.889	2554	2022	162.897	384.615	NaN
1370	1370-2058	1327251.808	2574.498	393	2096	71.114	1076.629	NaN
1371	1371-2025	64718.935	362.619	1526	2029	45.000	256.410	NaN
1372	1372-2025	50336.949	317.292	2048	2022	135.000	224.359	NaN
1373	1373-2033	233193.623	886.495	1889	2043	40.601	453.274	NaN
1374	1374-2030	64718.935	365.441	2324	2027	142.125	224.359	NaN
1375	1375-2032	64718.935	362.619	2303	2028	135.000	256.410	NaN
1376	1376-2113	29946375.740	10105.104	1340	2180	18.492	5386.252	NaN
1377	1377-2033	72937.212	385.949	2671	2029	131.634	256.410	NaN
1378	1378-2041	403722.880	1135.900	928	2040	163.610	540.295	NaN
1379	1379-2075	5657256.739	4553.764	1042	2093	22.775	2154.607	NaN
1380	1380-2083	7161201.512	5046.220	1646	2124	25.589	1933.830	NaN
1381	1381-2041	140738.001	616.519	2267	2050	62.103	288.462	NaN
1382	1382-2039	86291.913	445.271	2319	2036	149.744	224.359	NaN
1383	1383-2047	221893.491	793.552	2081	2056	46.637	485.540	NaN
1384	1384-2050	461250.822	1026.142	2658	2038	128.660	791.724	NaN
1385	1385-2086	5958251.151	4587.254	164	2053	146.976	2245.638	NaN
1386	1386-2078	3208210.059	2971.104	1888	2112	42.814	1596.154	NaN
1387	1387-2049	110946.746	480.769	461	2054	36.870	320.513	NaN
1388	1388-2050	50336.949	317.292	452	2047	135.000	224.359	NaN
1389	1389-2051	64718.935	365.441	1792	2047	127.875	224.359	NaN
1390	1390-2052	65746.220	362.619	650	2048	135.000	256.410	NaN
1391	1391-2053	72937.212	385.949	846	2049	138.366	256.410	NaN
1392	1392-2074	1145422.419	1863.390	1981	2056	139.185	1377.596	NaN
1393	1393-2105	8743219.921	4176.271	633	2141	41.889	3192.568	NaN
1394	1394-2080	2393573.307	2895.989	915	2105	27.699	1706.850	NaN
1395	1395-2125	18234303.090	8045.957	1944	2194	14.534	4647.436	NaN
1396	1396-2063	145874.425	543.928	2645	2057	135.000	384.615	NaN
1397	1397-2069	63691.650	362.619	2017	2073	45.000	256.410	NaN
1398	1398-2106	3627342.209	3311.690	806	2097	165.426	2104.169	NaN
1399	1399-2105	2547666.009	2792.143	2368	2136	48.257	1632.535	NaN
1400	1400-2076	64718.935	362.619	1785	2080	45.000	256.410	NaN
1401	1401-2136	13434829.060	6859.274	1135	2193	15.725	3912.690	NaN
1402	1402-2121	5528846.154	3607.015	1791	2162	47.521	2347.767	NaN
1403	1403-2084	50336.949	317.292	999	2081	135.000	224.359	NaN
1404	1404-2098	704717.291	1315.665	1961	2081	124.077	968.963	NaN
1405	1405-2088	199293.228	660.754	2070	2095	39.094	480.769	NaN
1406	1406-2111	612261.670	1181.993	366	2098	139.399	929.487	NaN
1407	1407-2149	11037146.614	6174.927	992	2184	20.034	3197.833	NaN
1408	1408-2150	7288584.813	3801.287	444	2102	126.773	3102.694	NaN
1409	1409-2147	3125000.000	2941.044	761	2190	69.590	1711.452	NaN
1410	1410-2115	408859.303	902.572	140	2109	163.496	652.981	NaN
1411	1411-2124	1048857.659	1699.927	1739	2143	45.764	917.361	NaN
1412	1412-2134	1171104.536	1610.557	1906	2155	42.580	1290.427	NaN
1413	1413-2118	213675.214	693.375	2636	2113	146.310	448.718	NaN
1414	1414-2139	905037.804	1543.794	2308	2123	138.366	1121.795	NaN
1415	1415-2133	176692.965	884.174	157	2143	43.531	385.283	NaN
1416	1416-2161	2376109.467	2571.504	219	2124	112.730	1458.681	NaN
1417	1417-2130	71909.928	391.236	914	2125	124.992	224.359	NaN
1418	1418-2163	4394723.866	3148.539	273	2199	38.387	2275.641	NaN
1419	1419-2150	2343236.358	3010.262	1564	2172	18.628	1175.440	NaN
1420	1420-2142	563979.290	1307.834	2641	2132	143.973	735.907	NaN
1421	1421-2138	275312.295	730.882	191	2129	127.875	544.872	NaN
1422	1422-2164	3308883.958	2638.737	2424	2134	130.073	1973.208	NaN
1423	1423-2165	3704388.560	3040.652	781	2198	34.695	1915.106	NaN
1424	1424-2164	3767052.926	2681.794	1661	2147	155.273	2051.282	NaN
1425	1425-2166	2274408.284	2499.589	666	2199	49.160	1745.853	NaN
1426	1426-2167	4017710.388	2822.879	857	2196	12.458	2051.282	NaN
1427	1427-2169	2165516.108	2072.457	365	2141	129.352	1363.587	NaN
1428	1428-2169	2824005.588	2630.549	1828	2197	43.025	1854.555	NaN
1429	1429-2170	2350427.350	2087.028	2602	2149	132.510	1769.535	NaN
1430	1430-2171	6053788.626	4540.095	533	2151	165.277	1730.769	NaN
1431	1431-2171	1942595.332	1953.814	2364	2151	131.009	1612.051	NaN
1432	1432-2159	435568.705	1051.360	1749	2169	37.569	645.512	NaN
1433	1433-2158	243466.469	942.656	191	2150	144.689	469.824	NaN
1434	1434-2155	78073.636	385.949	664	2151	131.634	288.462	NaN
1435	1435-2154	50336.949	317.292	2582	2151	135.000	224.359	NaN
1436	1436-2175	1138231.427	1802.012	2544	2197	51.499	1043.957	NaN
1437	1437-2162	86291.913	445.271	1738	2156	120.256	224.359	NaN
1438	1438-2165	64718.935	365.441	2182	2161	127.875	224.359	NaN
1439	1439-2180	787927.350	1556.056	2301	2197	32.381	864.281	NaN
1440	1440-2183	578361.275	1077.419	726	2169	120.379	865.385	NaN
1441	1441-2184	1975468.442	2899.003	1558	2196	5.711	897.436	NaN
1442	1442-2183	738617.686	1484.774	2500	2195	32.661	758.993	NaN
1443	1443-2181	130465.155	577.813	264	2189	56.310	320.513	NaN
1444	1444-2187	1033448.389	1999.805	1742	2191	173.558	705.128	NaN
1445	1445-2187	784845.496	1923.611	2213	2198	10.561	649.678	NaN
1446	1446-2185	50336.949	317.292	1900	2182	135.000	224.359	NaN
1447	1447-2190	169501.972	615.685	353	2183	128.660	384.615	NaN
1448	1448-2191	359549.638	1135.900	1256	2198	16.390	512.821	NaN
1449	1449-2187	50336.949	317.292	2334	2184	135.000	224.359	NaN
1450	1450-2190	179774.819	720.263	1323	2195	20.854	352.564	NaN
1451	1451-2192	133547.009	521.757	2289	2186	132.510	384.615	NaN
1452	1452-2193	80128.205	410.457	2319	2188	128.660	256.410	NaN
1453	1453-2194	173611.111	739.961	969	2191	162.350	256.410	NaN
1454	1454-2194	57527.942	340.710	1125	2190	131.186	224.359	NaN
1455	1455-2194	79100.920	417.898	957	2191	147.529	224.359	NaN
