 	Label	Area	Feret	FeretX	FeretY	FeretAngle	MinFeret	Perinuclei
1	0001-0010	165392.834	551.431	853	6	144.462	448.718	NaN
2	0002-0038	2858933.268	2384.969	1995	63	48.814	1834.857	NaN
3	0003-0057	3966346.154	3226.372	650	106	76.792	2050.714	NaN
4	0004-0042	2787023.340	2178.073	1708	25	147.011	1877.724	NaN
5	0005-0083	7768326.759	4318.368	850	149	78.440	2853.678	NaN
6	0006-0025	90401.052	431.206	900	21	138.013	288.462	NaN
7	0007-0082	7949128.863	3799.125	241	24	99.224	2937.561	NaN
8	0008-0045	1039612.097	1495.116	287	32	149.036	1135.410	NaN
9	0009-0088	6958826.430	4192.842	1592	120	44.690	2537.484	NaN
10	0010-0056	988247.863	1868.895	914	29	112.166	811.190	NaN
11	0011-0052	853673.570	1602.564	1055	72	53.130	747.901	NaN
12	0012-0091	3128081.854	3963.099	1350	149	71.125	1231.143	NaN
13	0013-0041	180802.104	693.375	2620	36	146.310	416.667	NaN
14	0014-0057	1248150.888	1785.691	20	48	158.962	1152.009	NaN
15	0015-0046	119165.023	516.811	932	53	60.255	288.462	NaN
16	0016-0105	10005752.794	4257.515	2118	123	27.337	3478.151	NaN
17	0017-0086	2642176.200	2820.695	983	122	53.781	1822.325	NaN
18	0018-0053	50336.949	317.292	2038	50	135.000	224.359	NaN
19	0019-0079	1852194.280	2133.759	2602	108	57.265	1361.708	NaN
20	0020-0100	4931993.754	3525.204	1048	148	49.794	2373.874	NaN
21	0021-0103	6635231.755	3561.733	351	150	47.553	2746.705	NaN
22	0022-0069	356467.784	1005.920	1248	57	149.349	751.590	NaN
23	0023-0062	103755.753	435.945	1699	59	143.973	320.513	NaN
24	0024-0076	957429.323	1501.971	297	90	39.806	998.955	NaN
25	0025-0114	7210511.177	3911.044	441	71	130.347	3253.766	NaN
26	0026-0132	10169091.059	5717.719	1832	192	42.274	2520.092	NaN
27	0027-0130	11502506.575	4473.996	1710	69	118.217	3871.446	NaN
28	0028-0098	2418228.139	2611.934	40	110	14.207	1261.561	NaN
29	0029-0118	2211743.918	2738.463	590	158	69.444	1425.253	NaN
30	0030-0119	5507273.176	3281.776	2311	125	12.407	2229.811	NaN
31	0031-0146	10336538.462	4602.234	2538	215	72.575	3781.616	NaN
32	0032-0085	57527.942	340.710	1030	81	131.186	224.359	NaN
33	0033-0111	1136176.857	2023.551	571	139	60.593	989.030	NaN
34	0034-0155	11119329.389	4863.036	1968	217	55.472	3267.776	NaN
35	0035-0106	926610.782	1341.950	1242	93	139.844	1162.868	NaN
36	0036-0096	79100.920	417.898	311	93	147.529	224.359	NaN
37	0037-0132	2577457.265	2655.812	766	172	72.440	1538.606	NaN
38	0038-0101	208538.790	616.519	922	99	152.103	480.769	NaN
39	0039-0134	1906640.368	2778.312	1457	169	50.618	1082.432	NaN
40	0040-0146	4858029.257	2985.418	145	101	104.931	2277.283	NaN
41	0041-0112	64718.935	365.441	2077	108	127.875	224.359	NaN
42	0042-0120	591715.976	1448.349	1526	132	24.864	707.666	NaN
43	0043-0113	79100.920	407.946	2090	118	45.000	288.462	NaN
44	0044-0197	9437664.366	5473.267	633	280	75.069	2686.286	NaN
45	0045-0193	11329922.748	5332.856	876	272	64.359	3277.595	NaN
46	0046-0124	195184.089	771.897	2240	133	48.366	429.351	NaN
47	0047-0152	2121342.867	2481.233	1199	188	61.449	1322.578	NaN
48	0048-0120	50336.949	317.292	2290	117	135.000	224.359	NaN
49	0049-0162	4124547.995	2677.769	50	195	47.911	2307.692	NaN
50	0050-0135	310239.974	841.308	2276	125	130.365	576.923	NaN
51	0051-0145	497205.786	1251.643	2266	126	103.325	608.974	NaN
52	0052-0160	3320184.089	2489.293	975	193	55.491	2115.385	NaN
53	0053-0175	3380793.886	3117.554	276	222	75.107	1839.900	NaN
54	0054-0213	10470085.470	5525.942	1275	128	97.331	3055.016	NaN
55	0055-0196	11419296.515	4370.742	2055	204	4.205	3944.639	NaN
56	0056-0216	7946047.009	5535.229	1096	300	75.240	2142.609	NaN
57	0057-0192	5754848.784	4239.744	703	134	128.863	2719.641	NaN
58	0058-0156	1235823.471	1609.600	1302	136	125.272	1089.744	NaN
59	0059-0143	94510.191	431.206	1594	139	138.013	320.513	NaN
60	0060-0154	427350.427	922.832	407	150	159.677	604.902	NaN
61	0061-0177	3203073.636	2458.147	212	148	129.710	1975.485	NaN
62	0062-0181	1521408.613	2509.433	1528	217	65.072	1104.770	NaN
63	0063-0197	4336168.639	3282.715	807	147	99.554	1858.974	NaN
64	0064-0151	50336.949	317.292	1607	148	135.000	224.359	NaN
65	0065-0154	71909.928	391.236	526	151	145.008	224.359	NaN
66	0066-0155	57527.942	340.710	1487	151	131.186	224.359	NaN
67	0067-0156	93482.906	435.945	2249	162	53.973	288.462	NaN
68	0068-0157	92455.621	476.477	1619	152	137.726	320.513	NaN
69	0069-0174	2059705.786	2671.624	1031	195	30.256	1165.583	NaN
70	0070-0206	7432404.668	3809.251	2293	158	128.509	2995.724	NaN
71	0071-0205	4072156.476	3179.545	437	253	75.403	1905.393	NaN
72	0072-0172	322567.390	898.008	1416	179	34.824	575.645	NaN
73	0073-0167	64718.935	362.619	1630	163	135.000	256.410	NaN
74	0074-0168	57527.942	340.710	2247	164	131.186	224.359	NaN
75	0075-0227	9832141.683	4257.515	342	290	62.663	3291.385	NaN
76	0076-0173	220866.206	865.978	1493	165	141.009	435.929	NaN
77	0077-0209	4983357.988	3612.138	1858	244	41.042	2179.643	NaN
78	0078-0174	57527.942	340.710	1588	171	138.814	224.359	NaN
79	0079-0192	733481.262	1238.026	1597	174	111.251	861.220	NaN
80	0080-0220	4264258.711	3051.612	513	266	72.897	2190.022	NaN
81	0081-0183	144847.140	533.440	1453	176	122.735	352.564	NaN
82	0082-0187	182856.673	803.842	2205	176	113.499	352.564	NaN
83	0083-0191	364686.062	880.098	111	186	146.889	641.026	NaN
84	0084-0186	80128.205	407.946	101	182	135.000	288.462	NaN
85	0085-0187	71909.928	365.441	1391	183	127.875	256.410	NaN
86	0086-0213	1626191.650	2048.275	2243	243	69.864	1594.741	NaN
87	0087-0195	318458.251	846.785	1557	207	60.524	480.769	NaN
88	0088-0260	10672460.552	4910.963	2590	336	80.230	3076.566	NaN
89	0089-0189	50336.949	317.292	1632	186	135.000	224.359	NaN
90	0090-0191	50336.949	317.292	1471	188	135.000	224.359	NaN
91	0091-0196	115055.884	455.534	1377	201	50.711	320.513	NaN
92	0092-0276	11162475.345	5594.395	1151	362	78.433	3440.105	NaN
93	0093-0195	50336.949	317.292	1669	192	135.000	224.359	NaN
94	0094-0198	101701.183	455.534	1358	193	129.289	288.462	NaN
95	0095-0197	50336.949	317.292	1479	194	135.000	224.359	NaN
96	0096-0225	1623109.796	2142.647	1791	256	68.039	1339.925	NaN
97	0097-0235	4331032.216	2887.107	142	270	22.865	2351.199	NaN
98	0098-0233	4486152.202	3689.380	1009	269	39.359	2177.149	NaN
99	0099-0203	71909.928	391.236	2200	198	124.992	224.359	NaN
100	0100-0286	11176857.331	5939.960	1425	199	109.217	2834.295	NaN
101	0101-0212	670816.897	1304.688	1700	219	27.824	865.385	NaN
102	0102-0226	1196786.654	1993.631	1610	252	53.499	933.769	NaN
103	0103-0212	240384.615	936.095	1741	201	128.047	520.965	NaN
104	0104-0236	4642299.474	3257.584	37	212	156.209	2115.385	NaN
105	0105-0211	165392.834	596.188	2225	216	36.254	384.615	NaN
106	0106-0219	295857.988	904.846	1676	232	67.068	574.554	NaN
107	0107-0282	8730892.505	4953.764	2020	358	79.563	2993.751	NaN
108	0108-0289	8662064.431	5323.408	1381	372	83.431	2709.573	NaN
109	0109-0213	71909.928	385.949	230	209	138.366	256.410	NaN
110	0110-0222	254766.601	931.695	1328	233	49.185	488.918	NaN
111	0111-0216	119165.023	521.757	1732	222	42.510	352.564	NaN
112	0112-0272	7773463.182	4147.515	2430	300	36.516	2671.815	NaN
113	0113-0273	4814883.300	3995.241	946	332	69.821	1955.128	NaN
114	0114-0223	132519.724	544.872	1568	228	28.072	288.462	NaN
115	0115-0228	247575.608	810.840	1488	224	161.565	387.012	NaN
116	0116-0243	1687828.731	2149.588	1538	238	159.944	1117.347	NaN
117	0117-0347	28458867.521	9260.158	2102	270	152.814	5932.764	NaN
118	0118-0270	2041214.661	2564.103	271	244	126.870	1378.751	NaN
119	0119-0239	64718.935	365.441	1652	235	127.875	224.359	NaN
120	0120-0280	3365384.615	3494.913	2281	235	125.293	1682.073	NaN
121	0121-0291	5640820.184	3578.996	1717	344	70.105	2371.795	NaN
122	0122-0292	5078895.464	3483.430	682	345	77.242	1914.943	NaN
123	0123-0263	1090976.331	1562.972	1489	240	105.461	980.148	NaN
124	0124-0277	2186061.801	2298.102	465	313	81.983	1657.676	NaN
125	0125-0256	477687.377	1121.337	1954	247	149.036	770.565	NaN
126	0126-0274	1719674.556	2036.203	1813	300	61.821	1424.356	NaN
127	0127-0253	239357.331	702.939	1313	261	46.848	512.821	NaN
128	0128-0259	326676.529	835.795	236	270	57.529	608.974	NaN
129	0129-0322	10155736.358	5451.074	718	394	54.815	2888.982	NaN
130	0130-0265	381122.617	962.073	1632	278	60.018	652.739	NaN
131	0131-0282	2080251.479	2047.773	532	306	39.920	1402.176	NaN
132	0132-0275	899901.381	1539.129	838	255	121.373	910.372	NaN
133	0133-0294	2765450.362	2384.753	2364	325	53.746	1752.001	NaN
134	0134-0270	203402.367	645.020	1660	261	116.565	448.718	NaN
135	0135-0298	4299186.391	2746.890	1875	330	48.311	2403.846	NaN
136	0136-0269	180802.104	702.939	1945	277	43.152	422.576	NaN
137	0137-0308	2907215.648	2887.641	2251	264	98.940	1666.667	NaN
138	0138-0294	1828566.732	2162.690	1032	320	50.412	1283.174	NaN
139	0139-0277	312294.543	1005.920	1533	268	149.349	587.520	NaN
140	0140-0300	2941116.042	2535.903	147	286	163.856	1858.974	NaN
141	0141-0277	110946.746	498.601	2078	283	45.000	352.564	NaN
142	0142-0290	535215.319	1272.400	1952	305	49.086	761.476	NaN
143	0143-0302	1384779.750	1751.420	887	322	55.437	1429.509	NaN
144	0144-0308	3706443.130	3357.439	24	317	20.684	1723.491	NaN
145	0145-0311	2410009.862	2463.157	248	279	122.242	1916.073	NaN
146	0146-0303	931747.206	1628.319	1781	328	79.796	850.235	NaN
147	0147-0294	433514.135	974.802	495	305	46.332	645.020	NaN
148	0148-0286	95537.475	455.534	1573	281	129.289	288.462	NaN
149	0149-0350	11811719.264	4464.227	383	417	74.168	3984.209	NaN
150	0150-0359	11759327.745	5080.811	1617	283	106.492	3881.671	NaN
151	0151-0319	2778805.062	2570.904	583	287	125.870	1735.616	NaN
152	0152-0361	10029380.342	4812.071	2502	434	76.519	3138.369	NaN
153	0153-0300	105810.322	455.534	1003	295	140.711	320.513	NaN
154	0154-0300	120192.308	533.440	1543	296	147.265	288.462	NaN
155	0155-0314	529051.611	1226.773	1509	298	123.275	699.622	NaN
156	0156-0317	647189.349	1298.769	2064	337	74.249	992.565	NaN
157	0157-0305	50336.949	317.292	1476	302	135.000	224.359	NaN
158	0158-0364	5829840.565	3918.654	1256	303	93.752	2534.317	NaN
159	0159-0340	2220989.481	2538.534	1658	305	114.624	1287.657	NaN
160	0160-0309	50336.949	317.292	1017	306	135.000	224.359	NaN
161	0161-0319	348249.507	1026.142	1540	333	51.340	540.191	NaN
162	0162-0341	2247698.882	2249.306	968	367	57.216	1619.184	NaN
163	0163-0332	1297460.552	1822.419	1053	355	55.751	1038.886	NaN
164	0164-0382	7773463.182	4676.632	2412	311	101.464	2725.761	NaN
165	0165-0318	50336.949	317.292	222	315	135.000	224.359	NaN
166	0166-0349	3699252.137	2800.042	58	341	164.055	1998.936	NaN
167	0167-0353	1913831.361	2339.963	1100	389	76.535	1388.180	NaN
168	0168-0377	5801076.594	3832.374	1947	435	75.964	2605.459	NaN
169	0169-0324	50336.949	317.292	289	321	135.000	224.359	NaN
170	0170-0375	8220332.018	4019.849	477	429	52.125	2912.543	NaN
171	0171-0350	951265.615	1749.072	861	324	103.782	928.676	NaN
172	0172-0348	596852.400	1203.098	156	365	48.240	753.568	NaN
173	0173-0348	672871.466	1209.485	1513	364	57.995	929.487	NaN
174	0174-0336	50336.949	317.292	854	333	135.000	224.359	NaN
175	0175-0352	678007.890	1468.075	2079	371	53.881	747.901	NaN
176	0176-0366	2404873.439	2167.435	893	391	51.605	1698.718	NaN
177	0177-0343	209566.075	827.147	1835	336	144.462	480.769	NaN
178	0178-0421	9344181.460	5488.168	1728	504	75.801	2523.570	NaN
179	0179-0346	169501.972	725.238	1804	338	135.000	407.946	NaN
180	0180-0374	2228180.473	2039.479	188	402	59.808	1794.872	NaN
181	0181-0402	5231960.881	3572.101	1311	458	84.852	2190.485	NaN
182	0182-0352	88346.483	410.457	1326	357	38.660	288.462	NaN
183	0183-0361	307158.120	934.447	2365	374	59.036	483.714	NaN
184	0184-0383	2193252.794	2325.651	660	352	119.745	1282.764	NaN
185	0185-0354	71909.928	385.949	1882	350	138.366	256.410	NaN
186	0186-0385	2200443.787	2234.643	1198	351	98.246	1500.285	NaN
187	0187-0417	7148874.096	4362.979	1890	484	77.699	2473.130	NaN
188	0188-0368	528024.326	1408.069	2116	353	138.691	711.167	NaN
189	0189-0388	2747986.522	2314.138	801	374	143.448	1978.060	NaN
190	0190-0398	3695142.998	2867.650	240	440	62.003	2032.729	NaN
191	0191-0361	71909.928	385.949	1794	357	131.634	256.410	NaN
192	0192-0423	9717085.799	4378.961	2018	486	70.769	3081.194	NaN
193	0193-0368	426323.143	1165.363	1795	377	31.504	599.112	NaN
194	0194-0425	8033366.206	4330.720	987	478	61.728	2522.955	NaN
195	0195-0368	128410.585	570.657	2097	361	128.157	352.003	NaN
196	0196-0439	10856344.510	4877.906	593	364	97.172	3228.703	NaN
197	0197-0401	2081278.764	2500.205	315	368	126.135	1464.574	NaN
198	0198-0382	400641.026	974.802	967	371	136.332	615.216	NaN
199	0199-0379	71909.928	385.949	2367	375	131.634	256.410	NaN
200	0200-0445	6187335.634	4307.888	109	509	70.891	2054.032	NaN
201	0201-0421	1872739.974	2413.017	931	457	73.009	1238.809	NaN
202	0202-0462	10232782.709	4784.345	1829	537	86.543	3145.199	NaN
203	0203-0413	1060157.791	1742.894	425	437	57.771	1008.191	NaN
204	0204-0420	1954922.748	2138.087	1104	451	66.125	1427.229	NaN
205	0205-0395	90401.052	435.945	1151	390	126.027	256.410	NaN
206	0206-0420	1729947.403	2347.633	1385	450	51.096	1064.103	NaN
207	0207-0469	12005876.068	5124.698	2097	395	111.269	3794.466	NaN
208	0208-0421	1239932.610	1818.186	2369	399	130.711	1053.141	NaN
209	0209-0413	322567.390	907.680	873	403	132.138	645.238	NaN
210	0210-0405	57527.942	340.710	1361	402	138.814	224.359	NaN
211	0211-0407	50336.949	317.292	997	404	135.000	224.359	NaN
212	0212-0471	10906681.460	4462.040	2567	404	104.136	3540.441	NaN
213	0213-0470	9061678.172	5147.101	1393	533	46.766	2671.719	NaN
214	0214-0477	8385724.852	4803.952	777	410	114.855	2541.938	NaN
215	0215-0477	9869123.932	4693.625	1495	518	33.582	3053.397	NaN
216	0216-0430	436595.989	1133.184	959	446	61.260	602.286	NaN
217	0217-0498	12078813.281	5440.038	1116	577	68.575	3305.849	NaN
218	0218-0496	12916050.296	5027.149	2334	574	81.198	3840.232	NaN
219	0219-0454	1251232.742	2426.813	156	486	56.310	1074.364	NaN
220	0220-0498	8107330.703	4974.561	1188	568	58.973	2819.182	NaN
221	0221-0449	1218359.632	1638.068	2461	427	120.579	1247.996	NaN
222	0222-0430	50336.949	317.292	1344	427	135.000	224.359	NaN
223	0223-0457	1064266.930	1994.919	1341	486	66.318	1177.232	NaN
224	0224-0437	291748.849	922.832	852	434	159.677	439.847	NaN
225	0225-0448	365713.346	981.104	205	436	128.367	643.507	NaN
226	0226-0456	1443334.977	1658.325	263	475	48.918	1308.847	NaN
227	0227-0440	107864.892	489.242	1336	437	148.392	288.462	NaN
228	0228-0453	398586.456	912.195	361	440	108.435	608.974	NaN
229	0229-0474	2795241.617	2577.888	487	444	128.437	1783.457	NaN
230	0230-0454	205456.936	702.939	736	462	43.152	480.769	NaN
231	0231-0453	127383.300	506.775	962	447	124.695	320.513	NaN
232	0232-0468	856755.424	1391.557	2405	447	104.676	929.487	NaN
233	0233-0460	399613.741	891.118	386	473	52.306	673.077	NaN
234	0234-0457	57527.942	340.710	662	454	138.814	224.359	NaN
235	0235-0478	1440253.123	1691.445	894	455	117.051	1383.697	NaN
236	0236-0512	7757026.627	4172.333	1614	570	62.057	2918.525	NaN
237	0237-0492	1803911.900	2505.951	695	456	110.985	1480.322	NaN
238	0238-0473	561924.721	1293.618	426	458	131.987	859.492	NaN
239	0239-0467	154092.702	567.045	859	461	132.709	416.667	NaN
240	0240-0549	11749054.898	5757.823	1929	637	78.440	3557.692	NaN
241	0241-0486	603016.108	1423.669	1070	506	58.815	655.598	NaN
242	0242-0502	4040310.651	3523.455	151	532	31.232	1818.048	NaN
243	0243-0473	156147.272	596.188	355	468	143.746	352.564	NaN
244	0244-0480	330785.667	1043.514	1290	469	137.490	545.607	NaN
245	0245-0476	74991.782	407.946	1373	472	135.000	288.462	NaN
246	0246-0507	1661119.329	2262.058	2446	472	97.326	1314.103	NaN
247	0247-0480	115055.884	476.477	755	476	137.726	352.564	NaN
248	0248-0551	11625780.736	4944.735	2210	627	74.973	3510.619	NaN
249	0249-0494	512615.056	1250.000	957	476	112.620	737.179	NaN
250	0250-0480	50336.949	317.292	714	477	135.000	224.359	NaN
251	0251-0514	3190746.220	2402.136	371	532	18.677	2021.930	NaN
252	0252-0494	151010.848	756.437	313	504	53.616	375.481	NaN
253	0253-0491	185938.527	602.189	715	486	154.799	416.667	NaN
254	0254-0539	3994082.840	3507.822	2471	593	77.869	1926.900	NaN
255	0255-0490	50336.949	317.292	2621	487	135.000	224.359	NaN
256	0256-0508	1491617.357	2339.963	13	495	166.535	1179.551	NaN
257	0257-0495	101701.183	476.477	2027	490	132.274	320.513	NaN
258	0258-0516	1945677.186	2012.861	249	540	37.235	1519.380	NaN
259	0259-0502	244493.754	835.795	1287	514	57.529	460.477	NaN
260	0260-0508	592743.261	1135.900	1359	525	73.610	801.282	NaN
261	0261-0505	303048.981	808.938	749	494	123.690	528.484	NaN
262	0262-0552	8410379.684	3845.219	1004	611	68.997	3205.128	NaN
263	0263-0500	79100.920	410.457	246	505	51.340	256.410	NaN
264	0264-0502	241411.900	688.170	1321	498	152.241	480.769	NaN
265	0265-0536	2854824.129	2607.210	552	498	110.886	1744.504	NaN
266	0266-0504	82182.774	410.457	335	499	128.660	256.410	NaN
267	0267-0538	2305226.824	2456.893	668	501	105.124	1818.104	NaN
268	0268-0518	570142.998	1276.430	864	501	118.496	813.671	NaN
269	0269-0512	334894.806	904.846	895	506	157.068	512.821	NaN
270	0270-0606	13480029.586	6700.865	2406	504	103.837	2929.618	NaN
271	0271-0514	94510.191	453.274	926	509	135.000	320.513	NaN
272	0272-0550	4876520.381	2827.969	467	511	125.311	2393.739	NaN
273	0273-0588	11887738.330	5280.589	1711	523	123.111	3616.818	NaN
274	0274-0543	2544584.155	2213.628	1551	571	55.620	1814.344	NaN
275	0275-0596	10143408.941	5364.163	1881	680	86.231	3044.872	NaN
276	0276-0553	2908242.932	2502.875	1469	592	80.417	1799.907	NaN
277	0277-0544	3493795.201	3212.332	2048	524	155.225	1635.118	NaN
278	0278-0530	597879.684	1178.511	1312	536	22.380	833.333	NaN
279	0279-0525	166420.118	596.188	317	518	143.746	448.718	NaN
280	0280-0522	50336.949	317.292	897	519	135.000	224.359	NaN
281	0281-0528	114028.600	596.188	955	536	53.746	344.010	NaN
282	0282-0526	57527.942	340.710	1372	523	138.814	224.359	NaN
283	0283-0553	1079676.200	1923.611	1081	524	100.561	724.741	NaN
284	0284-0543	835182.446	1321.508	903	553	39.094	1025.641	NaN
285	0285-0535	50336.949	317.292	757	532	135.000	224.359	NaN
286	0286-0540	163338.264	590.996	231	547	49.399	448.718	NaN
287	0287-0546	423241.289	1022.632	854	536	147.804	673.077	NaN
288	0288-0540	50336.949	317.292	954	537	135.000	224.359	NaN
289	0289-0543	79100.920	410.457	130	547	38.660	256.410	NaN
290	0290-0545	170529.257	570.657	1363	550	38.157	416.667	NaN
291	0291-0592	7608070.348	4350.128	2490	635	39.319	2648.174	NaN
292	0292-0577	2724358.974	2393.353	1411	542	110.376	1659.773	NaN
293	0293-0593	4951512.163	3294.429	712	642	72.446	2173.517	NaN
294	0294-0595	8037475.345	3985.200	227	569	154.259	2985.974	NaN
295	0295-0633	8627136.752	5679.502	1975	717	69.520	2313.868	NaN
296	0296-0583	1470044.379	1959.327	1314	613	74.827	1038.717	NaN
297	0297-0616	9980070.677	4933.087	1585	671	49.479	3242.332	NaN
298	0298-0587	1861439.842	2020.248	1496	609	41.785	1630.287	NaN
299	0299-0564	95537.475	462.250	664	558	123.690	256.410	NaN
300	0300-0604	4062910.914	3132.019	796	558	107.879	1902.788	NaN
301	0301-0608	4341305.062	3375.138	1250	658	71.737	1923.077	NaN
302	0302-0620	7651216.305	4480.994	358	562	127.444	2616.180	NaN
303	0303-0566	71909.928	385.949	827	562	131.634	256.410	NaN
304	0304-0584	755054.241	1530.763	1344	607	70.427	865.385	NaN
305	0305-0565	50336.949	317.292	1832	562	135.000	224.359	NaN
306	0306-0594	1761793.228	2199.428	604	619	43.229	1683.639	NaN
307	0307-0570	90401.052	455.534	897	565	129.289	288.462	NaN
308	0308-0604	2314472.387	2755.851	2250	642	56.864	1208.962	NaN
309	0309-0576	186965.812	874.830	1839	570	151.557	352.021	NaN
310	0310-0609	2005259.698	2409.822	2602	646	76.149	1250.562	NaN
311	0311-0580	82182.774	410.457	105	576	141.340	256.410	NaN
312	0312-0638	4110166.009	4413.893	2147	579	121.035	1715.301	NaN
313	0313-0648	10845044.379	5565.952	2016	716	48.969	3544.755	NaN
314	0314-0587	80128.205	410.457	540	582	128.660	256.410	NaN
315	0315-0588	124301.446	489.242	946	582	121.608	320.513	NaN
316	0316-0585	50336.949	317.292	1289	582	135.000	224.359	NaN
317	0317-0642	7612179.487	4062.935	2282	699	60.199	2804.830	NaN
318	0318-0628	3639669.625	2929.319	1182	672	72.160	1752.679	NaN
319	0319-0626	3253410.585	2914.024	1556	665	60.333	1627.742	NaN
320	0320-0609	1725838.264	2001.089	1106	628	31.908	1227.050	NaN
321	0321-0598	125328.731	506.775	579	603	34.695	320.513	NaN
322	0322-0624	1354988.494	1881.222	835	651	45.690	1204.037	NaN
323	0323-0602	73964.497	385.949	963	598	138.366	256.410	NaN
324	0324-0607	157174.556	570.657	176	601	141.843	384.615	NaN
325	0325-0618	652325.773	1218.370	465	636	63.435	833.333	NaN
326	0326-0606	50336.949	317.292	898	603	135.000	224.359	NaN
327	0327-0678	8808966.141	4930.900	494	752	74.157	2652.657	NaN
328	0328-0610	166420.118	577.813	666	605	146.310	384.615	NaN
329	0329-0609	64718.935	362.619	953	605	135.000	256.410	NaN
330	0330-0663	7035872.781	3989.838	1360	608	113.682	2628.205	NaN
331	0331-0611	133547.009	545.814	573	617	40.236	352.564	NaN
332	0332-0633	1517299.474	1937.976	1061	609	124.216	1223.839	NaN
333	0333-0617	163338.264	659.976	356	608	119.055	320.513	NaN
334	0334-0616	86291.913	435.945	2285	622	53.973	256.410	NaN
335	0335-0645	1735083.826	2018.213	1446	675	69.550	1389.899	NaN
336	0336-0624	179774.819	612.339	148	631	47.121	448.718	NaN
337	0337-0638	1464907.955	1897.533	215	619	142.549	1114.142	NaN
338	0338-0622	50336.949	317.292	888	619	135.000	224.359	NaN
339	0339-0642	1070430.638	1605.446	1710	620	116.053	1057.692	NaN
340	0340-0627	81155.490	407.946	166	623	135.000	288.462	NaN
341	0341-0629	129437.870	516.811	567	633	29.745	320.513	NaN
342	0342-0680	7675871.137	3904.604	1452	729	52.001	3076.923	NaN
343	0343-0640	389340.894	974.802	353	654	62.592	512.821	NaN
344	0344-0651	1130013.149	1663.273	1294	675	64.916	1203.102	NaN
345	0345-0680	9112015.122	4100.811	581	719	31.578	3301.282	NaN
346	0346-0654	1757684.089	1731.956	1112	668	38.991	1503.930	NaN
347	0347-0660	1842948.718	1819.034	875	633	104.281	1614.044	NaN
348	0348-0641	57527.942	340.710	985	637	131.186	224.359	NaN
349	0349-0653	383177.186	1084.546	2479	637	108.970	573.351	NaN
350	0350-0694	7209483.892	3671.796	750	638	106.220	3091.087	NaN
351	0351-0697	5207306.049	4200.675	1025	640	117.738	1818.252	NaN
352	0352-0643	50336.949	317.292	1228	640	135.000	224.359	NaN
353	0353-0699	12204142.012	4786.706	2477	712	20.376	3520.703	NaN
354	0354-0690	2709976.989	2878.376	1003	646	97.679	1378.205	NaN
355	0355-0662	409886.588	1005.920	1924	649	120.651	625.695	NaN
356	0356-0655	63691.650	362.619	115	651	135.000	256.410	NaN
357	0357-0676	2880506.246	2341.719	272	659	149.574	1586.160	NaN
358	0358-0682	1135149.573	2078.397	2240	653	116.565	1058.969	NaN
359	0359-0684	1659064.760	2083.333	1815	654	126.870	1441.410	NaN
360	0360-0660	50336.949	317.292	162	657	135.000	224.359	NaN
361	0361-0664	64718.935	365.441	132	660	127.875	224.359	NaN
362	0362-0694	4273504.274	3346.252	174	676	159.829	2165.693	NaN
363	0363-0727	11738782.051	5125.199	1162	780	47.027	3734.233	NaN
364	0364-0670	146901.709	632.150	561	662	120.466	378.622	NaN
365	0365-0678	623561.801	1166.684	807	664	127.185	888.835	NaN
366	0366-0691	2359672.913	2087.028	2349	717	47.490	1556.780	NaN
367	0367-0671	64718.935	362.619	958	675	45.000	256.410	NaN
368	0368-0701	3008916.831	2252.045	2116	695	155.624	2009.934	NaN
369	0369-0676	108892.176	489.242	2470	683	58.392	288.462	NaN
370	0370-0725	5680884.287	3561.733	144	672	105.662	2626.766	NaN
371	0371-0676	57527.942	340.710	786	673	138.814	224.359	NaN
372	0372-0711	3542077.581	2840.293	1728	683	130.882	2460.992	NaN
373	0373-0678	97592.045	480.769	365	674	143.130	288.462	NaN
374	0374-0695	811554.898	1566.583	1143	716	59.237	820.976	NaN
375	0375-0714	3494822.485	2564.303	905	752	71.792	2083.333	NaN
376	0376-0717	1780284.352	2497.739	1097	679	98.858	1097.010	NaN
377	0377-0694	566033.859	1049.894	1923	708	58.736	817.025	NaN
378	0378-0733	8972304.405	4607.588	1571	685	150.403	3124.380	NaN
379	0379-0704	935856.345	1595.175	1705	727	67.557	929.487	NaN
380	0380-0734	3431130.835	3241.619	1291	783	75.689	1463.046	NaN
381	0381-0699	432486.851	918.369	368	711	60.751	729.150	NaN
382	0382-0754	9077087.442	4672.237	392	822	67.834	3320.247	NaN
383	0383-0696	214702.498	732.286	49	690	156.801	384.615	NaN
384	0384-0693	50336.949	317.292	1086	690	135.000	224.359	NaN
385	0385-0716	1556336.292	1821.291	1870	741	61.631	1363.240	NaN
386	0386-0711	1048857.659	1456.836	854	695	129.644	1057.476	NaN
387	0387-0711	365713.346	964.206	83	726	74.578	641.026	NaN
388	0388-0703	103755.753	462.250	956	697	123.690	288.462	NaN
389	0389-0705	57527.942	340.710	817	702	138.814	224.359	NaN
390	0390-0710	57527.942	340.710	1023	706	131.186	224.359	NaN
391	0391-0782	9738658.777	5162.147	2183	859	65.026	2860.280	NaN
392	0392-0712	88346.483	431.206	553	707	131.987	288.462	NaN
393	0393-0788	14467250.164	5412.208	2037	864	66.623	4495.615	NaN
394	0394-0712	81155.490	407.946	1446	708	135.000	288.462	NaN
395	0395-0716	172583.826	666.944	1800	725	54.782	387.012	NaN
396	0396-0744	3288338.264	2748.573	2284	781	58.349	1858.422	NaN
397	0397-0779	9949252.137	5153.882	271	718	126.656	3152.200	NaN
398	0398-0749	2325772.518	2422.789	1339	716	117.582	1571.468	NaN
399	0399-0718	50336.949	317.292	821	715	135.000	224.359	NaN
400	0400-0744	2675049.310	3183.420	2330	770	32.250	1487.943	NaN
401	0401-0736	916337.936	1564.943	1706	756	55.008	1066.673	NaN
402	0402-0722	57527.942	340.710	1442	719	138.814	224.359	NaN
403	0403-0723	50336.949	317.292	1845	720	135.000	224.359	NaN
404	0404-0745	1160831.690	1680.478	1932	767	55.098	1322.518	NaN
405	0405-0742	1035502.959	1496.489	2411	758	43.264	1110.241	NaN
406	0406-0734	180802.104	590.996	515	742	49.399	416.667	NaN
407	0407-0747	729372.124	1338.501	1135	767	73.301	801.282	NaN
408	0408-0768	2647312.623	2696.121	1824	808	71.996	1670.790	NaN
409	0409-0736	153065.417	588.383	1984	728	119.358	352.564	NaN
410	0410-0750	2168597.962	2138.808	199	745	160.750	1314.103	NaN
411	0411-0812	7963510.848	5524.083	2426	894	72.091	2377.008	NaN
412	0412-0791	6957799.145	4284.934	1476	752	146.904	2919.985	NaN
413	0413-0742	79100.920	391.236	2641	737	124.992	256.410	NaN
414	0414-0742	94510.191	431.206	541	738	138.013	288.462	NaN
415	0415-0794	5520627.876	3671.236	1417	848	65.225	2229.874	NaN
416	0416-0747	101701.183	476.477	1920	742	137.726	320.513	NaN
417	0417-0809	6883834.648	4179.222	1873	874	81.621	2597.820	NaN
418	0418-0813	12260642.669	4642.460	2499	864	35.446	3877.666	NaN
419	0419-0754	152038.133	590.996	627	747	130.601	416.667	NaN
420	0420-0847	12028476.331	6250.000	820	753	104.250	2788.462	NaN
421	0421-0759	226002.630	820.913	1536	751	141.340	484.284	NaN
422	0422-0773	987220.579	1715.867	1580	751	122.800	1065.193	NaN
423	0423-0757	79100.920	385.949	503	762	41.634	288.462	NaN
424	0424-0844	13724523.340	6030.839	990	755	107.953	3318.834	NaN
425	0425-0782	1519354.043	1797.445	2376	795	31.139	1191.743	NaN
426	0426-0797	2834278.435	2483.716	656	761	109.604	1811.550	NaN
427	0427-0810	7642998.028	3751.506	527	794	146.853	2941.962	NaN
428	0428-0792	1535790.598	2533.876	1739	766	145.305	1337.157	NaN
429	0429-0766	50336.949	317.292	2649	763	135.000	224.359	NaN
430	0430-0787	669789.612	1335.812	1609	768	120.256	890.899	NaN
431	0431-0772	57527.942	340.710	1931	769	138.814	224.359	NaN
432	0432-0777	93482.906	431.206	702	772	131.987	320.513	NaN
433	0433-0837	6532503.287	4216.297	1960	903	84.766	2191.025	NaN
434	0434-0777	78073.636	407.946	1124	773	135.000	288.462	NaN
435	0435-0806	1381697.896	1805.145	1704	779	106.504	1185.897	NaN
436	0436-0825	2405900.723	2954.982	1998	780	102.529	1279.177	NaN
437	0437-0877	11097756.410	6687.667	101	783	113.739	2362.379	NaN
438	0438-0832	6083579.882	4821.987	207	785	139.853	1941.115	NaN
439	0439-0849	15011711.045	5691.156	2207	865	25.699	4314.894	NaN
440	0440-0818	1915885.930	2483.095	918	783	113.587	1131.439	NaN
441	0441-0798	477687.377	1203.098	1740	784	131.760	668.090	NaN
442	0442-0801	549597.304	1176.767	763	785	119.358	828.905	NaN
443	0443-0841	7652243.590	3886.672	1216	793	121.855	2687.395	NaN
444	0444-0803	430432.281	942.656	1676	813	54.689	673.077	NaN
445	0445-0794	72937.212	385.949	896	790	138.366	256.410	NaN
446	0446-0853	4897066.075	4231.862	1069	915	68.682	1665.300	NaN
447	0447-0862	7505341.880	5603.477	171	794	132.450	2204.342	NaN
448	0448-0801	147928.994	573.351	1369	809	63.435	320.513	NaN
449	0449-0800	50336.949	317.292	479	797	135.000	224.359	NaN
450	0450-0835	2877424.392	2537.725	1140	872	62.140	1649.836	NaN
451	0451-0862	3816362.590	4208.981	899	799	106.365	1593.763	NaN
452	0452-0891	14932610.125	6414.822	1305	803	133.988	3642.607	NaN
453	0453-0840	3253410.585	2808.285	2610	873	51.953	1734.045	NaN
454	0454-0841	1888149.244	2496.711	728	804	119.197	1181.584	NaN
455	0455-0821	63691.650	362.619	436	825	45.000	256.410	NaN
456	0456-0921	14970619.658	7261.225	1450	822	121.094	3602.756	NaN
457	0457-0923	13226290.270	6801.219	1620	1027	78.584	2953.445	NaN
458	0458-0895	12692102.235	4863.564	499	971	84.327	4070.513	NaN
459	0459-0836	292776.134	846.178	640	830	142.696	582.121	NaN
460	0460-0980	21394230.769	9933.674	2390	826	94.441	3883.347	NaN
461	0461-0867	4260149.573	2720.019	2093	901	44.045	2357.023	NaN
462	0462-0905	8619945.759	4847.803	1742	980	80.102	2339.744	NaN
463	0463-0872	3374630.178	2705.250	1801	831	103.707	1972.895	NaN
464	0464-0863	1623109.796	2036.203	89	835	118.179	1591.163	NaN
465	0465-0844	270175.871	846.785	693	850	29.476	521.176	NaN
466	0466-0845	379068.047	981.104	1569	855	38.367	630.702	NaN
467	0467-0842	101701.183	435.945	414	848	53.973	320.513	NaN
468	0468-0846	113001.315	476.477	1395	841	132.274	352.564	NaN
469	0469-0877	1252260.026	2254.552	793	843	104.826	967.482	NaN
470	0470-0854	86291.913	445.271	1917	848	120.256	224.359	NaN
471	0471-0854	87319.198	431.206	709	850	138.013	288.462	NaN
472	0472-0856	71909.928	385.949	654	852	138.366	256.410	NaN
473	0473-0883	2361727.482	2357.023	554	862	157.620	1663.730	NaN
474	0474-0871	456114.398	1147.597	686	857	144.090	860.026	NaN
475	0475-0861	79100.920	391.236	410	858	145.008	256.410	NaN
476	0476-0882	1077621.631	1852.608	1537	859	127.266	993.121	NaN
477	0477-0870	303048.981	774.554	1574	881	65.556	512.821	NaN
478	0478-0870	180802.104	705.856	652	862	140.528	512.020	NaN
479	0479-0874	321540.105	931.695	1179	867	139.185	542.255	NaN
480	0480-0905	1433062.130	2298.102	1702	870	98.017	929.487	NaN
481	0481-0937	10058144.313	4266.795	2158	998	41.955	3085.205	NaN
482	0482-0904	2486028.928	2134.721	732	886	138.652	1816.581	NaN
483	0483-0957	14192965.155	5255.042	2033	1038	79.101	3755.094	NaN
484	0484-0905	1784393.491	1965.609	2477	935	65.943	1506.410	NaN
485	0485-0918	6384574.293	3815.314	2528	955	31.954	2491.788	NaN
486	0486-0887	145874.425	545.814	955	892	40.236	384.615	NaN
487	0487-0931	5927432.610	3371.484	1137	888	119.002	2371.795	NaN
488	0488-0954	8445307.364	4721.122	1886	882	102.149	2961.397	NaN
489	0489-0936	2963716.305	2985.418	668	891	104.931	1666.667	NaN
490	0490-0964	12383916.831	4920.576	61	894	114.228	3918.481	NaN
491	0491-0899	139710.717	577.813	1853	894	146.310	352.564	NaN
492	0492-0917	827991.453	1502.313	954	898	123.690	961.538	NaN
493	0493-0972	7124219.264	4755.378	2440	901	106.847	2903.819	NaN
494	0494-0942	4361850.756	3028.634	1228	907	129.417	2126.539	NaN
495	0495-0907	72937.212	385.949	2111	912	48.366	256.410	NaN
496	0496-0908	50336.949	317.292	556	905	135.000	224.359	NaN
497	0497-0927	1191650.230	1591.307	605	909	152.403	1410.256	NaN
498	0498-0924	752999.671	1461.763	1845	907	127.875	870.285	NaN
499	0499-0911	71909.928	385.949	637	907	138.366	256.410	NaN
500	0500-0919	50336.949	317.292	565	916	135.000	224.359	NaN
501	0501-0947	1795693.623	2194.752	1091	919	118.811	1317.925	NaN
502	0502-0956	2021696.252	2667.198	2126	996	69.605	1389.479	NaN
503	0503-0945	1135149.573	1684.447	2270	921	111.194	1121.795	NaN
504	0504-0956	2836333.005	2297.878	1803	941	149.859	1820.673	NaN
505	0505-1065	19341715.976	9113.617	908	928	105.503	3764.565	NaN
506	0506-0985	6565376.397	3942.438	975	940	126.404	2550.294	NaN
507	0507-0986	6109261.999	4320.746	715	933	127.465	2648.072	NaN
508	0508-0937	91428.337	435.945	1055	942	36.027	288.462	NaN
509	0509-0942	117110.454	516.811	388	949	60.255	288.462	NaN
510	0510-0940	50336.949	317.292	549	937	135.000	224.359	NaN
511	0511-0942	50336.949	317.292	639	939	135.000	224.359	NaN
512	0512-0995	8507971.729	4623.502	387	958	150.058	2720.164	NaN
513	0513-1020	14171392.176	5414.770	550	947	120.208	4527.849	NaN
514	0514-1013	7668680.145	4274.372	1677	947	98.191	2699.346	NaN
515	0515-0951	79100.920	385.949	2452	947	131.634	288.462	NaN
516	0516-1005	4304322.814	3773.077	1321	949	106.280	1745.353	NaN
517	0517-0957	226002.630	808.938	612	951	146.310	446.290	NaN
518	0518-0988	3311965.812	2523.110	1429	1024	64.411	2022.447	NaN
519	0519-0974	1015984.550	1538.795	804	994	54.324	1140.437	NaN
520	0520-0980	951265.615	1993.631	1075	955	126.501	889.876	NaN
521	0521-1035	10265655.819	5192.407	1205	969	127.224	3319.519	NaN
522	0522-1033	12942759.698	5183.397	2496	1098	49.514	3775.285	NaN
523	0523-0973	70882.643	385.949	366	969	138.366	256.410	NaN
524	0524-0998	1447444.116	1714.369	2298	973	110.807	1295.447	NaN
525	0525-1005	1415598.291	2167.435	1788	979	128.395	961.538	NaN
526	0526-0987	121219.592	612.339	366	994	47.121	339.955	NaN
527	0527-1024	4071129.191	3174.533	1136	983	125.134	1875.722	NaN
528	0528-0988	77046.351	407.946	831	993	45.000	288.462	NaN
529	0529-1012	838264.300	1635.872	1385	990	124.624	810.285	NaN
530	0530-1022	1791584.484	2107.844	1863	990	98.746	1233.204	NaN
531	0531-1064	10886135.766	4796.675	1970	990	95.368	3562.023	NaN
532	0532-1037	4927884.615	2987.654	1752	1083	80.740	2453.482	NaN
533	0533-0997	64718.935	365.441	1501	993	127.875	224.359	NaN
534	0534-1000	88346.483	410.457	368	1005	51.340	288.462	NaN
535	0535-1000	83210.059	431.206	825	1005	48.013	288.462	NaN
536	0536-1008	181829.389	648.989	2233	1017	57.095	384.615	NaN
537	0537-1005	50336.949	317.292	179	1002	135.000	224.359	NaN
538	0538-1010	149983.563	545.814	859	1016	49.764	384.615	NaN
539	0539-1013	78073.636	410.457	2616	1018	51.340	256.410	NaN
540	0540-1015	133547.009	525.680	129	1019	37.569	416.667	NaN
541	0541-1015	154092.702	596.188	143	1020	36.254	384.615	NaN
542	0542-1035	1791584.484	1982.521	1076	1011	124.461	1378.205	NaN
543	0543-1018	259903.024	815.892	1286	1010	135.000	471.140	NaN
544	0544-1016	50336.949	317.292	167	1013	135.000	224.359	NaN
545	0545-1035	1333415.516	1905.906	2231	1057	47.726	1146.702	NaN
546	0546-1029	836209.730	1256.557	2325	1042	37.747	1025.641	NaN
547	0547-1073	6980399.408	3808.577	1482	1014	96.766	2809.704	NaN
548	0548-1039	2011423.406	1949.076	2158	1064	45.000	1602.564	NaN
549	0549-1018	50336.949	317.292	394	1015	135.000	224.359	NaN
550	0550-1088	12247287.968	4628.831	2107	1160	85.632	3638.034	NaN
551	0551-1025	155119.987	681.420	201	1017	131.186	414.486	NaN
552	0552-1068	5152859.961	3202.723	652	1097	13.897	2843.163	NaN
553	0553-1040	570142.998	1251.643	1885	1021	103.325	737.179	NaN
554	0554-1027	106837.607	455.534	717	1022	129.289	320.513	NaN
555	0555-1062	2021696.252	2792.695	1579	1028	121.866	1205.165	NaN
556	0556-1036	389340.894	995.139	739	1030	165.069	567.626	NaN
557	0557-1031	64718.935	365.441	2288	1027	127.875	224.359	NaN
558	0558-1035	50336.949	317.292	280	1032	135.000	224.359	NaN
559	0559-1110	6285954.964	5574.528	832	1046	124.695	2313.033	NaN
560	0560-1037	64718.935	365.441	1189	1033	127.875	224.359	NaN
561	0561-1042	137656.147	730.882	2298	1033	127.875	355.577	NaN
562	0562-1065	2029914.530	2149.588	1528	1034	110.056	1357.004	NaN
563	0563-1041	50336.949	317.292	109	1038	135.000	224.359	NaN
564	0564-1047	229084.484	636.200	200	1039	130.914	512.821	NaN
565	0565-1058	701635.437	1318.785	2272	1048	154.058	1040.730	NaN
566	0566-1074	886546.680	2108.575	1313	1043	109.537	714.213	NaN
567	0567-1114	9660585.141	5373.634	342	1050	136.692	2880.174	NaN
568	0568-1071	1527572.321	2158.886	283	1052	139.214	1143.114	NaN
569	0569-1100	6003451.677	3539.164	471	1055	128.012	2527.199	NaN
570	0570-1052	50336.949	317.292	93	1049	135.000	224.359	NaN
571	0571-1078	1740220.250	2218.032	1356	1107	52.633	1314.493	NaN
572	0572-1067	965647.600	1378.578	1807	1084	54.462	1089.175	NaN
573	0573-1090	2854824.129	2755.851	2165	1126	56.864	1839.041	NaN
574	0574-1062	140738.001	679.910	52	1070	45.000	425.133	NaN
575	0575-1059	106837.607	462.250	885	1056	146.310	288.462	NaN
576	0576-1137	9742767.916	5085.661	2335	1059	100.531	2773.589	NaN
577	0577-1066	122246.877	521.757	529	1060	132.510	352.564	NaN
578	0578-1107	3201019.066	3095.065	785	1060	121.880	1985.897	NaN
579	0579-1090	1321088.100	2083.333	2236	1120	67.380	1158.942	NaN
580	0580-1070	217784.352	720.263	759	1076	32.276	416.667	NaN
581	0581-1067	50336.949	317.292	1111	1064	135.000	224.359	NaN
582	0582-1098	1850139.711	2844.630	261	1075	146.489	999.195	NaN
583	0583-1079	354413.215	952.953	15	1085	19.654	511.112	NaN
584	0584-1079	226002.630	702.939	173	1088	46.848	544.872	NaN
585	0585-1115	1827539.448	2771.463	1100	1158	84.026	1033.526	NaN
586	0586-1133	4675172.584	3963.618	1022	1083	120.090	1934.869	NaN
587	0587-1154	7614234.057	5665.920	1647	1077	118.740	2527.054	NaN
588	0588-1159	11000164.366	5457.101	1135	1077	104.281	3085.458	NaN
589	0589-1083	120192.308	506.775	1717	1079	145.305	288.462	NaN
590	0590-1118	2642176.200	3521.705	546	1081	139.059	1338.147	NaN
591	0591-1199	17424802.761	7676.065	1411	1082	102.295	3114.096	NaN
592	0592-1089	106837.607	480.769	202	1084	143.130	320.513	NaN
593	0593-1088	71909.928	385.949	1006	1084	138.366	256.410	NaN
594	0594-1110	1210141.354	1822.419	1771	1085	113.860	1254.081	NaN
595	0595-1128	3315047.666	2822.879	1840	1171	77.542	1864.330	NaN
596	0596-1091	57527.942	340.710	762	1087	131.186	224.359	NaN
597	0597-1132	5310034.517	3316.185	2592	1106	147.232	2510.276	NaN
598	0598-1095	119165.023	560.668	80	1088	120.964	288.462	NaN
599	0599-1111	849564.431	1470.522	2564	1090	110.410	1089.744	NaN
600	0600-1097	133547.009	545.814	830	1091	130.236	384.615	NaN
601	0601-1110	782790.927	1477.491	1571	1091	130.601	819.016	NaN
602	0602-1098	71909.928	385.949	32	1094	138.366	256.410	NaN
603	0603-1133	2590811.966	2442.846	2272	1097	109.148	1588.768	NaN
604	0604-1186	14783653.846	5707.829	1893	1099	100.679	3653.985	NaN
605	0605-1103	50336.949	317.292	113	1100	135.000	224.359	NaN
606	0606-1223	19740302.433	9032.379	98	1103	120.022	3884.936	NaN
607	0607-1107	196211.374	632.150	59	1111	30.466	416.667	NaN
608	0608-1114	475632.807	1058.178	222	1128	54.866	791.159	NaN
609	0609-1104	50336.949	317.292	2636	1101	135.000	224.359	NaN
610	0610-1179	14611070.020	6866.010	1223	1109	139.544	3823.796	NaN
611	0611-1106	57527.942	340.710	19	1103	138.814	224.359	NaN
612	0612-1106	57527.942	340.710	747	1103	138.814	224.359	NaN
613	0613-1108	159229.126	616.519	1717	1112	27.897	352.564	NaN
614	0614-1110	96564.760	480.769	3	1104	126.870	288.462	NaN
615	0615-1142	3141436.555	2723.416	1526	1105	116.565	1653.220	NaN
616	0616-1188	14206319.855	5371.818	2471	1107	103.456	3680.878	NaN
617	0617-1143	1172131.821	2480.405	2507	1109	115.241	1079.238	NaN
618	0618-1118	113001.315	480.769	724	1112	126.870	320.513	NaN
619	0619-1136	1758711.374	1818.186	2008	1114	130.711	1529.202	NaN
620	0620-1171	6381492.439	4650.529	263	1114	132.486	2344.106	NaN
621	0621-1136	1244041.749	1532.105	1736	1123	142.651	1246.667	NaN
622	0622-1121	109919.461	500.657	11	1126	39.806	320.513	NaN
623	0623-1155	1510108.481	2462.949	236	1119	108.199	932.660	NaN
624	0624-1125	89373.767	431.206	708	1120	131.987	288.462	NaN
625	0625-1158	2528147.600	2294.523	2175	1182	41.035	1839.380	NaN
626	0626-1131	57527.942	340.710	696	1127	131.186	224.359	NaN
627	0627-1131	57527.942	340.710	1473	1128	138.814	224.359	NaN
628	0628-1148	421186.719	1024.138	2135	1149	159.864	774.253	NaN
629	0629-1145	103755.753	476.477	926	1140	132.274	320.513	NaN
630	0630-1150	269148.586	861.220	2547	1140	135.000	521.265	NaN
631	0631-1147	110946.746	500.657	840	1153	50.194	320.513	NaN
632	0632-1151	219838.922	817.151	723	1160	41.820	520.777	NaN
633	0633-1174	2291872.124	1982.521	547	1156	145.539	1671.212	NaN
634	0634-1170	1392998.028	1691.445	1592	1144	99.819	1127.388	NaN
635	0635-1153	124301.446	521.757	760	1147	132.510	384.615	NaN
636	0636-1182	1908694.938	2231.883	1491	1148	102.440	1466.060	NaN
637	0637-1153	57527.942	340.710	602	1150	138.814	224.359	NaN
638	0638-1222	4748109.796	4602.903	508	1152	102.875	1650.636	NaN
639	0639-1158	63691.650	362.619	809	1154	135.000	256.410	NaN
640	0640-1160	114028.600	506.775	828	1154	124.695	288.462	NaN
641	0641-1240	13970044.379	5406.036	1794	1156	95.102	3505.896	NaN
642	0642-1163	70882.643	385.949	2141	1167	41.634	256.410	NaN
643	0643-1163	50336.949	317.292	353	1160	135.000	224.359	NaN
644	0644-1184	1408407.298	2547.422	707	1168	158.600	1163.542	NaN
645	0645-1219	5370644.313	3725.953	2229	1277	81.591	2274.115	NaN
646	0646-1249	13277654.504	5758.715	1009	1163	109.847	3342.251	NaN
647	0647-1166	50336.949	317.292	2126	1163	135.000	224.359	NaN
648	0648-1171	238330.046	648.989	2150	1167	147.095	512.821	NaN
649	0649-1179	335922.091	973.220	841	1194	72.759	576.923	NaN
650	0650-1202	3208210.059	2408.756	1626	1165	115.201	2118.831	NaN
651	0651-1204	3405448.718	2688.107	618	1166	129.193	2019.231	NaN
652	0652-1231	11533325.115	4540.435	2035	1295	59.452	3653.846	NaN
653	0653-1172	111974.030	521.757	21	1167	137.490	352.564	NaN
654	0654-1262	8489480.605	6561.125	440	1169	113.309	2073.431	NaN
655	0655-1173	115055.884	516.811	39	1169	150.255	288.462	NaN
656	0656-1201	2568211.703	2369.411	37	1216	30.033	1862.473	NaN
657	0657-1174	64718.935	365.441	2138	1171	142.125	224.359	NaN
658	0658-1177	80128.205	410.457	8	1173	141.340	256.410	NaN
659	0659-1218	4659763.314	3169.838	2561	1174	114.492	2204.891	NaN
660	0660-1184	197238.659	690.406	782	1194	68.199	415.227	NaN
661	0661-1204	1056048.652	1808.840	1985	1179	119.745	1025.641	NaN
662	0662-1185	71909.928	391.236	2002	1182	145.008	224.359	NaN
663	0663-1190	71909.928	365.441	905	1186	127.875	256.410	NaN
664	0664-1217	1295405.983	2107.113	113	1188	116.175	885.621	NaN
665	0665-1191	64718.935	362.619	683	1195	45.000	256.410	NaN
666	0666-1194	104783.037	462.250	2314	1188	123.690	288.462	NaN
667	0667-1211	1092003.616	1548.113	2140	1233	62.904	1121.795	NaN
668	0668-1196	115055.884	489.242	2219	1200	31.608	320.513	NaN
669	0669-1196	50336.949	317.292	408	1193	135.000	224.359	NaN
670	0670-1218	714990.138	1659.873	1095	1193	100.008	576.923	NaN
671	0671-1220	780736.358	1750.833	934	1195	113.749	812.421	NaN
672	0672-1226	2452128.534	2578.485	260	1204	145.125	1484.534	NaN
673	0673-1275	12625328.731	5287.684	1526	1355	74.532	3560.423	NaN
674	0674-1212	383177.186	989.445	385	1198	114.905	652.338	NaN
675	0675-1203	57527.942	340.710	20	1200	138.814	224.359	NaN
676	0676-1203	50336.949	317.292	749	1200	135.000	224.359	NaN
677	0677-1204	97592.045	462.250	814	1208	33.690	256.410	NaN
678	0678-1209	186965.812	690.406	575	1217	21.801	480.769	NaN
679	0679-1223	690335.306	1429.430	1224	1202	109.654	776.401	NaN
680	0680-1207	50336.949	317.292	976	1204	135.000	224.359	NaN
681	0681-1218	344140.368	912.195	713	1205	108.435	576.923	NaN
682	0682-1243	2260026.298	2505.951	1118	1205	110.985	1309.723	NaN
683	0683-1247	3194855.358	2626.250	853	1285	66.251	2027.256	NaN
684	0684-1237	1015984.550	1679.255	2176	1214	113.629	1153.846	NaN
685	0685-1241	2925706.772	2353.752	2284	1241	173.746	1824.391	NaN
686	0686-1218	80128.205	407.946	14	1214	135.000	288.462	NaN
687	0687-1283	8325115.056	4871.479	734	1227	124.004	3070.823	NaN
688	0688-1219	50336.949	317.292	1245	1216	135.000	224.359	NaN
689	0689-1247	2552802.433	2566.105	2373	1221	152.475	1429.986	NaN
690	0690-1225	104783.037	500.657	2	1231	50.194	320.513	NaN
691	0691-1225	101701.183	476.477	1492	1220	137.726	320.513	NaN
692	0692-1274	6270545.694	3854.292	1294	1227	128.585	2645.367	NaN
693	0693-1280	9589702.498	5635.377	5	1252	151.832	2419.126	NaN
694	0694-1230	78073.636	410.457	399	1225	128.660	256.410	NaN
695	0695-1234	224975.345	770.565	694	1226	135.000	536.689	NaN
696	0696-1231	65746.220	362.619	831	1227	135.000	256.410	NaN
697	0697-1319	12826676.529	6972.904	347	1238	129.030	2812.922	NaN
698	0698-1288	8737056.213	4059.267	1674	1229	111.297	3073.511	NaN
699	0699-1247	763272.518	1315.665	1244	1258	34.077	929.211	NaN
700	0700-1248	585552.268	1181.993	1193	1239	139.399	735.742	NaN
701	0701-1238	65746.220	362.619	2194	1234	135.000	256.410	NaN
702	0702-1240	128410.585	525.680	584	1245	37.569	320.513	NaN
703	0703-1240	57527.942	340.710	643	1237	138.814	224.359	NaN
704	0704-1242	96564.760	431.206	964	1238	138.013	288.462	NaN
705	0705-1251	326676.529	846.178	563	1240	127.304	561.884	NaN
706	0706-1256	560897.436	1272.400	1950	1266	40.914	856.885	NaN
707	0707-1280	3676651.874	2901.305	1938	1311	44.105	2325.570	NaN
708	0708-1282	1790557.199	2464.616	660	1318	69.444	1686.189	NaN
709	0709-1253	64718.935	362.619	588	1249	135.000	256.410	NaN
710	0710-1284	1713510.848	2266.368	1619	1319	81.870	1153.846	NaN
711	0711-1279	1929240.631	1866.970	256	1253	124.509	1410.256	NaN
712	0712-1254	64718.935	365.441	426	1251	142.125	224.359	NaN
713	0713-1255	70882.643	385.949	901	1260	48.366	256.410	NaN
714	0714-1259	57527.942	340.710	962	1256	138.814	224.359	NaN
715	0715-1302	5001849.112	3204.647	2359	1257	120.669	2347.167	NaN
716	0716-1295	2526093.031	2466.075	318	1262	117.897	1632.913	NaN
717	0717-1296	2698676.857	2258.194	2453	1261	96.520	1784.779	NaN
718	0718-1336	14578196.910	6111.634	2491	1288	155.854	3419.994	NaN
719	0719-1266	64718.935	365.441	423	1262	127.875	224.359	NaN
720	0720-1282	650271.203	1491.332	676	1262	118.217	828.370	NaN
721	0721-1280	580415.845	1276.028	1164	1299	64.722	737.179	NaN
722	0722-1280	791009.204	1305.082	2144	1262	114.677	865.385	NaN
723	0723-1329	9079142.012	4529.335	2267	1264	112.027	3308.739	NaN
724	0724-1327	7689225.838	4106.694	557	1377	60.033	2840.696	NaN
725	0725-1279	416050.296	1134.090	1186	1266	137.291	670.659	NaN
726	0726-1278	155119.987	545.814	1381	1285	49.764	416.667	NaN
727	0727-1308	3506122.617	2623.119	2174	1272	125.049	1891.026	NaN
728	0728-1281	64718.935	365.441	896	1277	127.875	224.359	NaN
729	0729-1298	823882.314	1435.168	1261	1278	113.703	848.333	NaN
730	0730-1295	649243.918	1541.797	428	1278	136.685	770.565	NaN
731	0731-1283	57527.942	340.710	970	1279	131.186	224.359	NaN
732	0732-1284	105810.322	476.477	1879	1290	42.274	352.564	NaN
733	0733-1292	57527.942	340.710	541	1288	131.186	224.359	NaN
734	0734-1292	57527.942	340.710	838	1288	131.186	224.359	NaN
735	0735-1292	79100.920	391.236	859	1289	145.008	256.410	NaN
736	0736-1294	96564.760	480.769	1905	1288	126.870	288.462	NaN
737	0737-1344	8184377.055	3923.501	859	1299	126.027	3184.191	NaN
738	0738-1298	50336.949	317.292	983	1295	135.000	224.359	NaN
739	0739-1301	114028.600	500.657	1185	1295	129.806	320.513	NaN
740	0740-1301	118137.738	480.769	1199	1307	53.130	320.513	NaN
741	0741-1357	10802925.707	4320.746	2028	1323	170.608	3874.311	NaN
742	0742-1399	15157585.470	6529.972	1116	1300	103.627	3810.243	NaN
743	0743-1413	13362919.132	6772.004	1196	1518	81.563	2669.379	NaN
744	0744-1353	5861686.391	3380.613	1387	1316	132.310	2379.406	NaN
745	0745-1367	7321457.922	4898.711	46	1311	132.879	2515.401	NaN
746	0746-1316	78073.636	407.946	245	1321	45.000	288.462	NaN
747	0747-1371	12811267.258	5503.589	258	1318	145.199	3476.588	NaN
748	0748-1317	100673.899	455.534	750	1312	140.711	320.513	NaN
749	0749-1351	1816239.316	2382.383	972	1321	123.476	1513.727	NaN
750	0750-1344	1484426.364	1842.600	710	1321	130.061	1462.135	NaN
751	0751-1380	6842743.261	3541.485	1306	1434	64.826	2788.462	NaN
752	0752-1331	79100.920	391.236	1613	1327	145.008	256.410	NaN
753	0753-1342	796145.628	1276.028	649	1357	25.278	918.724	NaN
754	0754-1334	87319.198	431.206	355	1330	138.013	288.462	NaN
755	0755-1333	50336.949	317.292	1873	1330	135.000	224.359	NaN
756	0756-1334	57527.942	340.710	1599	1331	138.814	224.359	NaN
757	0757-1370	4434787.968	2766.455	1607	1354	153.138	2203.931	NaN
758	0758-1337	99646.614	455.534	1984	1342	39.289	288.462	NaN
759	0759-1376	2705867.850	2912.613	2426	1335	114.027	1415.268	NaN
760	0760-1377	2705867.850	3023.712	182	1336	122.005	1448.649	NaN
761	0761-1339	50336.949	317.292	1552	1336	135.000	224.359	NaN
762	0762-1364	1648791.913	1940.360	2469	1343	149.199	1329.778	NaN
763	0763-1346	197238.659	702.939	367	1339	133.152	458.861	NaN
764	0764-1341	57527.942	340.710	1999	1338	138.814	224.359	NaN
765	0765-1344	88346.483	417.898	1567	1340	147.529	256.410	NaN
766	0766-1346	157174.556	612.339	1586	1353	42.879	416.667	NaN
767	0767-1347	163338.264	570.657	1953	1354	51.843	416.667	NaN
768	0768-1410	14211456.279	5509.559	1676	1470	46.650	4095.682	NaN
769	0769-1384	2243589.744	2690.781	163	1344	102.381	1163.165	NaN
770	0770-1348	87319.198	431.206	1894	1353	41.987	288.462	NaN
771	0771-1426	11714127.219	5547.835	2218	1348	115.677	3534.697	NaN
772	0772-1356	57527.942	340.710	824	1352	131.186	224.359	NaN
773	0773-1435	17196745.562	6404.244	2338	1369	148.299	4398.715	NaN
774	0774-1367	415023.011	1186.330	2155	1380	38.418	744.477	NaN
775	0775-1359	50336.949	317.292	1683	1356	135.000	224.359	NaN
776	0776-1408	3047953.649	3583.012	2158	1460	68.484	1726.972	NaN
777	0777-1414	4624835.634	3564.760	766	1359	93.608	2188.842	NaN
778	0778-1365	50336.949	317.292	961	1362	135.000	224.359	NaN
779	0779-1400	3455785.667	3042.340	640	1364	138.417	1787.476	NaN
780	0780-1386	997493.425	1478.881	979	1368	119.899	1163.513	NaN
781	0781-1369	78073.636	407.946	2040	1365	135.000	288.462	NaN
782	0782-1371	80128.205	391.236	1388	1366	124.992	256.410	NaN
783	0783-1374	50336.949	317.292	1592	1371	135.000	224.359	NaN
784	0784-1381	79100.920	407.946	1515	1377	135.000	288.462	NaN
785	0785-1443	9368836.292	4639.582	2527	1380	120.285	2925.833	NaN
786	0786-1390	411941.157	1161.389	828	1382	152.021	517.339	NaN
787	0787-1488	13421474.359	6682.443	1038	1386	100.501	3056.604	NaN
788	0788-1416	2671967.456	2107.844	1367	1402	151.876	1908.415	NaN
789	0789-1389	64718.935	365.441	1471	1385	127.875	224.359	NaN
790	0790-1391	50336.949	317.292	797	1388	135.000	224.359	NaN
791	0791-1458	11866165.352	5205.448	815	1390	126.235	3541.263	NaN
792	0792-1402	153065.417	711.654	34	1409	35.838	381.138	NaN
793	0793-1420	1755629.520	2064.262	1954	1399	143.842	1225.345	NaN
794	0794-1441	2351454.635	2433.577	1452	1404	102.938	1506.305	NaN
795	0795-1410	96564.760	435.945	940	1414	36.027	288.462	NaN
796	0796-1436	1583045.694	2078.397	1609	1409	116.565	1198.542	NaN
797	0797-1471	7732371.795	4194.312	1554	1536	80.322	2739.551	NaN
798	0798-1500	12347961.867	5798.005	977	1410	95.711	3186.874	NaN
799	0799-1447	3396203.156	3072.413	66	1417	159.864	2152.863	NaN
800	0800-1422	337976.660	780.500	576	1411	109.179	608.974	NaN
801	0801-1438	1252260.026	1885.585	1498	1412	121.799	1129.102	NaN
802	0802-1415	71909.928	385.949	1832	1411	138.366	256.410	NaN
803	0803-1449	1245069.034	2288.022	618	1414	101.310	1017.946	NaN
804	0804-1472	5361398.751	4199.574	484	1416	121.264	2054.156	NaN
805	0805-1450	2895915.516	2429.563	411	1418	143.584	1819.738	NaN
806	0806-1524	15000410.914	7753.231	30	1423	122.508	4261.279	NaN
807	0807-1493	8156640.368	4544.619	1347	1423	101.389	3602.627	NaN
808	0808-1432	79100.920	417.898	193	1427	122.471	224.359	NaN
809	0809-1483	4591962.525	3714.217	1230	1529	61.666	1995.572	NaN
810	0810-1433	80128.205	407.946	1808	1438	45.000	288.462	NaN
811	0811-1455	3051035.503	2800.042	327	1446	164.055	1594.679	NaN
812	0812-1448	614316.239	1112.600	1085	1434	131.496	910.511	NaN
813	0813-1439	98619.329	453.274	1864	1434	135.000	320.513	NaN
814	0814-1499	13005424.063	6195.936	187	1477	157.813	3097.423	NaN
815	0815-1440	50336.949	317.292	612	1437	135.000	224.359	NaN
816	0816-1446	255793.886	711.654	2121	1438	125.838	448.718	NaN
817	0817-1454	350304.076	962.073	561	1441	119.982	630.686	NaN
818	0818-1448	71909.928	391.236	2011	1443	124.992	224.359	NaN
819	0819-1451	207511.506	780.500	1987	1452	19.179	448.718	NaN
820	0820-1450	139710.717	544.872	1255	1453	28.072	320.513	NaN
821	0821-1450	80128.205	407.946	589	1455	45.000	288.462	NaN
822	0822-1482	3000698.554	2733.206	647	1451	140.711	1724.876	NaN
823	0823-1493	2981180.145	2919.659	1409	1449	107.241	1826.923	NaN
824	0824-1501	6025024.655	3425.891	2176	1457	116.086	2671.091	NaN
825	0825-1455	80128.205	410.457	689	1451	141.340	256.410	NaN
826	0826-1459	64718.935	365.441	1822	1455	127.875	224.359	NaN
827	0827-1466	69855.358	385.949	1947	1471	48.366	256.410	NaN
828	0828-1466	71909.928	385.949	2143	1462	138.366	256.410	NaN
829	0829-1495	1810075.608	2193.816	1091	1464	115.067	1327.465	NaN
830	0830-1498	2495274.490	2363.334	2310	1464	110.647	1639.490	NaN
831	0831-1560	20770668.968	7351.561	1651	1465	123.621	4856.692	NaN
832	0832-1473	136628.863	551.431	701	1466	125.538	352.564	NaN
833	0833-1476	167447.403	596.188	575	1471	143.746	352.564	NaN
834	0834-1474	50336.949	317.292	779	1471	135.000	224.359	NaN
835	0835-1514	3776298.488	2908.908	1490	1471	108.635	1913.947	NaN
836	0836-1475	50336.949	317.292	1907	1472	135.000	224.359	NaN
837	0837-1482	110946.746	489.242	712	1489	58.392	288.462	NaN
838	0838-1509	3186637.081	2848.239	355	1492	160.953	1655.862	NaN
839	0839-1507	793063.774	1860.631	749	1486	132.207	986.325	NaN
840	0840-1491	69855.358	385.949	812	1487	138.366	256.410	NaN
841	0841-1494	72937.212	385.949	1854	1499	48.366	256.410	NaN
842	0842-1499	204429.652	720.263	760	1502	20.854	384.615	NaN
843	0843-1548	10949827.416	4803.096	2433	1535	6.129	3439.910	NaN
844	0844-1542	2355563.774	3400.760	573	1494	113.908	1360.376	NaN
845	0845-1511	624589.086	1141.314	452	1497	128.157	897.436	NaN
846	0846-1503	64718.935	365.441	1840	1500	142.125	224.359	NaN
847	0847-1522	803336.621	1267.951	649	1503	106.144	961.880	NaN
848	0848-1510	145874.425	589.256	1145	1504	135.000	416.267	NaN
849	0849-1512	157174.556	660.754	2623	1519	39.094	382.245	NaN
850	0850-1511	71909.928	385.949	2024	1515	41.634	256.410	NaN
851	0851-1561	6505793.886	3375.747	2269	1613	77.943	2791.280	NaN
852	0852-1548	2847633.136	2358.112	14	1523	148.903	1891.575	NaN
853	0853-1527	195184.089	759.825	810	1538	62.354	352.564	NaN
854	0854-1520	50336.949	317.292	1858	1517	135.000	224.359	NaN
855	0855-1521	64718.935	365.441	502	1518	142.125	224.359	NaN
856	0856-1529	476660.092	961.538	696	1540	36.870	727.511	NaN
857	0857-1523	139710.717	570.657	2627	1529	38.157	352.564	NaN
858	0858-1545	1884040.105	2000.832	205	1519	125.218	1346.979	NaN
859	0859-1522	50336.949	317.292	2217	1519	135.000	224.359	NaN
860	0860-1525	72937.212	385.949	836	1521	138.366	256.410	NaN
861	0861-1542	937910.914	1386.750	750	1524	123.690	1003.415	NaN
862	0862-1558	3337647.929	2545.001	2342	1574	31.088	1953.765	NaN
863	0863-1529	50336.949	317.292	1922	1526	135.000	224.359	NaN
864	0864-1530	65746.220	362.619	2088	1526	135.000	256.410	NaN
865	0865-1535	182856.673	641.026	515	1544	53.130	416.667	NaN
866	0866-1530	50336.949	317.292	629	1527	135.000	224.359	NaN
867	0867-1556	1645710.059	1965.609	1454	1528	114.057	1311.144	NaN
868	0868-1532	72937.212	385.949	1949	1537	48.366	256.410	NaN
869	0869-1581	6574621.959	3773.077	2591	1530	118.960	2690.054	NaN
870	0870-1535	79100.920	407.946	2105	1540	45.000	288.462	NaN
871	0871-1559	1363206.772	1763.694	786	1584	70.907	1308.226	NaN
872	0872-1542	196211.374	756.437	2138	1533	126.384	440.656	NaN
873	0873-1542	203402.367	685.927	2161	1551	52.595	448.718	NaN
874	0874-1546	661571.335	1540.130	1279	1548	12.011	638.929	NaN
875	0875-1554	929692.636	1296.790	1182	1539	129.987	1083.324	NaN
876	0876-1575	3322238.659	3223.346	253	1539	138.225	1402.266	NaN
877	0877-1554	690335.306	1204.804	388	1557	28.610	988.466	NaN
878	0878-1547	146901.709	622.323	1873	1539	124.509	352.564	NaN
879	0879-1544	88346.483	410.457	434	1541	141.340	288.462	NaN
880	0880-1550	472550.953	1047.935	1222	1543	156.571	655.642	NaN
881	0881-1546	87319.198	453.274	720	1541	135.000	320.513	NaN
882	0882-1554	438650.559	907.114	667	1562	32.005	705.128	NaN
883	0883-1547	50336.949	317.292	1920	1544	135.000	224.359	NaN
884	0884-1623	23020422.419	7829.243	1406	1611	166.988	4992.219	NaN
885	0885-1568	1140285.996	1515.927	2176	1545	103.449	1288.584	NaN
886	0886-1551	118137.738	489.242	2413	1558	58.392	320.513	NaN
887	0887-1552	132519.724	489.242	892	1548	148.392	352.564	NaN
888	0888-1552	50336.949	317.292	706	1549	135.000	224.359	NaN
889	0889-1552	50336.949	317.292	1975	1549	135.000	224.359	NaN
890	0890-1553	50336.949	317.292	446	1550	135.000	224.359	NaN
891	0891-1553	50336.949	317.292	2092	1550	135.000	224.359	NaN
892	0892-1554	50336.949	317.292	369	1551	135.000	224.359	NaN
893	0893-1570	1132067.719	1396.347	841	1582	31.866	1185.897	NaN
894	0894-1559	266066.732	942.656	424	1556	162.181	414.956	NaN
895	0895-1561	173611.111	748.245	1423	1553	133.264	420.468	NaN
896	0896-1559	138683.432	577.813	453	1565	33.690	352.564	NaN
897	0897-1561	92455.621	435.945	2011	1558	143.973	288.462	NaN
898	0898-1622	13833415.516	6091.599	1214	1578	147.899	3550.558	NaN
899	0899-1565	146901.709	596.188	544	1570	36.254	384.615	NaN
900	0900-1581	1621055.227	2107.113	1364	1601	26.175	1277.074	NaN
901	0901-1625	11168639.053	4920.681	2405	1570	129.184	3640.574	NaN
902	0902-1590	2645258.054	2325.651	343	1573	150.255	1754.971	NaN
903	0903-1607	7085182.446	3715.323	668	1623	10.437	2916.667	NaN
904	0904-1640	12620192.308	5763.976	1118	1572	125.723	3284.637	NaN
905	0905-1571	173611.111	612.339	630	1578	42.879	448.718	NaN
906	0906-1568	118137.738	516.811	1338	1573	29.745	288.462	NaN
907	0907-1589	1034475.674	1665.742	56	1582	149.982	928.404	NaN
908	0908-1585	845455.293	1386.750	494	1571	146.310	929.487	NaN
909	0909-1610	3679733.728	2880.517	2210	1571	124.574	1870.204	NaN
910	0910-1582	211620.644	841.308	532	1574	139.635	411.796	NaN
911	0911-1598	2067924.063	2187.485	425	1615	10.981	1332.689	NaN
912	0912-1581	153065.417	636.200	1346	1588	40.914	416.667	NaN
913	0913-1581	63691.650	362.619	1977	1585	45.000	256.410	NaN
914	0914-1587	134574.293	560.668	624	1580	120.964	320.513	NaN
915	0915-1666	17043680.145	6322.638	194	1583	122.159	4047.237	NaN
916	0916-1586	63691.650	362.619	1906	1582	135.000	256.410	NaN
917	0917-1593	184911.243	659.976	2668	1584	119.055	384.615	NaN
918	0918-1617	1823430.309	1961.161	1667	1587	101.310	1506.410	NaN
919	0919-1595	63691.650	362.619	648	1591	135.000	256.410	NaN
920	0920-1635	6288009.533	3166.433	2291	1629	158.629	2721.117	NaN
921	0921-1599	117110.454	506.775	966	1606	55.305	320.513	NaN
922	0922-1617	1728920.118	2020.248	1000	1600	138.215	1355.725	NaN
923	0923-1650	9910215.319	4325.973	1800	1604	149.255	3281.559	NaN
924	0924-1600	88346.483	410.457	979	1605	51.340	288.462	NaN
925	0925-1629	3627342.209	3270.644	12	1609	155.695	1715.809	NaN
926	0926-1601	113001.315	480.769	1071	1605	36.870	320.513	NaN
927	0927-1616	1082758.054	1709.569	832	1604	149.589	1123.756	NaN
928	0928-1602	110946.746	506.775	1912	1607	34.695	288.462	NaN
929	0929-1602	72937.212	385.949	1932	1606	41.634	256.410	NaN
930	0930-1604	109919.461	525.680	1949	1609	37.569	315.343	NaN
931	0931-1635	1913831.361	2210.377	2521	1667	60.461	1351.441	NaN
932	0932-1612	50336.949	317.292	946	1609	135.000	224.359	NaN
933	0933-1615	50336.949	317.292	929	1612	135.000	224.359	NaN
934	0934-1646	2687376.726	2369.411	504	1616	120.033	1820.275	NaN
935	0935-1618	50336.949	317.292	974	1615	135.000	224.359	NaN
936	0936-1653	3179446.088	2524.738	765	1675	33.085	2084.122	NaN
937	0937-1621	72937.212	385.949	410	1617	138.366	256.410	NaN
938	0938-1667	4678254.438	3533.935	319	1623	128.741	2017.733	NaN
939	0939-1623	50336.949	317.292	2110	1620	135.000	224.359	NaN
940	0940-1633	622534.517	1449.413	449	1624	161.966	769.231	NaN
941	0941-1627	154092.702	622.323	635	1622	145.491	352.564	NaN
942	0942-1629	50336.949	317.292	1942	1626	135.000	224.359	NaN
943	0943-1722	21599687.705	6573.092	388	1634	135.790	5424.795	NaN
944	0944-1633	134574.293	480.769	1919	1628	143.130	384.615	NaN
945	0945-1631	89373.767	455.534	1957	1627	140.711	288.462	NaN
946	0946-1660	1396079.882	2277.672	1381	1632	129.289	950.101	NaN
947	0947-1692	7677925.707	3905.130	560	1751	73.796	2840.186	NaN
948	0948-1636	57527.942	340.710	944	1633	138.814	224.359	NaN
949	0949-1648	686226.167	1325.002	1068	1662	32.152	786.428	NaN
950	0950-1644	315376.397	884.174	2188	1634	136.469	543.928	NaN
951	0951-1639	71909.928	385.949	972	1643	41.634	256.410	NaN
952	0952-1639	87319.198	435.945	1978	1635	143.973	256.410	NaN
953	0953-1639	108892.176	506.775	2005	1635	145.305	288.462	NaN
954	0954-1648	98619.329	453.274	2127	1653	45.000	320.513	NaN
955	0955-1651	151010.848	596.188	636	1659	53.746	384.615	NaN
956	0956-1724	17253246.220	6056.335	1655	1664	132.641	4037.596	NaN
957	0957-1665	662598.619	1096.323	854	1682	74.745	957.553	NaN
958	0958-1729	10953936.555	5350.261	892	1654	114.416	3246.268	NaN
959	0959-1654	57527.942	340.710	1999	1651	138.814	224.359	NaN
960	0960-1655	50336.949	317.292	2175	1652	135.000	224.359	NaN
961	0961-1658	50336.949	317.292	2089	1655	135.000	224.359	NaN
962	0962-1712	11175830.046	4377.083	2186	1748	23.749	3566.646	NaN
963	0963-1699	5444608.810	3469.394	107	1657	136.872	2332.113	NaN
964	0964-1675	520833.333	1024.138	666	1690	69.864	710.292	NaN
965	0965-1703	2819896.450	2837.941	708	1661	108.435	1894.873	NaN
966	0966-1745	11938075.279	5755.414	1082	1670	121.566	2991.606	NaN
967	0967-1670	50336.949	317.292	2041	1667	135.000	224.359	NaN
968	0968-1672	77046.351	407.946	2107	1668	135.000	288.462	NaN
969	0969-1687	1134122.288	1596.784	54	1675	141.520	1170.444	NaN
970	0970-1673	114028.600	506.775	2161	1669	145.305	288.462	NaN
971	0971-1678	72937.212	385.949	2021	1674	131.634	256.410	NaN
972	0972-1719	6964990.138	4174.672	2366	1699	172.057	2797.144	NaN
973	0973-1679	71909.928	391.236	2044	1676	145.008	224.359	NaN
974	0974-1684	132519.724	543.928	828	1678	135.000	384.615	NaN
975	0975-1728	4730645.957	3483.135	1035	1678	116.801	2012.983	NaN
976	0976-1741	12016148.915	5909.964	1246	1680	139.399	3064.165	NaN
977	0977-1770	19545118.343	6851.632	1520	1720	157.153	4451.791	NaN
978	0978-1689	63691.650	362.619	818	1693	45.000	256.410	NaN
979	0979-1690	79100.920	410.457	1974	1695	51.340	256.410	NaN
980	0980-1693	185938.527	657.637	852	1686	136.975	440.258	NaN
981	0981-1716	3292447.403	2925.283	1437	1687	147.529	1591.274	NaN
982	0982-1713	1310815.253	2077.408	651	1688	128.108	1316.520	NaN
983	0983-1696	138683.432	657.637	1992	1689	133.025	346.507	NaN
984	0984-1698	156147.272	590.996	2123	1691	130.601	384.615	NaN
985	0985-1705	514669.625	1040.063	839	1692	123.690	843.072	NaN
986	0986-1707	175665.680	604.742	818	1699	122.005	409.440	NaN
987	0987-1737	3537968.442	3205.288	1379	1705	139.461	1814.707	NaN
988	0988-1743	4176939.513	3051.612	751	1706	126.027	2146.285	NaN
989	0989-1712	80128.205	410.457	2101	1717	51.340	256.410	NaN
990	0990-1716	196211.374	685.927	1921	1708	127.405	430.610	NaN
991	0991-1728	885519.395	2083.333	1822	1711	149.490	921.670	NaN
992	0992-1773	12031558.185	5912.137	12	1723	147.171	2712.282	NaN
993	0993-1716	64718.935	362.619	1962	1712	135.000	256.410	NaN
994	0994-1758	4541625.575	2916.843	2351	1714	102.051	2088.277	NaN
995	0995-1760	2978098.291	2505.951	335	1723	110.985	1762.821	NaN
996	0996-1734	402695.595	960.469	976	1742	25.710	695.534	NaN
997	0997-1728	81155.490	385.949	1904	1724	131.634	288.462	NaN
998	0998-1772	9642094.017	5283.409	170	1760	163.434	2982.366	NaN
999	0999-1735	311267.258	871.889	1214	1726	143.973	608.974	NaN
1000	1000-1731	79100.920	407.946	2487	1736	45.000	288.462	NaN
1001	1001-1733	71909.928	385.949	1832	1737	41.634	256.410	NaN
1002	1002-1815	11269312.952	6286.056	820	1739	124.824	2540.393	NaN
1003	1003-1739	64718.935	365.441	2014	1736	142.125	224.359	NaN
1004	1004-1740	79100.920	407.946	2131	1745	45.000	288.462	NaN
1005	1005-1793	11431623.932	5468.854	1878	1755	168.163	3456.543	NaN
1006	1006-1748	162310.980	589.256	2100	1755	45.000	416.667	NaN
1007	1007-1755	142792.571	551.431	975	1748	125.538	352.564	NaN
1008	1008-1754	64718.935	365.441	2118	1750	127.875	224.359	NaN
1009	1009-1756	91428.337	431.206	989	1761	48.013	288.462	NaN
1010	1010-1807	7360494.740	4087.638	1819	1751	118.575	2770.463	NaN
1011	1011-1806	4895011.506	3914.064	2278	1754	117.824	2126.852	NaN
1012	1012-1789	1774120.644	2268.407	656	1757	113.305	1282.051	NaN
1013	1013-1795	3183555.227	2589.022	700	1759	111.801	1987.179	NaN
1014	1014-1768	530078.895	1197.535	1472	1762	164.476	641.026	NaN
1015	1015-1816	7683062.130	4991.158	559	1769	137.603	2458.358	NaN
1016	1016-1764	109919.461	476.477	2153	1770	47.726	320.513	NaN
1017	1017-1823	7721071.663	4280.136	999	1762	112.917	2731.024	NaN
1018	1018-1769	50336.949	317.292	740	1766	135.000	224.359	NaN
1019	1019-1769	57527.942	340.710	2195	1766	138.814	224.359	NaN
1020	1020-1783	262984.878	820.913	2103	1793	51.340	479.774	NaN
1021	1021-1792	1773093.360	2139.528	2169	1786	8.616	1270.244	NaN
1022	1022-1832	9219880.013	4922.246	1386	1803	164.516	2738.420	NaN
1023	1023-1840	10844017.094	5138.211	1075	1788	139.554	3531.603	NaN
1024	1024-1784	57527.942	340.710	1481	1780	131.186	224.359	NaN
1025	1025-1824	1459771.532	2828.696	1194	1866	70.128	970.547	NaN
1026	1026-1791	164365.549	590.996	1281	1784	130.601	416.667	NaN
1027	1027-1793	407832.018	1148.939	1491	1785	149.859	608.974	NaN
1028	1028-1789	50336.949	317.292	903	1786	135.000	224.359	NaN
1029	1029-1869	13179035.174	5164.236	509	1793	105.848	3931.288	NaN
1030	1030-1821	3280119.987	2589.022	2234	1801	148.671	1852.556	NaN
1031	1031-1800	137656.147	573.351	1053	1792	116.565	288.462	NaN
1032	1032-1814	1864521.696	2071.217	1316	1798	158.199	1354.722	NaN
1033	1033-1859	12615055.884	5219.736	1236	1808	137.987	3689.112	NaN
1034	1034-1899	14662434.254	6933.827	769	1801	111.703	3464.497	NaN
1035	1035-1802	57527.942	340.710	1297	1798	131.186	224.359	NaN
1036	1036-1844	5414817.554	3382.891	2113	1822	170.181	2690.558	NaN
1037	1037-1806	86291.913	445.271	2054	1803	149.744	224.359	NaN
1038	1038-1855	8881903.353	4939.746	1961	1877	16.201	2830.999	NaN
1039	1039-1811	77046.351	410.457	2071	1815	38.660	256.410	NaN
1040	1040-1822	80128.205	410.457	1219	1827	51.340	256.410	NaN
1041	1041-1893	17632314.267	6914.317	252	1832	160.221	4411.416	NaN
1042	1042-1824	71909.928	385.949	941	1828	41.634	256.410	NaN
1043	1043-1841	574252.137	1216.261	181	1840	161.565	705.128	NaN
1044	1044-1885	4943293.886	3689.797	685	1836	122.586	1947.687	NaN
1045	1045-1840	78073.636	410.457	938	1835	128.660	256.410	NaN
1046	1046-1844	172583.826	573.351	1339	1846	26.565	384.615	NaN
1047	1047-1878	4984385.273	3411.467	1360	1857	153.194	2319.599	NaN
1048	1048-1848	328731.098	973.220	1560	1844	162.759	416.667	NaN
1049	1049-1869	1193704.799	1893.469	229	1846	123.959	917.361	NaN
1050	1050-1915	10936472.715	4569.865	120	1850	122.687	3335.763	NaN
1051	1051-1852	90401.052	431.206	166	1848	138.013	288.462	NaN
1052	1052-1862	359549.638	817.151	954	1851	115.560	576.923	NaN
1053	1053-1856	50336.949	317.292	1593	1853	135.000	224.359	NaN
1054	1054-1910	10597468.771	5054.356	1471	1903	164.554	3339.989	NaN
1055	1055-1923	5910996.055	4280.136	1922	1990	84.844	2082.189	NaN
1056	1056-1890	2141888.560	2098.074	1617	1859	108.712	1521.693	NaN
1057	1057-1872	185938.527	615.685	192	1865	128.660	416.667	NaN
1058	1058-1947	15065129.849	6036.712	2005	2025	55.382	4730.156	NaN
1059	1059-1910	3808144.313	3014.354	563	1945	54.958	1716.585	NaN
1060	1060-1871	50336.949	317.292	2308	1868	135.000	224.359	NaN
1061	1061-1891	546515.450	1247.120	213	1874	115.907	666.599	NaN
1062	1062-1904	1254314.596	1717.961	762	1887	143.344	1346.154	NaN
1063	1063-2036	21720907.298	10306.618	956	1891	117.203	3453.106	NaN
1064	1064-2045	46945882.643	15846.466	241	1909	144.799	6241.945	NaN
1065	1065-1919	1898422.091	1806.567	631	1939	25.201	1546.489	NaN
1066	1066-1905	96564.760	462.250	1870	1901	146.310	256.410	NaN
1067	1067-1975	10319074.622	4924.020	1146	1905	113.394	3334.101	NaN
1068	1068-1910	57527.942	340.710	1106	1906	131.186	224.359	NaN
1069	1069-1985	5804158.448	4838.470	887	2060	83.534	2051.282	NaN
1070	1070-1957	3051035.503	3244.945	1866	1910	110.225	1558.514	NaN
1071	1071-1931	759163.379	1348.060	1089	1918	161.996	960.700	NaN
1072	1072-1977	10889217.620	4602.122	1365	1938	165.480	3484.124	NaN
1073	1073-1925	64718.935	362.619	1352	1921	135.000	256.410	NaN
1074	1074-1929	163338.264	577.813	462	1922	123.690	384.615	NaN
1075	1075-1927	64718.935	362.619	798	1931	45.000	256.410	NaN
1076	1076-1993	9887615.056	4502.264	1242	1928	118.025	3470.300	NaN
1077	1077-1965	2734631.821	2705.250	1296	1933	126.327	1749.095	NaN
1078	1078-1935	71909.928	391.236	481	1930	124.992	224.359	NaN
1079	1079-1951	1238905.325	1967.959	757	1933	142.943	1051.144	NaN
1080	1080-1963	1660092.045	2286.674	925	1933	121.239	1084.499	NaN
1081	1081-1973	3397230.440	2671.624	57	1937	120.256	1970.780	NaN
1082	1082-1974	2378164.037	2540.355	219	1938	119.476	1551.678	NaN
1083	1083-2070	17729906.312	9090.876	625	1941	115.029	4098.814	NaN
1084	1084-1998	4339250.493	3598.461	495	1945	107.628	2017.499	NaN
1085	1085-1956	437623.274	861.220	717	1968	45.000	705.128	NaN
1086	1086-1988	2561020.710	2352.223	1083	2024	70.084	1492.414	NaN
1087	1087-2017	7025599.934	4610.262	564	1961	128.224	2371.034	NaN
1088	1088-1963	79100.920	407.946	737	1959	135.000	288.462	NaN
1089	1089-1971	63691.650	362.619	1519	1975	45.000	256.410	NaN
1090	1090-2059	11149120.644	5919.864	753	2151	82.221	2730.455	NaN
1091	1091-1989	429404.997	1165.363	1360	1974	121.504	608.130	NaN
1092	1092-2001	1790557.199	1908.330	121	1975	119.148	1346.154	NaN
1093	1093-2013	3282174.556	2347.633	178	2049	75.774	1953.383	NaN
1094	1094-1998	107864.892	462.250	1959	2004	56.310	288.462	NaN
1095	1095-2019	823882.314	1369.231	1350	1999	106.314	948.376	NaN
1096	1096-2044	4197485.207	2991.949	945	2011	134.132	2145.448	NaN
1097	1097-2011	64718.935	362.619	1107	2007	135.000	256.410	NaN
1098	1098-2080	14900764.300	5842.308	174	2077	163.752	3640.852	NaN
1099	1099-2072	3076717.620	3801.287	819	2130	75.847	1658.601	NaN
1100	1100-2034	856755.424	1297.978	1376	2053	69.775	855.702	NaN
1101	1101-2066	2510683.761	2563.502	117	2036	132.466	1443.096	NaN
1102	1102-2036	71909.928	391.236	1094	2033	145.008	224.359	NaN
1103	1103-2039	160256.410	631.337	1072	2036	156.038	288.462	NaN
1104	1104-2043	94510.191	453.274	725	2038	135.000	320.513	NaN
1105	1105-2054	757108.810	1166.684	1116	2039	127.185	924.736	NaN
1106	1106-2043	50336.949	317.292	1403	2040	135.000	224.359	NaN
1107	1107-2096	6727687.377	4603.461	540	2052	136.975	2475.090	NaN
1108	1108-2050	64718.935	362.619	1069	2054	45.000	256.410	NaN
1109	1109-2073	966674.885	1541.130	912	2096	73.072	929.487	NaN
1110	1110-2083	2355563.774	2166.724	1243	2117	82.349	1628.543	NaN
1111	1111-2114	9167488.494	4272.329	1130	2173	62.281	3214.823	NaN
1112	1112-2066	142792.571	616.519	504	2075	62.103	288.462	NaN
1113	1113-2067	164365.549	666.944	1385	2060	144.782	458.681	NaN
1114	1114-2075	785872.781	1220.476	357	2070	156.801	929.487	NaN
1115	1115-2081	50336.949	317.292	645	2078	135.000	224.359	NaN
1116	1116-2139	2703813.281	3572.532	1010	2084	99.293	1101.206	NaN
1117	1117-2099	372904.339	903.141	932	2106	27.474	608.974	NaN
1118	1118-2105	93482.906	455.534	880	2110	39.289	288.462	NaN
1119	1119-2105	57527.942	340.710	966	2102	138.814	224.359	NaN
1120	1120-2151	9492110.454	4628.831	828	2186	175.632	3012.821	NaN
1121	1121-2118	92455.621	453.274	719	2123	45.000	320.513	NaN
1122	1122-2126	226002.630	648.989	36	2120	147.095	512.821	NaN
1123	1123-2157	1693992.439	2332.708	979	2122	102.700	1208.087	NaN
1124	1124-2127	50336.949	317.292	77	2124	135.000	224.359	NaN
1125	1125-2128	50336.949	317.292	845	2125	135.000	224.359	NaN
1126	1126-2147	553706.443	1384.155	814	2164	42.184	890.211	NaN
1127	1127-2143	103755.753	521.757	266	2138	137.490	330.368	NaN
1128	1128-2163	1812130.178	2422.577	332	2144	154.113	1231.971	NaN
1129	1129-2173	3942718.606	3511.335	178	2198	5.763	1666.667	NaN
1130	1130-2164	319485.536	801.282	750	2174	53.130	641.026	NaN
1131	1131-2173	576306.706	1220.476	790	2192	76.329	632.100	NaN
1132	1132-2178	624589.086	1380.811	654	2158	111.801	608.974	NaN
1133	1133-2164	84237.344	431.206	287	2160	138.013	288.462	NaN
1134	1134-2168	71909.928	385.949	429	2164	138.366	256.410	NaN
1135	1135-2181	331812.952	1076.942	314	2171	143.471	584.358	NaN
1136	1136-2187	1536817.883	3833.446	346	2198	5.758	705.128	NaN
1137	1137-2182	57527.942	340.710	296	2179	138.814	224.359	NaN
1138	1138-2187	72937.212	385.949	307	2183	131.634	256.410	NaN
1139	1139-2189	115055.884	559.752	809	2186	156.371	224.359	NaN
1140	1140-2193	116083.169	489.242	61	2198	31.608	288.462	NaN
1141	1141-2192	50336.949	317.292	758	2189	135.000	224.359	NaN
1142	1142-2194	73964.497	385.949	1052	2190	138.366	256.410	NaN
