 	Label	Area	Feret	FeretX	FeretY	FeretAngle	MinFeret	Central Nuclei	Total Myonuclei	Perinuclei
1	0001-0006	437.738	30.525	258	1	124.992	17.505	1	1	0
2	0002-0008	1188.145	47.775	271	15	42.879	37.510	2	2	0
3	0003-0013	1882.272	59.282	423	24	62.354	45.012	2	2	0
4	0004-0009	350.190	26.583	228	5	131.186	17.505	0	1	1
5	0005-0012	1081.837	43.744	377	20	59.036	32.509	2	2	0
6	0006-0010	637.846	35.541	497	6	140.711	25.007	1	1	0
7	0007-0019	2476.344	72.907	337	33	67.834	45.012	1	1	0
8	0008-0016	1825.991	57.570	447	26	55.620	45.012	2	2	0
9	0009-0017	2032.353	60.483	404	28	60.255	45.012	2	2	0
10	0010-0014	869.222	44.242	287	20	42.709	30.008	1	1	0
11	0011-0014	544.045	33.643	81	9	131.987	22.506	0	0	0
12	0012-0016	781.674	41.620	364	23	57.265	25.007	0	1	1
13	0013-0014	587.819	36.065	98	10	146.310	20.005	0	0	0
14	0014-0013	306.416	24.755	315	10	135.000	17.505	0	1	1
15	0015-0022	1069.331	55.917	462	32	63.435	26.686	0	0	0
16	0016-0019	1044.317	52.036	130	25	35.218	29.880	0	0	0
17	0017-0023	1419.521	51.553	486	14	112.834	35.010	0	0	0
18	0018-0024	437.738	28.512	11	21	142.125	20.005	0	0	0
19	0019-0023	306.416	24.755	277	20	135.000	17.505	0	0	0
20	0020-0037	3689.503	94.266	380	55	68.199	57.157	3	3	0
21	0021-0030	1757.204	59.018	96	35	36.384	45.012	1	1	0
22	0022-0028	544.045	35.541	253	23	129.289	22.506	0	0	0
23	0023-0030	350.190	26.583	70	26	131.186	17.505	1	1	0
24	0024-0035	787.928	39.539	116	29	124.695	27.507	0	0	0
25	0025-0038	1688.417	56.196	428	29	122.276	45.012	2	2	0
26	0026-0037	825.448	48.036	136	43	38.660	28.791	0	0	0
27	0027-0034	306.416	24.755	205	31	135.000	17.505	0	0	0
28	0028-0036	687.873	36.065	447	41	33.690	25.007	1	1	0
29	0029-0039	869.222	43.744	394	47	59.036	27.507	0	1	1
30	0030-0037	525.285	33.643	411	42	48.013	22.506	1	1	0
31	0031-0041	994.290	46.515	473	34	126.254	32.432	0	0	0
32	0032-0038	437.738	30.525	220	35	145.008	17.505	0	0	0
33	0033-0042	481.511	32.605	324	37	122.471	17.505	0	1	1
34	0034-0040	306.416	24.755	486	37	135.000	17.505	0	0	0
35	0035-0043	781.674	39.062	258	48	39.806	27.507	1	1	0
36	0036-0050	2076.127	69.481	353	62	59.744	42.512	2	2	0
37	0037-0045	550.299	32.024	94	40	128.660	22.506	0	0	0
38	0038-0048	1181.892	50.635	417	57	57.095	32.509	2	2	0
39	0039-0046	306.416	24.755	83	43	135.000	17.505	1	1	0
40	0040-0050	1457.041	55.072	289	58	39.472	36.905	0	0	0
41	0041-0047	350.190	26.583	1	44	138.814	17.505	0	0	0
42	0042-0050	988.036	50.014	441	56	36.870	30.008	1	1	0
43	0043-0052	587.819	33.643	237	56	41.987	25.007	1	1	0
44	0044-0054	1106.851	46.110	493	59	40.601	35.010	2	2	0
45	0045-0056	925.502	44.734	274	48	116.565	27.507	0	0	0
46	0046-0055	1319.466	60.483	390	61	29.745	32.297	1	1	0
47	0047-0061	1857.258	67.333	462	49	111.801	37.510	1	1	0
48	0048-0064	2013.593	68.301	30	52	113.749	44.641	2	3	1
49	0049-0063	1669.656	58.593	44	54	129.806	40.011	1	1	0
50	0050-0072	5252.852	98.038	299	81	37.747	76.717	3	3	0
51	0051-0066	1250.679	52.036	334	75	54.782	32.509	1	1	0
52	0052-0069	1038.064	52.752	478	78	58.570	27.507	1	1	0
53	0053-0066	694.127	40.708	100	61	137.490	26.524	1	1	0
54	0054-0069	1150.625	54.844	418	77	46.848	31.307	1	1	0
55	0055-0073	1219.412	48.036	391	78	38.660	37.510	2	3	1
56	0056-0075	812.941	43.023	354	82	54.462	27.507	1	1	0
57	0057-0075	925.502	42.585	279	81	40.236	30.008	0	1	1
58	0058-0082	1800.978	53.692	437	73	117.759	45.012	0	1	1
59	0059-0082	1663.403	61.049	85	90	34.992	40.931	2	2	0
60	0060-0080	675.367	37.510	150	75	126.870	22.506	1	1	0
61	0061-0080	594.073	36.065	162	84	33.690	20.005	1	1	0
62	0062-0082	581.566	34.013	59	88	53.973	22.506	0	0	0
63	0063-0083	750.407	38.171	368	77	121.608	25.007	1	1	0
64	0064-0086	1088.091	46.515	134	81	143.746	35.010	0	0	0
65	0065-0085	437.738	30.112	245	90	48.366	20.005	0	0	0
66	0066-0086	437.738	30.112	30	82	131.634	20.005	0	0	0
67	0067-0091	1169.385	50.014	15	99	53.130	32.509	1	1	0
68	0068-0086	306.416	24.755	484	83	135.000	17.505	0	0	0
69	0069-0093	1369.494	58.379	398	101	43.264	35.750	0	1	1
70	0070-0090	469.005	31.828	99	95	45.000	22.506	0	0	0
71	0071-0094	1019.303	52.036	452	103	54.782	28.468	2	2	0
72	0072-0097	2269.982	74.602	336	108	39.560	47.988	1	1	0
73	0073-0093	525.285	34.013	495	99	53.973	20.005	0	1	1
74	0074-0093	606.579	35.541	113	89	140.711	22.506	0	0	0
75	0075-0096	587.819	32.605	48	91	122.471	22.506	1	1	0
76	0076-0103	1569.602	68.301	464	116	66.251	30.767	1	1	0
77	0077-0095	306.416	24.755	76	92	135.000	17.505	0	1	1
78	0078-0099	569.059	36.065	420	93	123.690	20.005	1	1	0
79	0079-0101	869.222	39.539	316	107	34.695	30.008	1	1	0
80	0080-0104	1013.050	48.036	433	97	128.660	30.008	2	3	1
81	0081-0101	306.416	24.755	140	98	135.000	17.505	0	0	0
82	0082-0103	306.416	24.755	232	100	135.000	17.505	1	1	0
83	0083-0112	1394.507	54.844	385	122	65.772	32.509	2	2	0
84	0084-0114	2013.593	67.333	19	126	58.671	47.513	1	1	0
85	0085-0107	487.765	31.828	35	103	135.000	22.506	1	1	0
86	0086-0115	881.729	44.734	346	112	153.435	25.007	3	3	0
87	0087-0118	994.290	48.102	410	127	62.103	27.507	0	0	0
88	0088-0116	512.778	33.643	51	121	48.013	22.506	0	0	0
89	0089-0116	306.416	24.755	369	113	135.000	17.505	0	0	0
90	0090-0118	625.339	36.065	284	122	33.690	22.506	2	2	0
91	0091-0127	1869.765	69.661	307	140	68.962	35.010	1	1	0
92	0092-0130	3120.444	78.523	443	119	142.765	62.517	4	4	0
93	0093-0129	2294.996	69.481	477	117	120.256	45.951	2	3	1
94	0094-0124	706.634	37.510	156	130	53.130	25.007	1	1	0
95	0095-0126	1131.864	50.635	426	135	57.095	32.509	1	1	0
96	0096-0125	350.190	26.583	171	121	131.186	17.505	1	1	0
97	0097-0137	2169.928	68.984	75	147	43.531	46.865	2	2	0
98	0098-0130	306.416	24.755	295	127	135.000	17.505	0	0	0
99	0099-0133	850.462	42.438	374	140	45.000	30.008	1	1	0
100	0100-0132	306.416	24.755	254	129	135.000	17.505	0	0	0
101	0101-0136	481.511	32.024	32	141	51.340	20.005	1	1	0
102	0102-0142	944.263	48.102	408	134	117.897	22.506	1	1	0
103	0103-0139	531.539	30.525	322	136	145.008	22.506	0	0	0
104	0104-0145	306.416	24.755	152	142	135.000	17.505	1	1	0
105	0105-0149	1000.543	47.775	421	155	42.879	31.828	0	0	0
106	0106-0164	3864.598	108.340	376	144	108.853	47.425	2	3	1
107	0107-0151	1825.991	61.509	464	158	26.565	37.510	1	2	1
108	0108-0152	719.140	35.541	44	147	129.289	27.507	1	2	1
109	0109-0155	1125.611	53.165	347	162	41.186	34.795	0	1	1
110	0110-0156	644.100	37.175	450	151	132.274	25.007	1	1	0
111	0111-0164	1281.946	54.844	334	154	114.228	30.008	0	0	0
112	0112-0162	1513.322	52.036	393	154	144.782	40.011	1	1	0
113	0113-0163	762.914	45.906	6	171	60.642	22.506	1	1	0
114	0114-0160	387.710	28.292	491	164	45.000	20.005	1	1	0
115	0115-0162	481.511	31.828	28	158	135.000	22.506	0	0	0
116	0116-0169	981.783	51.492	223	178	60.945	25.007	1	1	0
117	0117-0179	4971.449	102.161	425	160	111.541	65.018	3	3	0
118	0118-0167	862.969	44.242	208	174	47.291	30.008	1	1	0
119	0119-0174	2670.200	71.083	292	167	140.711	49.894	2	2	0
120	0120-0173	1700.923	61.049	466	164	124.992	38.516	1	2	1
121	0121-0171	350.190	26.583	45	167	131.186	17.505	0	1	1
122	0122-0173	487.765	32.024	61	178	51.340	20.005	1	1	0
123	0123-0174	850.462	43.023	273	180	35.538	27.507	1	1	0
124	0124-0180	1669.656	58.164	413	170	115.463	35.010	0	0	0
125	0125-0178	869.222	42.585	234	172	130.236	30.008	2	2	0
126	0126-0178	500.272	31.828	364	183	45.000	22.506	1	1	0
127	0127-0182	887.982	43.744	31	175	120.964	27.507	1	1	0
128	0128-0185	1200.652	56.196	485	196	69.146	27.507	2	2	0
129	0129-0184	950.516	48.554	92	176	124.509	27.507	0	1	1
130	0130-0181	481.511	32.024	453	176	128.660	20.005	1	1	0
131	0131-0189	2182.435	70.064	327	178	124.824	42.512	2	2	0
132	0132-0185	437.738	30.525	318	180	124.992	17.505	0	0	0
133	0133-0192	687.873	40.322	57	199	60.255	20.005	1	1	0
134	0134-0188	306.416	24.755	286	185	135.000	17.505	1	1	0
135	0135-0193	393.964	28.292	139	197	45.000	20.005	0	0	0
136	0136-0193	594.073	34.013	227	197	36.027	22.506	0	0	0
137	0137-0196	981.783	46.110	393	203	49.399	30.008	1	1	0
138	0138-0201	1306.960	52.574	383	192	115.346	32.509	1	1	0
139	0139-0196	487.765	30.112	468	200	41.634	22.506	0	1	1
140	0140-0201	981.783	49.321	499	193	120.466	27.507	1	1	0
141	0141-0202	938.009	45.906	33	194	119.358	27.507	1	1	0
142	0142-0209	3601.956	84.618	450	195	124.160	61.889	3	3	0
143	0143-0202	443.991	30.112	108	207	48.366	20.005	1	1	0
144	0144-0208	963.023	42.585	175	201	130.236	30.008	1	1	0
145	0145-0211	1532.082	56.694	284	203	138.576	39.539	1	2	1
146	0146-0207	350.190	26.583	46	203	131.186	17.505	0	0	0
147	0147-0208	800.435	38.171	362	206	148.392	27.507	1	1	0
148	0148-0207	306.416	24.755	253	204	135.000	17.505	0	0	0
149	0149-0212	875.475	46.110	8	219	49.399	30.008	0	0	0
150	0150-0212	1863.512	61.509	325	217	26.565	37.510	1	1	0
151	0151-0212	787.928	43.744	419	205	120.964	22.506	0	0	0
152	0152-0214	1031.810	48.036	267	207	128.660	32.368	0	2	2
153	0153-0213	687.873	37.175	397	208	132.274	25.007	0	0	0
154	0154-0213	587.819	36.065	430	207	123.690	20.005	0	0	0
155	0155-0224	1450.788	57.079	475	234	61.189	35.010	1	1	0
156	0156-0221	700.380	41.014	348	228	52.431	25.007	0	0	0
157	0158-0221	631.593	35.365	49	216	135.000	25.007	1	1	0
158	0159-0222	400.217	28.292	85	218	135.000	20.005	1	1	0
159	0160-0228	637.846	34.013	317	223	126.027	25.007	0	0	0
160	0161-0232	1432.027	50.635	400	224	122.905	40.011	0	0	0
161	0162-0234	1131.864	49.321	428	243	59.534	30.008	1	2	1
162	0163-0231	656.606	37.510	451	226	143.130	25.007	1	1	0
163	0164-0231	350.190	26.583	28	227	131.186	17.505	0	0	0
164	0165-0234	1163.131	51.310	338	227	133.025	33.597	1	1	0
165	0166-0233	687.873	35.541	9	238	39.289	27.507	1	1	0
166	0167-0236	819.195	43.023	269	229	125.538	27.507	2	2	0
167	0168-0234	475.258	31.828	38	239	45.000	22.506	2	2	0
168	0169-0242	631.593	36.922	51	236	118.301	20.005	1	1	0
169	0170-0245	988.036	47.775	18	252	42.879	32.267	1	1	0
170	0171-0251	2307.503	70.597	469	238	112.932	42.512	3	3	0
171	0172-0256	2388.797	89.362	438	239	107.928	37.510	0	0	0
172	0173-0247	756.661	43.023	451	240	125.538	25.007	2	2	0
173	0174-0250	856.715	41.620	72	257	57.265	27.507	1	1	0
174	0175-0253	1356.987	55.524	38	244	125.838	42.512	1	2	1
175	0176-0256	2257.476	70.774	190	268	57.995	44.241	0	1	1
176	0177-0252	1394.507	50.014	411	260	53.130	40.011	1	1	0
177	0178-0251	650.353	39.062	168	245	129.806	25.007	0	0	0
178	0179-0250	393.964	28.292	249	254	45.000	20.005	1	1	0
179	0180-0254	994.290	44.523	345	247	128.157	32.509	1	1	0
180	0181-0252	306.416	24.755	333	249	135.000	17.505	1	1	0
181	0182-0256	794.181	43.023	488	249	125.538	25.007	0	0	0
182	0183-0255	756.661	40.708	149	250	137.490	27.507	1	1	0
183	0184-0259	1088.091	54.098	394	250	123.690	29.719	1	1	0
184	0185-0256	519.032	33.643	207	261	48.013	22.506	1	1	0
185	0186-0257	350.190	26.583	365	253	131.186	17.505	1	1	0
186	0187-0266	1938.552	79.078	377	253	124.695	35.662	2	2	0
187	0188-0257	306.416	24.755	99	254	135.000	17.505	0	0	0
188	0189-0264	1150.625	50.635	115	255	122.905	30.008	1	1	0
189	0190-0259	306.416	24.755	22	256	135.000	17.505	0	1	1
190	0191-0267	656.606	40.322	89	260	119.745	20.005	1	2	1
191	0192-0267	731.647	40.708	323	261	132.510	27.507	0	1	1
192	0193-0273	1863.512	66.586	74	262	124.287	38.058	1	1	0
193	0194-0268	737.901	37.510	457	262	126.870	27.507	1	1	0
194	0195-0269	631.593	37.510	415	265	143.130	22.506	0	0	0
195	0196-0274	931.756	45.906	62	282	60.642	25.007	0	0	0
196	0197-0277	2363.783	71.521	338	266	126.469	50.014	2	3	1
197	0198-0270	481.511	32.605	155	267	147.529	17.505	1	1	0
198	0199-0277	706.634	41.014	48	284	52.431	25.007	0	0	0
199	0200-0277	687.873	39.062	263	282	39.806	25.007	1	1	0
200	0201-0279	1069.331	43.023	471	286	54.462	32.509	1	1	0
201	0202-0292	3583.195	115.140	283	273	124.380	54.248	4	4	0
202	0203-0282	1469.548	52.752	363	273	121.430	37.510	0	0	0
203	0204-0290	4883.901	104.730	408	273	123.311	65.475	3	3	0
204	0205-0282	687.873	36.065	453	276	123.690	25.007	0	1	1
205	0206-0287	1775.964	78.523	1	296	37.235	35.482	0	1	1
206	0207-0287	1532.082	57.079	435	277	118.811	35.010	1	1	0
207	0208-0284	575.312	35.541	223	279	129.289	22.506	0	0	0
208	0209-0291	1382.000	62.116	24	300	49.899	32.165	0	0	0
209	0210-0286	487.765	30.112	310	282	131.634	22.506	0	0	0
210	0211-0290	656.606	39.062	257	284	129.806	25.007	1	2	1
211	0212-0297	2282.489	75.020	381	309	53.130	51.121	1	1	0
212	0213-0292	562.806	35.365	129	297	45.000	25.007	1	2	1
213	0214-0293	606.579	38.171	326	287	121.608	20.005	0	0	0
214	0215-0297	1038.064	44.523	65	304	51.843	32.509	1	1	0
215	0216-0296	687.873	39.539	81	290	124.695	22.506	1	1	0
216	0217-0298	762.914	41.014	39	292	127.569	25.007	0	0	0
217	0218-0297	631.593	37.510	219	293	143.130	22.506	1	1	0
218	0219-0307	2982.869	78.523	331	318	37.235	59.824	1	1	0
219	0220-0304	825.448	39.539	113	298	124.695	30.008	1	1	0
220	0221-0314	2294.996	94.531	476	299	127.476	37.975	1	1	0
221	0222-0308	1113.104	48.102	463	300	117.897	27.507	1	1	0
222	0223-0306	531.539	33.643	139	301	131.987	22.506	1	1	0
223	0224-0321	3126.697	110.285	268	303	122.969	42.702	1	1	0
224	0225-0306	306.416	24.755	400	303	135.000	17.505	0	1	1
225	0226-0309	631.593	34.741	95	306	149.744	22.506	0	0	0
226	0227-0320	2219.955	78.324	230	335	73.301	36.377	2	3	1
227	0228-0310	494.018	30.112	22	306	131.634	22.506	0	1	1
228	0229-0317	1976.073	60.224	70	326	48.366	47.513	1	1	0
229	0230-0318	2213.702	72.692	360	308	139.185	46.458	2	4	2
230	0231-0313	494.018	31.828	39	318	45.000	22.506	0	0	0
231	0232-0318	994.290	50.014	249	310	126.870	30.195	0	0	0
232	0233-0321	2001.086	60.535	417	315	141.710	47.513	1	2	1
233	0234-0319	1231.919	46.515	444	325	36.254	37.510	1	2	1
234	0235-0323	1582.109	58.593	386	315	129.806	40.011	1	1	0
235	0237-0323	931.756	41.014	125	330	52.431	32.509	1	1	0
236	0238-0326	1163.131	51.553	104	334	50.906	35.010	1	2	1
237	0239-0330	2219.955	67.565	206	319	128.991	50.014	0	0	0
238	0240-0328	869.222	41.620	23	321	122.735	27.507	0	1	1
239	0241-0324	306.416	24.755	60	321	135.000	17.505	0	0	0
240	0242-0326	537.792	32.024	88	321	128.660	22.506	1	1	0
241	0243-0328	662.860	40.322	468	335	60.255	20.005	0	0	0
242	0244-0334	1256.932	58.379	348	326	136.736	33.985	2	2	0
243	0245-0338	1863.512	65.210	135	349	57.529	40.011	2	2	0
244	0246-0345	3476.888	88.412	4	330	118.740	52.514	2	2	0
245	0247-0336	769.168	39.539	34	331	145.305	25.007	0	0	0
246	0248-0342	1188.145	44.734	478	334	116.565	35.010	1	2	1
247	0249-0339	606.579	35.541	430	335	140.711	22.506	0	1	1
248	0250-0345	1700.923	53.165	313	340	138.814	45.012	2	2	0
249	0251-0350	3426.860	79.473	376	336	114.146	60.016	4	4	0
250	0252-0350	3195.485	76.219	86	339	131.009	60.016	5	5	0
251	0253-0350	1550.842	60.483	416	340	119.745	37.510	2	2	0
252	0254-0351	1163.131	57.134	122	341	113.199	22.506	0	0	0
253	0255-0347	531.539	32.605	451	342	122.471	20.005	0	2	2
254	0256-0355	1544.589	76.055	462	342	117.408	32.629	2	2	0
255	0257-0349	606.579	34.013	27	344	126.027	22.506	0	1	1
256	0258-0347	350.190	26.583	113	344	138.814	17.505	0	0	0
257	0259-0349	837.955	44.523	283	355	38.157	27.507	0	0	0
258	0260-0362	4002.173	93.433	342	380	74.476	67.100	2	3	1
259	0261-0355	1125.611	57.134	219	366	66.801	25.007	1	1	0
260	0262-0354	1131.864	48.102	198	363	62.103	30.008	0	0	0
261	0263-0355	812.941	46.983	209	347	115.201	20.005	0	0	0
262	0264-0357	1825.991	67.565	434	347	128.991	40.670	1	1	0
263	0265-0352	637.846	36.065	240	357	33.690	22.506	0	0	0
264	0267-0365	3401.847	88.093	32	378	34.592	57.025	1	1	0
265	0268-0365	2632.679	72.907	139	378	59.036	52.514	2	2	0
266	0269-0362	1056.824	48.102	300	371	62.103	27.507	1	1	0
267	0270-0365	906.742	43.744	112	358	120.964	27.507	0	0	0
268	0271-0366	481.511	32.024	72	361	128.660	20.005	0	0	0
269	0273-0368	706.634	38.171	9	375	58.392	22.506	0	0	0
270	0274-0379	3745.784	85.463	169	363	110.556	57.516	3	3	0
271	0275-0376	2770.254	72.907	83	364	120.964	57.516	3	3	0
272	0276-0383	3007.883	98.927	185	364	106.144	37.510	1	3	2
273	0277-0376	3426.860	80.528	357	369	143.842	57.035	0	1	1
274	0278-0373	1269.439	54.844	419	365	133.152	33.597	2	2	0
275	0279-0377	2413.810	68.666	487	388	56.889	46.518	2	3	1
276	0280-0376	1607.123	59.018	389	386	53.616	37.510	2	2	0
277	0281-0374	612.833	36.065	318	368	123.690	22.506	1	1	0
278	0282-0379	737.901	37.510	225	373	126.870	27.507	0	0	0
279	0283-0384	1050.570	61.049	307	374	124.992	28.643	1	1	0
280	0284-0390	3032.897	109.688	407	374	133.152	40.590	2	2	0
281	0285-0383	1106.851	49.321	55	392	59.534	30.008	0	0	0
282	0286-0389	2351.277	69.481	114	377	120.256	47.513	0	1	1
283	0287-0394	4233.548	85.536	456	406	52.125	62.517	3	3	0
284	0288-0393	1844.752	70.597	440	380	112.932	35.010	1	1	0
285	0289-0397	4783.847	99.589	17	384	151.504	77.521	3	3	0
286	0290-0398	2814.028	92.829	144	382	117.255	45.327	3	3	0
287	0291-0396	2388.797	65.640	71	409	72.255	47.513	1	1	0
288	0292-0387	306.416	24.755	202	384	135.000	17.505	1	1	0
289	0293-0399	1769.711	63.114	331	410	56.310	39.962	2	2	0
290	0294-0400	2332.516	64.049	352	390	128.660	50.014	1	1	0
291	0295-0399	1200.652	49.637	394	391	139.086	37.510	0	1	1
292	0296-0407	3164.218	90.923	374	392	121.504	50.097	1	1	0
293	0297-0407	3114.191	90.613	94	393	129.401	45.953	1	1	0
294	0298-0409	3026.643	94.365	233	393	122.005	48.776	2	3	1
295	0299-0399	719.140	40.708	300	393	132.510	27.507	1	1	0
296	0300-0407	1106.851	54.844	167	397	114.228	25.007	1	1	0
297	0301-0408	675.367	36.065	202	402	123.690	25.007	0	0	0
298	0302-0419	3489.394	97.655	126	409	140.194	50.407	0	1	1
299	0303-0411	487.765	32.024	412	416	51.340	20.005	0	0	0
300	0304-0421	2301.249	68.301	42	434	66.251	42.512	0	0	0
301	0305-0416	1175.638	51.310	292	409	133.025	35.010	1	2	1
302	0306-0421	1663.403	61.509	182	410	116.565	35.010	1	1	0
303	0308-0428	4564.978	93.366	84	411	110.376	67.018	2	2	0
304	0309-0415	437.738	30.112	221	419	41.634	20.005	0	0	0
305	0310-0417	750.407	39.062	456	411	129.806	27.507	1	1	0
306	0312-0420	1038.064	51.310	320	413	136.975	31.313	2	2	0
307	0313-0427	4427.404	105.058	340	416	141.766	65.982	3	4	1
308	0314-0420	537.792	32.024	471	425	38.660	22.506	1	2	1
309	0315-0426	1331.973	51.553	258	420	140.906	35.010	1	2	1
310	0316-0432	2194.942	72.692	281	419	116.565	41.699	2	2	0
311	0317-0432	3064.164	69.481	402	421	120.256	62.059	2	2	0
312	0318-0431	1382.000	64.535	200	421	125.538	37.167	0	1	1
313	0319-0430	1400.760	54.098	222	421	123.690	35.010	0	0	0
314	0320-0431	1294.453	52.036	16	437	35.218	35.010	1	1	0
315	0322-0449	5159.051	117.559	373	471	66.161	78.638	2	2	0
316	0323-0445	2701.467	83.875	240	430	116.565	42.512	2	2	0
317	0324-0451	5146.544	141.857	456	430	130.711	58.581	4	4	0
318	0325-0438	393.964	28.292	338	434	135.000	20.005	0	0	0
319	0326-0446	1775.964	74.602	484	435	129.560	35.365	1	1	0
320	0327-0447	1638.389	57.079	180	437	118.811	37.510	0	0	0
321	0328-0445	1213.159	48.036	259	454	51.340	32.509	1	1	0
322	0329-0454	2570.145	88.695	44	471	68.499	42.512	1	2	1
323	0330-0454	1594.616	63.755	96	463	48.180	39.074	2	2	0
324	0331-0450	531.539	32.024	326	445	128.660	22.506	0	0	0
325	0332-0450	350.190	26.583	226	446	131.186	17.505	0	1	1
326	0333-0457	1382.000	50.635	297	451	147.095	38.901	1	2	1
327	0334-0463	3551.928	79.787	412	476	57.804	60.016	2	3	1
328	0335-0457	1119.358	51.553	209	464	39.094	35.010	0	0	0
329	0336-0464	2219.955	61.762	268	459	148.241	50.014	0	0	0
330	0337-0466	1069.331	53.165	355	458	131.186	33.399	1	1	0
331	0338-0465	306.416	24.755	197	462	135.000	17.505	1	1	0
332	0339-0480	5896.951	98.038	454	466	142.253	82.522	5	5	0
333	0340-0471	1219.412	52.036	231	463	125.218	32.509	1	1	0
334	0341-0477	1594.616	59.282	254	467	117.646	37.510	1	1	0
335	0342-0476	1694.670	53.692	389	486	62.241	42.512	2	2	0
336	0343-0475	819.195	41.014	216	469	127.569	27.507	0	0	0
337	0344-0484	3414.354	90.613	312	470	129.401	59.369	1	2	1
338	0346-0493	2219.955	68.984	396	503	43.531	47.513	1	1	0
339	0347-0499	1744.697	62.667	219	494	151.390	35.010	1	2	1
